0,25,22,21,11,7,28,12,13,8,3,16,4,23,5,9,17,6,19,15,18,30,2,1,27,29,14,26,24,20,10
0,14,1,6,17,27,22,18,11,30,4,28,13,2,19,15,25,21,23,24,9,7,8,5,20,12,10,16,29,3,26
0,24,14,22,9,13,10,18,16,8,12,1,21,11,6,30,20,23,15,27,19,25,17,26,2,4,29,28,7,5,3
0,16,4,6,27,12,23,5,17,19,11,30,25,26,2,14,22,24,1,15,3,21,10,29,20,28,13,7,9,8,18
0,9,18,1,23,10,13,2,24,17,20,28,5,11,12,15,29,16,25,27,14,21,8,7,6,4,19,26,30,3,22
0,11,29,1,5,9,12,18,7,8,27,21,10,2,22,24,30,19,23,16,28,14,6,26,3,25,15,17,13,20,4
0,13,3,7,11,14,26,10,6,22,4,29,17,12,19,18,21,23,20,5,28,30,25,27,15,8,16,9,2,1,24
0,24,19,2,15,1,8,29,13,12,25,7,22,16,3,5,23,30,20,26,4,28,6,21,17,9,18,14,27,11,10
0,30,23,1,22,25,17,15,6,11,14,2,24,29,10,13,28,8,3,16,19,7,26,4,9,27,21,18,20,5,12
0,28,14,12,25,18,7,1,2,6,19,26,4,17,3,8,10,24,9,27,11,13,5,22,15,23,29,20,30,16,21
0,25,29,5,14,18,22,4,11,7,19,6,13,16,9,15,28,23,2,30,17,20,27,12,10,1,3,26,21,8,24
0,29,19,10,23,1,3,12,30,25,14,22,4,13,8,27,6,9,7,18,16,2,5,11,26,17,20,24,21,15,28
0,24,26,23,13,28,10,22,6,19,2,25,1,18,8,5,17,29,21,3,16,14,20,12,7,9,30,4,15,27,11
0,18,16,22,29,7,30,14,28,4,6,15,17,26,3,24,19,25,12,2,13,9,1,27,11,10,8,21,20,5,23
0,24,1,8,30,12,21,23,18,19,6,27,22,7,14,13,26,15,2,25,9,10,17,29,3,4,16,20,28,11,5
0,27,5,24,17,21,9,3,16,30,28,10,6,4,11,18,13,2,20,1,26,15,23,8,29,25,14,7,22,19,12
0,24,21,7,3,10,23,30,9,14,11,16,4,28,1,12,8,13,25,27,19,5,20,2,26,6,29,15,18,22,17
0,11,19,6,9,10,8,30,18,16,25,28,14,20,1,29,15,22,21,7,27,5,4,24,23,3,2,17,26,12,13
0,16,1,24,2,19,6,21,30,15,8,18,13,22,17,5,28,4,27,23,12,26,20,10,11,9,3,25,7,14,29
0,29,19,23,21,1,15,26,16,13,8,10,3,6,12,7,9,17,14,25,20,18,5,28,11,30,22,27,24,2,4
0,22,19,29,25,21,10,5,14,16,12,27,30,9,6,4,24,17,3,13,15,18,1,11,28,2,8,20,26,23,7
0,3,7,6,10,11,18,5,22,29,15,21,9,20,2,4,27,12,24,14,28,25,19,26,8,16,13,17,1,30,23
0,28,13,18,14,10,1,29,26,20,9,22,24,8,23,2,17,16,15,25,30,21,7,27,6,3,11,4,5,19,12
0,2,27,25,21,28,24,14,3,18,8,23,4,6,9,12,5,1,11,7,17,29,30,10,19,26,22,20,15,13,16
0,13,25,21,9,18,1,22,10,26,27,20,6,24,2,19,11,8,5,17,30,15,16,7,12,23,29,4,3,28,14
0,7,19,1,8,22,17,25,2,13,16,10,26,23,6,29,15,24,9,4,3,27,14,20,11,18,5,12,30,21,28
0,13,28,12,21,2,30,20,7,29,5,11,17,3,25,27,10,26,23,1,24,22,6,16,9,14,15,19,18,4,8
0,27,18,21,13,20,24,1,11,12,16,19,3,2,23,8,10,22,29,25,4,9,7,5,30,6,15,14,28,17,26
0,24,27,8,20,11,3,29,21,22,28,1,18,5,4,19,25,14,16,17,9,12,15,30,6,10,23,26,2,7,13
0,16,1,28,19,3,20,9,8,27,2,17,18,6,26,13,14,10,21,25,4,29,11,12,22,5,23,24,7,15,30
0,5,12,18,23,25,6,22,7,19,8,9,26,2,28,13,11,16,10,20,15,29,27,17,24,21,1,3,4,14,30
0,8,7,16,25,1,17,24,6,28,26,29,14,9,22,4,27,5,23,11,10,18,2,20,15,12,30,21,3,13,19
0,17,6,16,14,23,12,27,29,4,8,15,10,18,30,3,19,9,7,22,11,5,26,13,25,21,20,2,1,24,28
0,28,24,15,26,10,16,2,8,4,21,25,11,5,23,1,7,30,18,29,20,3,6,17,19,13,27,12,22,9,14
0,7,28,3,12,5,15,26,27,20,19,22,29,6,30,10,14,8,25,16,13,4,2,21,9,24,17,18,11,1,23
0,8,20,28,16,15,9,29,18,5,3,27,25,13,2,17,10,11,22,23,21,19,6,7,14,30,24,26,4,1,12
0,29,10,7,8,2,25,9,16,17,20,18,19,3,12,6,21,22,4,27,11,28,5,30,15,1,13,24,14,23,26
0,4,23,7,18,16,10,30,29,21,25,15,3,9,12,11,8,22,24,27,20,19,5,1,13,17,26,28,6,14,2
0,13,5,4,1,24,17,27,26,30,23,2,25,12,14,10,11,21,20,9,22,7,6,16,8,28,18,15,19,29,3
0,21,29,3,19,13,18,23,30,22,8,27,1,9,6,17,14,26,24,2,15,25,11,7,5,16,10,4,28,12,20
0,1,25,8,6,24,11,5,27,28,16,3,30,7,26,13,22,12,21,4,14,9,17,23,18,15,19,2,20,29,10
0,1,3,11,14,15,29,13,23,25,30,7,5,22,10,27,16,28,20,26,18,21,6,9,17,24,8,4,19,2,12
0,27,5,29,3,26,2,22,17,30,11,12,7,28,21,20,6,13,4,24,19,14,8,18,16,9,1,23,25,10,15
0,15,1,4,29,7,6,17,18,11,26,2,5,16,23,20,8,12,9,19,27,24,21,28,3,10,14,22,30,25,13
0,22,29,9,1,21,24,30,14,20,13,25,15,5,26,6,23,12,27,2,16,28,8,4,17,3,18,10,7,11,19
0,8,13,22,11,9,10,4,30,29,27,5,3,17,15,1,14,25,24,23,28,12,18,21,7,26,20,19,6,2,16
0,10,8,19,2,26,27,28,4,5,3,12,22,20,14,17,24,25,7,1,21,29,6,11,13,16,9,30,15,23,18
0,14,21,2,1,20,19,25,12,29,27,10,16,3,6,11,5,17,18,13,24,4,7,9,15,22,28,23,26,8,30
0,21,6,4,8,11,15,5,26,20,19,23,9,17,18,16,13,2,3,22,1,25,24,30,12,10,29,27,14,7,28
0,16,23,26,28,4,5,29,18,19,27,8,9,7,1,21,14,22,6,25,2,20,11,12,17,3,13,15,10,24,30
0,27,28,8,15,22,16,17,6,29,24,13,10,7,23,2,5,3,18,9,20,14,26,30,4,19,12,11,25,1,21
0,26,14,8,22,12,2,11,19,9,5,7,15,10,13,27,25,6,20,24,17,16,28,21,18,3,4,1,23,30,29
0,14,11,16,30,4,19,9,21,6,22,5,26,7,10,3,17,20,27,13,24,1,15,29,2,23,8,25,12,18,28
0,14,20,15,5,21,27,24,8,3,1,23,12,29,9,2,16,30,17,19,18,22,6,11,13,25,28,7,26,4,10
0,19,20,8,27,14,22,7,28,6,25,30,21,3,13,15,26,24,29,17,11,10,5,23,4,18,16,9,2,1,12
0,20,4,28,22,2,5,29,21,3,11,1,7,8,13,19,12,23,14,10,6,15,25,26,30,24,17,16,9,18,27
0,6,20,16,25,28,14,13,30,24,15,1,17,18,21,10,12,19,27,4,11,5,29,3,22,9,2,26,8,7,23
0,30,5,10,11,13,26,24,27,28,6,25,19,1,23,3,2,14,12,20,15,4,18,9,29,21,8,7,17,16,22
0,14,23,27,21,6,9,7,10,30,28,18,8,2,4,22,24,16,1,5,13,12,20,19,3,25,29,15,11,17,26
0,10,19,1,6,7,5,29,17,30,8,15,13,12,16,21,26,4,14,24,27,2,18,20,3,28,22,9,23,25,11
0,25,29,24,9,20,17,7,8,5,19,22,11,14,2,1,30,28,15,16,4,26,6,3,12,10,13,27,18,21,23
0,26,20,21,3,1,15,28,7,23,4,5,27,29,11,13,12,10,19,22,9,25,18,17,14,6,30,2,24,8,16
0,28,16,3,21,17,4,11,25,19,10,15,30,2,12,14,7,27,5,1,9,26,18,8,13,6,23,29,22,24,20
0,24,13,8,21,14,18,3,5,10,1,23,25,7,20,6,29,17,4,19,30,15,27,16,2,9,26,28,12,22,11
0,14,28,23,16,10,29,9,17,13,5,6,4,25,11,3,21,20,19,12,30,26,27,1,7,22,18,15,24,2,8
0,13,7,19,3,23,24,28,14,2,5,9,1,12,25,20,6,26,4,11,22,21,27,10,8,17,16,18,15,29,30
0,30,15,3,13,7,2,29,19,21,4,11,10,28,1,25,20,8,14,12,27,6,26,23,17,18,9,16,24,22,5
0,15,21,25,19,2,12,27,16,13,28,22,1,4,10,11,6,14,8,23,29,20,18,26,5,7,3,17,9,24,30
0,26,4,21,25,11,14,27,10,3,12,30,17,28,6,15,19,5,24,8,16,29,18,1,20,9,2,13,23,22,7
0,24,14,10,4,9,23,3,19,2,21,30,15,13,5,29,11,7,12,28,22,6,27,20,8,1,17,25,16,26,18
0,24,30,6,1,14,20,13,12,28,8,2,5,25,11,4,18,3,21,15,27,26,16,10,9,17,19,7,29,22,23
0,6,12,18,21,28,23,13,3,26,16,30,15,11,2,19,29,1,10,20,4,22,27,5,7,14,9,8,25,24,17
0,24,1,23,13,2,4,26,5,19,12,20,29,6,21,8,27,22,7,17,18,28,14,16,9,11,3,15,25,30,10
0,16,10,7,5,19,29,30,12,24,26,3,14,8,13,20,21,27,11,1,15,25,6,17,2,22,23,9,4,28,18
0,11,8,26,14,19,24,16,15,20,13,29,4,7,21,9,27,5,12,22,17,1,10,23,25,3,30,28,18,6,2
0,13,3,28,27,5,6,29,30,24,2,7,17,11,26,21,14,25,8,9,23,18,20,16,22,15,12,19,10,4,1
0,5,27,3,14,18,19,20,7,11,28,24,4,23,10,16,6,21,2,13,30,26,1,22,29,8,17,25,12,15,9
0,29,6,26,14,19,28,20,17,15,23,16,8,22,11,27,12,13,18,5,4,7,1,21,24,3,30,25,10,2,9
0,5,6,22,16,11,1,26,2,28,24,18,17,3,30,7,12,29,19,10,23,9,4,15,21,25,27,8,20,14,13
0,3,27,21,7,4,8,24,19,29,16,26,14,2,20,23,12,30,13,6,11,9,10,18,22,25,15,17,5,1,28
0,19,14,18,21,5,9,24,8,27,23,20,17,10,1,12,2,30,26,13,4,29,22,25,3,28,16,11,6,15,7
0,19,2,5,18,29,21,28,14,3,12,30,6,26,4,11,22,16,7,13,27,23,25,17,15,20,9,10,8,1,24
0,16,15,29,19,25,4,12,5,7,14,20,1,6,8,17,23,26,30,22,13,9,11,27,10,21,24,28,3,18,2
0,18,5,19,26,4,3,28,2,29,8,1,10,14,12,20,22,9,17,30,13,16,6,27,15,21,25,11,7,24,23
0,1,27,4,20,28,24,22,6,15,5,9,8,10,30,12,26,21,29,16,7,17,23,18,2,11,13,19,14,3,25
0,1,26,29,2,20,17,14,15,21,13,8,12,28,3,30,11,10,25,5,6,23,9,24,27,18,7,22,16,4,19
0,28,10,25,15,23,6,12,9,26,11,19,3,24,14,18,17,13,20,2,5,4,1,21,16,22,27,29,30,7,8
0,11,3,27,17,4,23,26,28,13,22,19,16,29,5,1,15,10,25,14,7,20,21,18,8,30,2,6,24,12,9
0,10,27,15,30,16,2,22,19,9,13,12,23,14,24,29,4,7,20,18,5,3,17,26,6,8,21,11,28,1,25
0,15,28,11,8,13,9,17,21,12,16,4,25,7,26,6,2,10,14,22,20,1,19,3,29,27,18,23,24,30,5
0,28,5,9,2,30,10,27,15,18,8,4,16,17,6,1,19,23,3,11,22,20,13,14,12,21,7,29,24,26,25
0,20,30,18,14,13,2,12,10,25,15,26,21,28,23,27,22,11,24,16,17,9,5,6,4,8,19,7,29,1,3
0,17,28,20,4,6,23,15,14,9,11,13,19,2,21,1,7,22,29,3,25,5,27,10,8,12,24,30,26,18,16
0,11,14,17,18,1,24,3,20,12,23,30,6,7,2,26,5,29,13,8,28,16,15,10,9,22,21,25,19,27,4
0,4,13,11,18,27,3,12,29,25,9,17,10,16,20,6,22,14,21,28,24,1,19,5,30,23,8,7,2,15,26
0,5,17,24,10,23,14,12,3,4,11,27,18,25,1,2,22,21,28,16,19,7,9,8,26,15,13,20,6,30,29
0,29,10,2,12,5,25,17,6,14,9,15,1,18,21,8,16,27,26,23,11,19,4,20,30,3,13,24,7,22,28
0,15,13,4,25,5,14,23,30,28,12,6,22,11,18,8,1,19,21,3,24,9,10,26,7,2,16,29,20,27,17
0,10,30,17,27,29,24,4,20,23,22,19,6,13,1,14,18,11,25,5,21,16,28,3,9,8,7,2,26,15,12
0,17,12,7,14,5,4,2,29,25,28,30,13,23,6,20,27,9,10,16,26,19,24,11,1,15,22,3,8,18,21
0,16,7,30,22,10,28,20,8,1,15,26,19,13,21,2,9,14,12,11,18,6,5,29,3,4,25,24,17,23,27
0,13,5,6,10,21,2,9,28,15,20,18,30,3,19,25,16,23,24,4,29,22,14,26,17,8,12,11,1,27,7
0,3,15,5,25,27,8,20,29,24,16,2,1,21,18,22,23,13,4,12,11,7,28,9,17,26,10,14,19,30,6
0,9,22,16,25,19,2,10,17,1,15,13,11,6,27,8,14,28,29,18,12,24,4,26,5,3,21,20,7,30,23
0,16,19,21,30,10,2,12,26,29,17,5,4,25,24,9,22,13,14,20,11,3,7,23,8,18,27,28,1,6,15
0,14,16,17,29,5,24,6,25,20,8,30,15,26,21,23,28,22,4,18,2,11,7,19,9,12,10,1,3,27,13
0,5,13,11,7,21,9,29,8,2,19,22,15,24,12,20,3,27,28,18,30,14,10,23,17,25,6,26,16,1,4
0,6,10,1,20,26,17,4,16,21,3,23,22,7,18,30,24,28,2,15,19,8,14,13,25,27,12,29,11,5,9
0,11,29,24,22,7,17,2,21,6,16,5,1,9,19,27,28,8,4,15,26,25,23,30,10,12,18,20,3,14,13
0,9,23,19,6,20,27,5,17,8,22,15,1,11,21,12,30,28,2,13,4,14,10,26,25,7,18,29,16,3,24
0,9,20,6,30,23,7,27,12,19,17,25,21,11,18,24,3,1,28,13,4,5,14,16,10,26,29,8,22,2,15
0,8,9,26,3,30,5,4,18,17,27,16,24,29,12,1,23,20,19,11,13,21,2,14,25,28,10,6,15,22,7
0,15,30,12,18,16,28,1,17,22,21,24,6,20,3,7,2,11,14,13,9,4,10,5,19,23,25,26,29,27,8
0,7,1,22,27,4,14,21,13,9,3,23,26,17,6,5,28,2,20,10,8,16,24,25,15,30,12,11,19,18,29
0,20,2,7,11,22,19,10,13,14,26,27,28,5,30,17,18,24,16,12,21,6,25,9,23,4,8,1,3,15,29
0,16,29,3,30,26,25,20,12,8,6,2,1,19,4,27,14,18,24,13,10,9,11,15,5,17,23,28,7,21,22
0,2,8,25,11,24,9,26,3,17,10,28,22,20,16,1,13,18,14,19,4,15,21,5,29,27,12,30,6,23,7
0,24,29,17,3,14,19,11,5,10,20,15,18,27,1,8,9,2,4,28,6,12,7,26,22,13,25,23,30,16,21
0,3,25,12,5,19,13,10,22,24,23,28,14,6,11,21,15,27,9,16,4,7,1,29,30,2,17,26,18,8,20
0,4,27,11,14,18,7,15,24,22,20,26,21,1,5,30,13,28,9,19,8,10,17,2,3,25,16,23,29,6,12
0,28,24,18,3,13,9,21,1,14,29,25,16,15,4,19,22,17,2,20,8,11,30,6,10,26,12,5,7,23,27
0,24,2,11,17,21,19,13,23,12,1,7,25,4,26,6,5,9,8,15,29,27,30,3,10,22,20,16,18,14,28
0,10,24,8,25,21,13,4,2,11,28,16,6,18,5,12,1,23,29,20,30,27,19,15,3,17,7,26,22,9,14
0,11,21,23,28,1,29,20,7,6,5,14,22,12,9,26,8,19,18,16,24,10,13,17,25,2,3,27,30,4,15
0,29,7,1,10,3,5,11,22,24,16,15,27,23,2,20,17,26,25,19,13,21,30,6,14,4,8,28,18,9,12
0,23,2,28,16,10,9,22,1,6,24,19,21,15,5,30,13,18,12,3,27,4,20,26,7,11,29,8,17,14,25
0,7,11,12,14,15,6,23,30,4,18,17,2,21,16,20,27,5,22,29,24,13,3,25,8,10,26,28,1,19,9
0,5,2,24,10,1,23,6,7,17,20,15,3,28,4,8,27,12,11,26,18,22,29,9,13,16,30,21,14,19,25
0,18,24,12,10,21,7,4,16,13,15,8,3,2,28,20,17,29,25,6,19,22,26,27,9,30,11,14,1,23,5
0,3,15,9,19,12,4,27,10,7,28,6,8,25,16,20,29,24,1,13,14,17,22,23,5,11,2,26,21,18,30
0,1,6,12,14,20,24,5,7,13,30,3,22,25,10,4,15,23,28,29,17,8,16,26,21,27,19,2,9,11,18
0,12,17,8,22,18,6,29,7,11,15,30,10,20,13,3,19,27,5,26,24,2,23,1,25,4,9,14,28,16,21
0,14,22,13,2,19,21,25,9,10,8,27,18,12,3,26,28,1,23,29,20,4,17,30,6,11,16,15,24,5,7
0,29,17,6,28,22,7,16,18,23,27,20,13,1,11,12,19,3,25,21,26,10,30,14,5,8,4,9,15,24,2
0,9,30,3,21,2,28,7,12,11,14,27,26,16,1,4,5,15,18,10,17,24,25,6,29,22,20,13,23,19,8
0,2,30,6,10,13,29,12,17,22,18,11,14,23,25,15,16,3,8,27,5,28,26,9,21,19,4,20,1,7,24
0,19,24,5,10,12,28,17,20,30,21,26,29,4,7,15,3,8,23,1,6,16,14,13,11,27,22,2,18,9,25
0,12,18,20,11,2,28,22,16,4,17,9,14,5,21,26,30,27,19,23,7,1,15,25,13,6,3,10,24,29,8
0,26,11,14,12,29,6,9,19,4,27,23,8,20,10,25,16,22,2,13,17,7,28,30,21,15,3,1,5,24,18
0,28,19,5,14,3,16,23,7,13,20,22,12,25,29,4,15,2,9,26,30,21,27,11,6,17,18,1,24,8,10
0,25,9,30,20,2,14,18,10,13,8,26,27,6,21,7,24,3,15,17,29,23,12,19,1,11,22,5,16,4,28
0,5,2,9,26,10,16,19,24,25,1,28,27,4,14,8,12,11,15,6,17,29,22,30,20,7,13,3,21,23,18
0,22,9,8,25,2,21,13,12,15,1,20,14,11,10,30,4,24,23,6,27,28,18,3,5,7,29,26,16,19,17
0,7,3,22,25,20,30,19,5,18,10,15,16,11,13,4,8,1,2,14,27,12,6,24,29,26,9,17,28,21,23
0,25,11,2,6,23,14,16,3,4,29,20,27,30,10,18,22,19,26,17,9,7,24,12,15,1,28,21,13,8,5
0,9,11,25,26,1,7,22,24,10,30,29,28,19,21,17,13,14,6,16,2,4,15,5,23,18,27,3,20,8,12
0,7,5,21,24,8,1,3,13,22,26,27,6,16,28,18,4,17,30,25,10,2,12,23,9,19,29,20,14,11,15
0,30,17,8,27,26,3,2,5,10,1,9,13,24,16,25,23,4,22,18,7,29,6,20,21,19,28,11,15,14,12
0,23,4,10,3,13,2,12,27,19,30,18,6,9,24,7,21,20,14,11,15,5,17,1,26,22,25,29,8,28,16
0,18,28,27,13,4,26,3,23,12,15,10,14,2,30,11,19,20,29,8,5,17,6,22,9,21,24,1,25,16,7
0,26,16,1,19,8,14,5,28,18,27,29,10,17,20,15,9,2,25,22,24,7,6,21,4,12,13,23,3,30,11
0,15,18,16,30,21,11,2,5,20,22,25,4,8,1,12,7,14,29,23,10,28,26,19,3,24,9,13,27,17,6
0,23,9,29,5,20,17,3,14,13,12,19,8,2,27,7,21,22,11,25,6,1,15,28,18,4,30,10,24,26,16
0,12,9,24,1,19,5,25,16,30,17,23,13,28,2,22,10,21,20,14,29,8,4,7,15,27,26,11,6,3,18
0,23,16,9,8,22,21,13,11,7,2,15,29,1,24,6,30,18,12,10,3,4,26,5,14,17,25,19,20,28,27
0,4,23,17,15,16,27,29,18,26,8,3,1,10,21,7,2,11,22,14,24,12,19,28,5,6,30,25,20,13,9
0,26,5,4,19,23,3,20,7,10,18,27,24,1,9,15,16,22,21,14,8,2,11,28,17,12,25,30,29,6,13
0,3,28,26,1,11,7,5,22,4,27,8,2,13,23,14,15,10,30,24,12,29,21,9,6,25,20,19,18,16,17
0,25,29,30,5,26,23,14,20,16,6,3,8,7,1,21,28,24,13,2,10,15,27,18,4,11,17,19,22,12,9
0,25,24,4,15,23,12,5,13,21,17,16,10,6,20,9,7,19,1,28,2,22,26,29,30,3,18,27,14,8,11
0,10,5,28,13,29,3,17,20,1,12,4,2,11,18,30,8,27,19,26,14,6,21,22,7,25,15,23,24,16,9
0,20,26,14,4,25,21,27,8,24,1,10,19,22,15,5,18,30,7,28,16,2,13,29,6,3,17,12,23,9,11
0,20,19,28,25,3,17,24,18,11,9,26,15,14,6,30,7,1,22,27,8,13,16,10,23,2,21,4,5,29,12
0,15,26,28,20,10,23,21,2,14,11,27,22,25,3,9,8,1,4,12,24,18,16,13,17,19,7,30,29,6,5
0,12,19,30,4,9,25,23,22,5,29,7,8,15,1,26,17,18,24,11,20,2,10,27,28,16,21,6,14,13,3
0,3,16,29,28,11,25,21,22,10,23,17,1,6,15,2,13,19,5,20,4,27,9,12,7,8,26,30,14,18,24
0,1,19,5,21,28,10,9,12,8,26,13,16,6,17,27,30,24,2,11,7,4,20,25,15,29,14,22,18,23,3
0,19,8,22,30,6,28,17,20,1,16,25,27,4,3,24,26,5,23,7,9,2,13,12,21,10,11,14,15,18,29
0,17,7,1,22,21,19,27,13,24,23,14,2,11,4,12,29,18,28,20,25,26,5,3,30,16,6,15,10,9,8
0,6,12,17,30,2,21,10,22,4,28,9,25,13,29,19,16,18,24,11,8,14,27,26,1,7,23,15,3,20,5
0,23,6,22,2,7,20,15,9,19,29,16,30,14,3,12,21,10,4,13,18,5,24,26,1,8,27,25,11,17,28
0,16,18,7,23,26,8,22,21,4,20,6,1,29,17,14,24,12,10,2,5,28,19,15,9,25,30,3,13,27,11
0,17,23,4,8,22,5,12,29,11,14,25,28,21,1,27,6,9,20,26,2,19,15,10,3,13,7,30,18,16,24
0,16,26,7,8,1,15,10,4,24,17,25,5,21,20,9,12,11,27,22,14,19,6,30,18,28,2,29,13,3,23
0,19,12,25,7,10,2,6,8,16,22,3,17,15,4,28,20,26,11,18,9,1,30,27,21,5,24,14,13,29,23
0,28,19,25,15,23,17,26,12,1,30,29,9,7,10,27,13,6,22,21,18,4,24,16,20,8,3,14,2,5,11
0,10,9,16,30,18,12,29,7,11,15,23,19,21,8,22,26,17,25,14,1,4,6,2,24,20,27,5,13,28,3
0,30,12,10,27,19,2,1,3,16,23,8,17,21,15,14,6,22,28,20,26,11,24,5,25,9,4,29,18,7,13
0,28,17,2,23,11,10,16,3,29,27,18,20,21,22,26,19,12,5,8,9,30,13,14,7,4,6,24,1,25,15
0,6,2,3,15,28,16,24,4,10,21,26,23,19,22,5,17,30,18,8,1,25,14,12,9,29,13,20,11,7,27
0,2,3,22,18,26,1,14,12,16,13,8,25,28,29,19,30,6,27,17,4,15,9,10,24,5,21,11,23,7,20
0,25,1,30,10,8,26,11,28,15,5,16,27,24,4,17,14,3,9,29,19,22,7,21,18,12,20,6,13,2,23
0,24,22,20,7,29,10,9,28,5,13,12,18,26,4,23,2,30,21,11,1,6,17,8,14,25,16,27,15,3,19
0,7,21,17,14,23,19,16,28,3,24,29,25,18,12,13,15,1,6,26,9,5,27,10,8,4,22,20,30,2,11
0,11,26,4,13,1,18,3,27,22,20,12,19,28,30,21,8,5,6,10,7,24,29,25,17,2,16,9,14,23,15
0,27,20,19,3,16,18,13,4,26,2,8,15,30,5,21,29,1,14,28,12,11,23,10,25,22,17,24,9,6,7
0,9,3,14,13,23,28,7,11,1,25,15,17,12,21,4,18,6,22,8,29,19,27,24,26,30,16,20,5,2,10
0,21,14,6,29,22,16,15,11,2,5,25,10,30,19,8,3,4,12,7,18,27,28,24,23,17,13,9,26,20,1
0,5,21,7,26,25,23,30,1,14,16,9,20,29,4,28,3,18,22,27,12,6,24,13,2,8,17,19,15,10,11
0,7,3,2,9,30,22,5,23,15,26,18,13,11,24,21,8,29,27,10,4,14,28,12,17,16,1,6,20,19,25
0,23,29,20,3,30,22,28,18,25,10,7,27,14,16,8,17,1,6,13,4,2,11,15,26,5,21,9,12,19,24
0,4,14,1,29,5,10,9,7,20,3,6,19,13,8,11,12,23,15,2,28,24,26,27,25,17,30,18,22,16,21
0,24,4,22,9,28,13,27,23,30,7,14,25,12,21,5,17,18,8,10,3,20,1,26,15,16,19,2,29,11,6
0,15,25,9,12,17,13,14,10,18,4,2,11,24,1,7,26,8,3,21,29,6,16,5,23,30,28,27,22,19,20
0,22,27,7,26,6,28,10,8,1,11,14,29,18,3,16,24,15,25,30,12,17,19,13,4,21,20,2,23,5,9
0,14,12,15,1,22,7,13,20,8,10,19,21,26,18,25,2,27,24,28,6,9,30,5,29,3,4,11,17,16,23
0,10,17,15,12,5,6,28,8,9,18,29,26,27,1,20,11,7,25,30,22,13,2,16,19,3,23,14,24,4,21
0,22,10,15,12,28,2,7,5,25,18,26,14,30,24,16,9,21,8,13,1,17,11,27,3,6,19,29,20,23,4
0,23,12,6,18,7,16,9,3,28,8,14,10,15,29,2,19,24,22,17,5,4,11,26,27,20,1,21,25,13,30
0,20,12,14,18,11,23,9,8,4,28,15,21,6,25,3,13,5,30,22,2,27,29,24,1,10,7,26,19,17,16
0,8,9,23,20,5,18,25,26,7,24,14,13,2,16,11,12,17,22,29,21,30,4,19,10,3,6,1,27,28,15
0,20,6,11,14,9,3,17,22,28,23,1,16,26,29,8,18,25,5,24,7,30,19,4,27,13,2,10,15,12,21
0,7,14,5,20,17,9,3,1,6,30,26,23,24,21,4,19,11,12,29,15,22,10,16,27,13,25,28,8,2,18
0,8,5,9,28,22,27,15,10,2,14,18,25,26,6,20,11,30,4,3,12,19,7,23,17,24,16,29,1,13,21
0,7,4,22,12,27,11,21,3,28,18,10,29,13,5,2,15,26,20,1,25,9,23,19,30,17,16,6,14,8,24
0,7,26,8,19,5,3,30,14,21,20,2,23,17,6,4,10,27,12,15,16,24,28,25,11,9,1,13,18,22,29
0,19,26,28,21,6,13,30,5,16,20,24,11,3,14,12,15,25,29,18,10,9,22,17,23,2,8,4,27,7,1
0,18,24,10,6,13,5,4,26,1,15,2,3,30,23,8,16,12,20,28,7,27,29,11,17,19,21,25,9,22,14
0,23,22,3,2,11,5,18,15,7,1,28,20,17,30,19,8,21,14,25,16,13,10,29,12,24,4,6,26,27,9
0,11,15,24,26,30,16,25,9,22,29,17,5,8,13,18,28,20,3,14,1,12,6,7,23,2,10,27,21,4,19
0,20,7,14,5,22,26,24,27,8,21,10,3,30,12,18,4,16,11,17,13,28,1,19,2,23,29,9,6,15,25
0,27,23,14,13,26,19,3,8,1,24,5,25,30,28,6,29,4,15,10,7,16,20,18,17,2,22,21,9,11,12
0,28,14,22,13,26,17,10,18,21,27,24,12,5,7,20,6,30,2,1,4,11,16,25,15,8,29,19,3,9,23
0,30,5,22,26,25,28,18,2,20,21,9,7,15,3,1,24,4,19,27,23,6,8,14,11,17,12,16,13,29,10
0,11,20,3,21,22,10,16,30,4,18,29,6,2,23,25,14,13,27,9,15,12,5,19,17,28,1,7,26,8,24
0,4,20,23,22,8,12,14,21,24,18,25,27,15,10,6,16,1,13,29,26,9,3,28,11,2,30,19,7,5,17
0,11,23,19,13,4,16,18,17,5,10,2,9,12,25,3,29,21,28,7,14,27,30,1,24,26,6,22,20,15,8
0,21,28,15,6,17,9,26,24,2,16,3,10,12,4,1,14,22,7,27,11,19,23,8,20,25,18,13,5,29,30
0,5,1,29,10,15,30,3,8,25,24,23,13,17,16,20,11,21,19,9,18,26,27,12,28,6,14,22,7,4,2
0,12,30,1,10,25,26,17,16,14,23,20,28,19,15,7,21,29,4,6,8,3,24,5,13,27,9,2,22,11,18
0,3,23,2,12,10,6,22,28,29,30,17,5,19,4,14,1,13,24,27,26,7,18,16,11,8,25,15,20,9,21
0,24,10,28,19,15,8,17,20,9,23,12,30,22,1,18,25,16,11,21,27,26,3,6,2,29,13,5,7,4,14
0,14,10,27,13,23,4,30,3,21,22,12,17,29,7,18,25,11,6,9,28,1,15,20,24,19,5,26,16,8,2
0,20,1,13,24,26,17,18,12,5,4,11,3,7,16,9,21,28,10,29,2,22,25,23,6,15,14,8,30,19,27
0,11,21,12,6,2,8,3,7,17,4,9,5,20,10,19,24,29,30,14,1,15,18,16,13,27,22,23,26,28,25
0,24,29,25,3,1,13,28,22,14,12,20,15,26,2,19,30,27,18,4,6,21,7,10,8,23,16,5,17,11,9
0,27,25,6,20,22,15,16,30,14,24,9,29,17,8,11,21,1,5,18,2,28,13,7,4,12,3,26,10,19,23
0,25,4,10,18,5,27,6,14,15,13,22,1,17,9,8,12,26,2,11,24,28,21,16,19,3,30,7,29,20,23
0,30,27,20,21,22,29,7,6,8,19,2,9,17,25,16,23,5,4,11,1,26,14,3,12,24,18,28,15,10,13
0,1,9,17,20,25,6,27,2,14,5,23,15,11,8,29,13,7,18,3,30,10,26,16,24,19,12,4,21,22,28
0,3,26,16,4,5,15,29,27,18,14,8,17,10,22,23,7,19,30,9,13,12,24,1,21,20,6,11,2,28,25
0,7,6,21,3,9,20,5,22,28,10,4,13,11,8,25,14,27,29,24,2,16,19,30,26,17,12,23,18,1,15
0,8,27,4,2,17,3,28,11,25,26,6,19,9,20,29,21,13,10,23,18,7,24,22,5,14,12,1,16,30,15
0,6,8,14,17,5,13,9,30,24,3,28,2,25,12,27,26,20,7,4,16,19,1,22,18,21,29,11,23,15,10
0,25,2,19,24,27,12,14,1,5,7,21,22,10,18,30,16,15,3,17,8,4,20,11,26,23,9,28,13,29,6
0,10,28,20,23,8,7,9,25,12,24,4,1,2,5,19,11,21,17,22,16,26,6,14,15,30,18,3,27,13,29
0,11,22,25,7,13,24,12,9,27,1,30,2,15,6,29,3,8,19,5,21,18,10,23,28,26,16,4,14,17,20
0,16,22,19,28,5,21,9,27,18,20,15,26,3,7,14,4,12,30,17,11,1,25,24,23,13,6,10,2,29,8
0,30,12,15,3,5,2,7,11,24,21,4,17,18,13,16,29,22,9,26,14,27,6,25,20,1,19,10,8,23,28
0,13,19,1,16,24,17,21,26,23,7,18,5,12,25,8,11,9,2,3,30,28,27,6,10,20,15,22,14,29,4
0,14,5,22,24,11,23,27,18,26,25,29,2,3,19,20,30,28,8,16,12,17,4,13,10,9,21,6,15,1,7
0,3,17,5,2,26,20,10,21,27,16,13,15,1,9,18,30,28,4,8,23,12,11,22,29,19,14,25,6,24,7
0,15,4,7,8,23,3,19,12,27,14,2,17,6,25,13,21,10,9,22,24,30,1,5,18,11,20,26,29,16,28
0,2,20,28,24,29,5,9,14,13,10,4,22,15,6,11,26,19,25,23,21,1,27,3,8,18,16,30,17,12,7
0,18,8,4,1,14,29,2,20,3,17,27,22,26,11,16,12,30,15,10,5,6,19,25,13,7,9,23,24,21,28
0,21,19,28,13,4,3,1,27,7,25,23,14,30,12,11,5,18,17,10,29,9,8,22,26,16,2,24,20,6,15
0,9,12,7,29,8,5,18,21,19,22,30,14,20,1,10,4,27,15,6,17,23,3,26,11,25,28,24,13,2,16
0,20,12,23,15,7,25,1,2,4,5,14,17,19,26,18,11,21,22,28,13,6,8,9,27,30,16,3,29,10,24
0,18,21,27,15,13,25,29,6,5,9,14,30,4,11,7,19,17,22,3,10,16,28,8,2,26,20,1,23,24,12
0,22,29,23,18,10,15,25,30,28,1,9,5,17,19,6,16,13,4,3,12,14,21,11,8,24,27,26,2,7,20
0,26,25,2,3,27,8,28,6,21,10,9,15,7,13,12,1,22,24,14,17,18,20,19,4,23,29,5,16,11,30
0,4,19,28,10,13,24,3,22,17,11,2,27,8,12,1,30,14,21,26,20,7,15,23,25,5,16,29,6,9,18
0,13,24,23,14,17,2,3,16,12,8,19,18,21,26,29,30,27,25,15,20,9,5,6,4,11,10,22,1,28,7
0,23,24,16,12,2,5,6,7,29,1,4,10,9,18,3,8,28,19,26,11,25,22,17,14,27,20,15,30,13,21
0,3,29,10,25,28,23,19,2,26,7,15,9,6,22,16,8,24,11,1,27,5,30,18,13,21,20,17,14,12,4
0,16,9,29,1,30,18,21,26,28,13,20,4,5,24,15,17,2,10,11,19,3,7,23,14,12,25,8,6,27,22
0,14,28,21,23,8,19,9,26,24,1,20,4,5,29,30,7,11,27,6,17,18,25,10,15,2,3,12,13,22,16
0,5,20,26,27,17,25,28,19,21,7,14,4,24,23,18,22,3,2,6,30,1,10,12,15,13,11,8,16,29,9
0,10,28,23,3,27,26,2,13,24,20,4,5,17,29,1,12,14,18,19,22,15,30,16,8,25,7,9,11,6,21
0,21,8,12,4,22,14,25,23,9,19,1,7,28,11,29,27,24,18,13,3,5,6,16,15,20,2,17,10,26,30
0,25,26,7,21,14,3,23,2,6,18,12,5,30,22,17,13,19,4,11,10,8,24,1,15,9,16,29,28,27,20
0,25,5,20,12,16,17,6,28,23,2,8,1,13,7,27,21,10,11,4,3,19,14,18,9,22,30,24,15,29,26
0,27,21,22,12,23,6,26,8,13,10,30,24,14,16,3,4,17,20,2,25,1,18,15,5,29,7,28,9,11,19
0,12,16,30,2,23,28,19,26,1,15,3,27,20,10,18,22,17,5,4,25,21,6,8,24,11,13,7,9,29,14
0,30,22,21,13,29,20,2,27,24,6,3,28,18,23,8,7,12,26,15,10,17,1,16,9,11,14,25,19,5,4
0,22,7,30,23,19,27,15,3,11,8,12,6,29,1,5,24,16,28,21,17,4,14,18,9,10,13,25,20,2,26
0,19,9,27,12,11,18,15,29,7,8,22,13,20,6,4,26,24,2,10,28,1,5,3,25,23,21,17,16,30,14
0,26,25,13,9,5,3,4,6,27,16,1,7,29,12,2,18,21,30,8,11,20,10,23,19,15,22,28,14,17,24
0,21,30,8,15,4,28,11,19,2,16,10,13,18,9,26,25,7,23,17,22,14,29,6,1,27,20,12,5,3,24
0,1,21,15,22,2,19,9,27,12,13,20,26,18,29,3,16,6,30,14,25,7,4,23,10,24,11,28,8,5,17
0,25,3,29,13,7,22,5,8,28,17,1,6,23,11,24,12,9,20,27,10,15,19,14,16,2,26,4,21,18,30
0,14,16,24,17,10,27,15,11,7,4,1,5,19,8,30,3,6,20,9,12,26,28,29,21,25,22,2,23,18,13
0,10,5,12,28,29,24,16,19,11,4,27,13,23,3,14,20,26,1,21,15,25,2,17,8,18,30,22,7,9,6
0,4,17,11,23,24,21,3,18,16,12,27,29,13,10,8,26,5,20,14,6,7,25,19,2,1,28,30,22,9,15
0,3,14,8,17,20,9,2,16,27,12,30,23,29,28,7,19,11,26,21,6,15,22,18,10,24,4,5,13,1,25
0,18,23,30,22,13,21,6,15,17,29,1,11,7,12,3,10,20,9,19,25,14,2,24,28,4,26,5,27,16,8
0,20,6,13,14,27,18,2,19,24,5,4,15,30,21,1,16,28,25,26,17,8,10,23,29,22,7,11,12,3,9
0,1,10,26,3,16,29,7,9,22,17,12,8,5,4,19,2,23,20,21,18,24,11,6,13,14,28,25,30,27,15
0,21,25,4,2,29,15,22,20,16,5,14,6,1,17,9,28,27,18,26,8,11,12,3,10,7,24,23,30,13,19
0,23,20,22,11,8,15,25,30,1,28,5,13,17,6,14,24,2,19,7,27,26,12,18,3,16,4,21,10,9,29
0,9,1,11,13,29,18,10,26,2,15,23,6,16,21,4,8,22,28,3,5,7,17,20,25,30,24,27,12,19,14
0,8,30,6,17,18,19,24,13,28,16,9,22,10,15,7,11,21,27,1,5,4,20,14,26,23,2,25,3,29,12
0,16,26,11,14,28,12,9,19,10,13,3,29,24,6,25,2,23,4,20,17,1,30,5,8,21,15,18,22,27,7
0,26,6,20,11,1,27,5,3,21,28,25,12,16,23,18,8,17,15,29,14,24,7,9,4,30,22,19,13,2,10
0,18,2,16,23,8,21,26,30,27,7,10,24,22,4,28,15,13,25,17,20,11,5,29,3,9,6,12,1,19,14
0,5,16,26,20,29,4,9,30,21,6,1,7,22,12,17,14,2,3,28,23,25,8,27,19,13,24,18,11,15,10
0,23,3,6,30,21,17,28,5,10,20,16,7,18,22,8,15,11,24,14,12,26,1,25,29,9,19,27,4,2,13
0,25,8,16,10,4,20,1,17,14,3,29,21,22,28,2,24,23,27,18,13,7,11,26,9,19,5,15,30,12,6
0,26,27,17,15,2,23,20,13,21,14,9,24,29,8,1,22,19,5,11,16,25,28,12,30,3,18,10,7,4,6
0,11,16,4,8,1,7,5,3,29,9,13,10,15,20,21,12,27,24,14,2,30,23,19,22,6,25,28,17,26,18
0,21,8,15,5,20,22,17,10,16,24,25,13,18,26,27,29,30,9,4,3,7,1,2,23,12,6,11,14,19,28
0,16,29,30,7,3,6,27,17,26,12,25,10,1,23,5,14,4,24,21,28,13,15,19,18,9,22,20,2,11,8
0,12,6,21,30,9,17,24,15,19,16,7,14,26,5,23,1,13,25,18,11,4,10,28,20,29,8,2,3,22,27
0,18,19,14,11,16,8,7,29,28,9,22,21,15,10,25,2,5,23,20,26,13,3,30,24,1,6,12,17,4,27
0,18,26,11,19,30,27,25,17,5,15,8,2,13,28,7,10,6,23,14,22,3,20,29,16,12,21,24,4,9,1
0,4,29,1,18,8,23,15,5,22,14,10,12,11,20,26,17,24,13,16,30,25,21,3,2,7,27,9,19,6,28
0,27,24,28,18,6,14,3,13,11,30,12,5,1,8,4,16,19,26,7,22,10,25,9,2,20,23,21,15,17,29
0,6,18,23,3,29,1,15,9,11,25,28,21,5,8,12,22,17,4,24,7,20,26,10,16,14,13,30,27,2,19
0,11,23,30,4,25,19,6,27,24,21,5,18,20,10,2,17,16,26,3,28,13,22,7,14,29,9,12,1,8,15
0,12,11,10,20,9,21,22,26,27,25,30,16,2,8,1,17,24,28,3,14,6,23,29,4,19,13,7,18,15,5
0,8,25,4,12,15,29,2,30,13,7,14,16,21,24,11,9,18,6,17,5,20,22,1,23,19,3,28,27,26,10
0,6,3,25,11,28,13,4,20,8,17,27,22,16,23,5,12,10,2,26,21,7,19,29,14,1,15,30,18,9,24
0,11,21,17,4,2,6,25,24,26,14,29,10,8,23,22,1,28,5,7,18,9,13,12,16,30,27,15,19,3,20
0,4,29,26,18,23,20,1,16,28,13,15,25,5,27,22,2,9,12,10,6,8,11,19,30,24,7,3,21,17,14
0,6,9,3,21,12,18,14,28,17,19,1,4,30,2,11,16,26,29,27,13,15,8,22,7,24,10,23,5,25,20
0,15,27,3,4,24,28,25,2,23,9,6,19,26,7,10,13,18,22,1,21,16,5,11,14,12,8,29,20,30,17
0,24,14,2,3,30,11,4,20,7,16,19,29,5,15,6,26,23,27,28,12,13,17,21,18,1,8,10,25,9,22
0,4,19,13,1,5,24,2,27,30,10,11,22,8,6,9,25,3,26,18,12,29,21,23,20,15,14,17,16,28,7
0,11,20,27,4,23,9,2,7,1,17,24,8,28,29,26,12,5,13,3,25,21,16,18,10,15,19,14,6,30,22
0,20,11,6,24,14,17,15,27,13,16,10,22,7,28,23,30,5,12,3,21,1,8,4,18,26,29,2,25,9,19
0,11,23,18,20,13,28,21,5,9,30,22,16,25,24,1,26,12,8,10,3,15,2,14,17,19,27,29,4,6,7
0,16,17,18,28,5,14,25,20,30,4,12,7,22,24,21,1,2,13,6,27,8,26,3,23,15,19,29,9,11,10
0,14,18,30,23,19,3,16,25,27,21,1,7,6,26,2,22,5,15,29,10,28,20,17,9,11,13,12,8,4,24
0,12,13,15,25,9,16,29,6,10,3,18,2,1,21,4,23,30,24,22,17,14,5,8,28,20,26,27,7,11,19
0,2,8,5,12,10,27,24,25,1,29,3,11,7,16,6,17,28,4,23,19,26,22,14,15,30,9,21,18,20,13
0,13,14,20,24,23,11,22,12,10,19,1,25,30,21,3,27,26,9,4,6,8,16,17,15,28,5,18,2,29,7
0,2,9,7,5,20,6,4,29,21,11,13,23,15,25,12,18,26,30,19,10,24,8,28,1,14,3,16,27,17,22
0,27,22,23,19,13,7,21,15,26,14,5,17,6,30,3,8,29,4,25,11,20,9,18,16,28,10,12,24,2,1
0,26,23,27,2,19,28,4,3,5,29,11,21,18,14,7,22,17,20,15,10,24,1,8,9,30,25,13,6,16,12
0,17,21,15,25,11,26,7,2,13,20,30,27,22,14,16,10,1,6,5,19,4,29,18,28,9,24,3,23,8,12
0,21,30,15,27,14,10,4,18,9,8,5,23,29,22,13,20,25,3,19,1,2,6,7,28,26,17,12,11,16,24
0,2,26,8,14,28,13,15,9,6,22,10,23,29,21,19,27,5,12,4,7,17,25,30,3,20,11,1,16,24,18
0,19,12,4,24,5,11,28,16,14,9,18,6,22,27,10,25,21,23,15,8,13,1,26,30,20,17,2,29,3,7
0,24,20,14,2,3,27,12,6,19,30,28,8,15,26,7,9,22,21,29,10,23,25,1,18,11,4,5,13,17,16
0,16,9,21,15,14,2,24,11,3,12,13,4,5,10,30,18,23,27,22,6,7,1,25,26,28,19,8,29,20,17
0,28,24,14,11,1,12,23,29,18,17,16,8,9,19,13,3,15,7,25,4,30,6,2,5,26,10,22,27,21,20
0,11,18,12,13,30,27,15,7,21,19,25,9,1,29,28,22,17,24,5,8,2,23,4,26,10,6,14,20,3,16
0,24,3,1,27,20,15,9,19,28,21,17,5,14,16,13,25,18,7,26,30,11,12,29,10,6,23,8,4,2,22
0,23,21,15,2,8,22,7,4,26,28,12,25,17,29,6,3,14,19,10,1,30,13,9,16,20,11,5,18,24,27
0,12,7,4,8,1,15,20,30,21,5,22,16,29,9,3,24,26,10,6,2,25,18,13,27,28,17,11,23,19,14
0,20,12,29,4,22,10,15,27,23,30,24,5,28,7,1,3,6,26,2,19,16,13,21,25,8,18,9,17,11,14
0,22,6,7,28,26,16,21,2,9,8,29,20,24,17,10,30,4,14,11,18,25,1,23,5,12,3,27,13,15,19
0,21,16,30,29,6,26,20,5,28,10,11,4,15,1,12,8,27,25,24,17,13,3,7,19,18,2,9,14,22,23
0,7,22,1,23,4,25,28,24,19,14,8,2,29,9,3,21,13,26,10,20,27,5,16,11,17,12,30,18,15,6
0,3,17,28,26,30,14,24,6,9,27,4,23,21,12,29,10,7,13,2,8,22,18,11,16,19,1,15,5,20,25
0,4,26,22,11,21,5,27,10,13,1,16,12,25,2,17,29,3,7,19,6,14,20,23,18,9,24,28,15,30,8
0,28,7,2,27,18,26,6,13,25,8,5,11,9,16,30,23,21,20,4,22,12,19,15,10,3,29,17,1,14,24
0,30,29,16,2,17,11,25,13,23,6,4,8,12,19,14,20,15,28,27,26,18,22,24,10,9,21,5,7,1,3
0,29,10,5,19,4,27,26,8,11,18,9,1,12,14,17,22,25,21,28,23,6,24,13,16,20,15,2,30,7,3
0,22,24,15,6,10,23,4,2,8,20,11,26,3,9,21,7,29,28,14,30,16,18,17,12,5,13,27,25,19,1
0,25,18,5,15,29,6,19,20,24,13,7,16,14,26,1,23,8,30,3,21,28,4,2,9,11,12,22,10,17,27
0,7,14,4,23,10,22,13,15,2,29,19,25,26,20,24,21,12,9,1,27,3,16,30,18,11,5,8,6,17,28
0,26,21,2,4,18,17,7,24,22,9,6,1,11,14,28,25,20,30,8,15,23,29,5,12,19,16,13,10,27,3
0,26,1,11,2,14,25,22,8,18,10,20,19,16,21,7,17,24,9,15,5,29,4,3,23,27,13,6,30,28,12
0,28,23,12,17,19,26,6,24,1,13,29,30,16,25,22,11,2,21,15,8,14,18,4,27,3,5,7,10,9,20
0,2,20,7,9,19,21,28,22,25,29,18,17,13,24,14,30,15,27,12,4,1,23,10,6,3,26,5,16,8,11
0,12,26,20,9,2,1,13,6,30,8,25,29,16,17,24,14,4,15,18,28,27,3,23,19,5,10,11,7,21,22
0,7,23,19,21,22,15,24,16,17,2,20,30,12,3,18,9,25,13,4,29,1,8,26,14,11,28,27,5,10,6
0,13,1,6,15,21,9,28,5,25,3,2,7,12,27,16,29,26,8,14,22,24,11,19,30,10,4,18,20,23,17
0,11,15,23,10,13,14,28,16,29,24,4,9,2,25,7,20,6,27,5,30,8,22,21,26,17,19,18,1,12,3
0,2,8,1,27,29,21,5,17,16,30,12,6,26,11,25,10,28,15,7,9,23,18,4,14,13,20,3,24,22,19
0,6,17,28,29,12,2,19,26,1,3,30,23,16,20,7,13,14,25,21,18,22,11,5,8,4,24,9,10,15,27
0,28,14,18,29,11,6,21,26,27,25,16,1,8,30,4,19,2,23,7,5,12,22,10,15,9,20,13,3,24,17
0,20,8,16,11,23,4,13,24,1,19,6,10,25,14,18,2,30,17,26,27,12,3,15,21,28,7,5,9,22,29
0,20,14,12,6,23,25,5,10,18,16,29,4,22,15,2,9,26,17,28,7,24,30,1,11,13,27,8,3,19,21
0,22,12,6,27,5,13,1,19,14,4,30,16,9,11,20,10,25,15,29,8,23,18,28,26,21,24,7,2,3,17
0,14,9,11,4,17,24,3,8,6,10,15,16,26,5,2,29,28,12,21,1,25,27,20,30,13,19,7,22,18,23
0,16,20,12,4,9,5,19,7,18,27,25,13,2,11,3,14,26,23,21,30,17,10,6,29,15,28,1,24,8,22
0,8,13,12,7,17,2,16,4,10,23,26,11,15,5,28,24,20,3,22,18,1,27,14,21,30,9,6,25,19,29
0,3,29,26,10,7,19,30,9,14,24,23,28,11,20,12,5,2,6,27,22,21,25,8,1,15,13,4,18,16,17
0,25,18,9,2,21,5,19,20,24,29,6,12,14,11,4,13,1,7,10,17,30,16,22,26,27,28,23,3,8,15
0,23,22,11,24,29,30,26,12,18,2,14,6,1,7,15,10,20,19,5,4,25,17,21,9,3,27,28,13,16,8
0,7,9,13,10,6,8,19,5,28,27,29,12,20,3,22,17,25,16,30,11,24,23,18,14,26,21,1,4,2,15
0,19,30,6,25,24,18,16,1,21,22,8,10,2,14,28,13,3,20,17,26,27,29,23,5,15,4,12,9,7,11
0,13,24,7,23,20,4,19,14,28,27,1,11,17,6,3,18,15,9,29,22,10,21,25,5,30,8,2,16,12,26
0,21,14,17,8,15,26,29,11,18,5,27,1,12,20,23,3,30,7,4,13,16,10,28,24,25,22,2,9,19,6
0,2,15,28,18,24,13,16,25,5,4,30,12,1,10,14,9,19,6,3,23,27,7,20,26,11,8,29,21,17,22
0,30,1,18,20,22,29,28,26,16,13,14,11,21,5,7,12,10,9,15,25,24,2,27,6,19,8,17,23,3,4
0,23,16,8,14,3,11,22,30,13,19,4,1,27,5,12,2,7,9,20,21,29,28,6,10,24,17,18,25,26,15
0,28,15,3,27,14,26,30,20,12,4,1,11,13,23,16,2,6,10,25,24,18,7,9,21,5,17,22,29,8,19
0,2,10,28,19,22,3,16,24,20,30,17,21,9,1,18,6,4,11,5,23,27,26,15,25,12,29,7,8,14,13
0,16,11,6,20,23,29,2,21,3,9,19,30,8,26,25,15,24,14,17,4,27,28,13,1,22,5,10,18,7,12
0,11,21,17,14,15,29,13,24,8,28,1,7,20,4,2,19,12,30,16,18,6,23,27,25,3,22,9,5,26,10
0,7,13,15,20,11,14,3,2,10,16,19,9,28,8,5,12,24,6,22,23,26,30,25,27,29,18,17,4,1,21
0,27,30,26,4,20,21,19,12,10,18,1,2,29,13,16,17,23,28,8,7,6,3,14,22,25,5,15,11,9,24
0,9,10,4,1,16,2,13,11,29,7,8,30,18,23,28,26,3,5,15,17,20,12,6,25,24,19,14,21,22,27
0,21,12,25,16,10,14,20,26,3,13,4,29,18,19,5,28,11,23,8,9,15,17,7,30,6,1,2,24,22,27
0,17,5,16,29,30,7,19,13,8,6,15,26,22,27,18,14,23,21,20,11,24,4,3,28,9,1,12,25,2,10
0,18,12,28,21,26,22,19,16,7,1,6,29,14,4,15,13,11,20,23,8,2,30,17,10,24,27,5,9,25,3
0,2,23,21,17,24,16,7,10,25,15,29,26,20,3,9,18,11,4,1,14,5,8,28,6,22,12,30,19,13,27
0,20,9,2,26,21,12,16,27,10,15,22,5,28,23,30,25,1,3,8,11,17,13,14,4,29,18,24,19,7,6
0,8,1,15,16,11,7,9,26,14,3,24,25,18,28,6,29,5,20,17,12,4,2,22,19,10,27,13,23,21,30
0,22,20,13,11,9,24,19,23,14,16,17,3,8,26,12,30,2,18,7,6,27,5,25,15,10,28,4,1,29,21
0,18,12,19,6,9,27,1,25,14,5,11,24,16,20,3,2,29,26,23,28,10,30,13,15,17,21,7,22,8,4
0,11,8,28,17,12,5,18,13,29,3,6,19,24,15,27,30,2,7,1,23,22,25,21,10,4,20,9,16,14,26
0,23,24,18,25,6,4,12,15,26,28,11,5,8,27,21,29,17,2,1,10,14,19,3,20,13,30,22,16,7,9
0,24,5,25,27,11,2,13,19,26,1,9,16,30,20,7,4,17,29,21,28,8,15,3,22,6,23,18,12,10,14
0,2,16,28,19,25,27,12,8,9,22,18,6,3,1,23,14,10,26,5,21,11,30,20,4,24,7,13,17,15,29
0,6,23,30,26,29,25,5,15,20,12,14,19,10,27,16,7,24,4,3,1,2,21,11,18,28,13,22,8,9,17
0,20,15,6,2,8,19,24,9,17,5,18,3,14,26,12,21,4,30,11,28,29,13,10,25,23,7,1,27,16,22
0,20,4,24,23,1,25,10,9,8,6,16,19,18,17,5,30,29,21,26,11,12,27,15,14,22,7,3,2,13,28
0,17,27,15,24,6,3,14,20,8,30,12,13,11,29,22,9,21,23,19,16,7,1,25,10,4,2,28,5,26,18
0,4,1,29,18,23,16,15,14,9,27,25,8,20,19,7,21,26,3,30,10,5,17,22,2,28,12,24,6,13,11
0,27,1,19,5,21,10,6,23,25,3,9,15,4,28,22,24,13,30,17,16,18,2,7,11,20,26,14,8,12,29
0,5,26,19,1,30,6,13,16,18,21,12,11,3,7,24,17,8,27,4,10,20,25,23,9,2,14,22,29,28,15
0,14,1,23,24,21,10,13,5,3,18,26,7,16,11,20,2,17,30,4,22,8,27,15,19,29,6,25,9,28,12
0,25,7,10,15,17,13,30,22,5,27,14,23,8,24,2,12,11,18,9,4,28,20,29,19,21,1,3,16,26,6
0,9,17,1,22,16,25,10,15,26,19,6,14,11,21,12,27,2,7,30,24,13,5,8,4,20,3,28,29,18,23
0,29,24,26,16,7,19,25,3,28,21,1,11,4,20,5,30,10,12,14,15,6,23,27,17,8,22,18,9,2,13
0,29,20,16,23,12,24,30,21,6,26,3,11,13,19,22,7,15,4,27,14,8,5,28,9,1,18,2,17,10,25
0,14,21,9,23,27,12,24,20,11,4,26,6,30,15,5,25,7,28,16,29,13,8,17,18,19,3,10,2,22,1
0,22,7,4,12,8,17,26,24,3,13,23,11,16,19,15,10,2,14,5,21,9,6,28,29,27,30,18,1,25,20
0,29,21,16,9,5,22,17,15,10,26,12,19,24,7,20,30,4,13,2,3,1,11,18,14,8,27,28,25,6,23
0,15,8,13,21,11,7,19,10,28,9,25,30,27,2,1,18,6,17,20,16,5,23,26,12,24,14,22,4,3,29
0,13,2,14,5,21,7,23,8,9,11,6,20,15,19,22,28,16,29,4,12,26,30,1,24,17,3,10,18,27,25
0,22,20,10,8,15,4,7,21,12,25,6,19,29,2,24,3,28,27,23,5,11,14,26,18,17,16,30,9,1,13
0,13,11,20,3,30,15,8,18,14,10,16,5,29,7,21,27,25,24,1,28,2,12,23,9,6,4,19,17,22,26
0,20,12,14,9,25,15,18,17,4,3,19,10,13,21,6,5,22,24,27,29,7,16,11,23,28,2,1,30,26,8
0,4,21,22,29,20,15,18,2,25,12,30,9,7,17,28,11,1,13,26,5,10,16,3,6,23,27,14,19,24,8
0,8,20,18,28,26,17,6,23,13,15,3,4,1,14,9,24,19,11,27,16,5,7,10,25,21,2,29,12,22,30
0,8,7,18,22,6,28,11,20,14,13,25,5,17,30,29,15,26,21,27,1,9,10,24,16,2,3,4,19,12,23
0,20,26,13,10,2,19,25,18,30,14,12,22,3,27,29,11,5,23,9,6,16,7,8,17,15,28,24,21,4,1
0,14,22,8,17,18,5,19,20,2,9,3,11,16,24,30,4,15,12,10,23,21,13,27,29,26,25,7,6,28,1
0,6,30,25,1,28,18,22,4,14,3,23,9,21,24,2,15,20,12,16,7,13,10,27,19,5,29,26,11,17,8
0,3,6,18,20,12,10,29,2,13,28,24,15,5,16,23,9,7,25,19,11,4,1,8,26,21,14,17,27,22,30
0,14,28,3,27,25,8,29,20,15,30,12,5,21,19,23,17,18,10,9,7,1,22,11,2,4,13,26,24,16,6
0,29,1,20,14,11,9,18,27,13,7,10,28,22,26,30,25,6,2,16,24,21,15,4,17,8,3,19,23,5,12
0,3,26,1,6,17,19,27,4,29,7,14,28,11,20,22,5,10,24,25,2,16,23,13,15,18,30,12,8,9,21
0,11,14,15,1,23,20,28,17,7,6,30,21,22,12,18,5,29,26,19,2,4,27,8,3,16,25,9,13,10,24
0,23,3,27,2,30,28,13,15,24,10,22,4,5,1,6,8,26,25,20,9,19,16,18,7,14,29,17,21,12,11
0,19,28,25,26,4,21,7,3,10,29,18,15,14,8,12,1,9,6,23,5,13,11,27,2,16,17,24,30,20,22
0,1,13,29,15,19,5,18,24,12,27,16,4,21,9,6,10,28,30,7,2,11,20,23,8,26,17,14,25,3,22
0,6,20,2,23,7,25,5,1,26,8,4,12,9,24,13,19,11,17,29,21,27,16,22,10,30,28,14,15,3,18
0,15,13,8,21,28,4,26,16,12,22,30,3,29,11,27,7,24,20,23,14,10,5,25,2,17,18,19,1,6,9
0,18,26,25,22,13,28,9,3,30,19,16,14,15,17,2,24,5,29,12,21,8,7,20,27,23,6,11,1,10,4
0,13,23,15,3,27,24,25,21,1,16,5,11,10,4,17,28,9,14,26,22,6,30,29,20,7,12,8,18,19,2
0,3,23,14,4,27,22,21,30,2,6,16,10,20,12,28,1,26,9,17,11,8,24,5,7,15,29,13,18,19,25
0,1,10,11,7,6,22,16,24,18,13,30,14,26,4,21,29,9,8,12,28,20,5,3,23,19,27,25,17,2,15
0,16,28,26,8,1,23,18,13,15,21,19,12,2,14,17,29,11,4,24,30,10,20,3,6,25,7,22,27,9,5
0,16,7,13,5,21,8,23,15,17,18,19,10,27,26,28,6,14,11,20,29,4,12,25,2,24,22,3,30,1,9
0,16,5,7,26,15,3,23,21,18,2,27,24,8,19,14,11,9,30,29,25,13,12,10,1,17,20,22,4,28,6
0,15,26,21,2,20,30,16,6,23,18,29,12,13,25,28,9,24,10,11,22,5,27,17,3,8,7,1,14,4,19
0,14,8,25,18,13,7,22,11,27,30,12,6,9,17,1,2,19,26,4,20,5,24,16,28,29,21,3,10,23,15
0,25,5,15,6,24,23,14,29,28,21,7,11,20,4,2,12,10,16,19,26,22,27,30,9,13,18,3,17,1,8
0,5,19,9,8,11,21,6,2,13,10,15,22,28,20,27,17,3,7,16,23,4,30,25,12,1,29,26,24,18,14
0,7,27,24,4,13,11,28,29,18,26,15,23,16,19,3,22,6,5,2,9,17,8,10,30,1,25,14,21,20,12
0,4,11,14,19,12,25,22,16,30,18,3,6,28,2,21,26,9,29,27,8,5,15,13,24,1,17,20,23,10,7
0,1,19,18,27,5,16,23,6,14,13,15,28,25,8,2,9,20,12,30,29,17,21,3,11,24,22,7,4,26,10
0,28,24,15,14,11,12,6,21,26,5,10,3,19,18,22,16,23,13,29,1,20,27,9,2,17,4,30,25,8,7
0,26,13,19,6,27,11,4,17,23,28,1,12,15,21,16,18,14,7,25,2,8,10,30,5,9,3,29,22,24,20
0,1,11,26,27,17,6,19,20,30,28,18,4,2,13,14,7,29,5,10,12,16,25,21,24,15,9,23,3,22,8
0,15,25,29,13,11,28,21,5,4,24,27,30,10,3,17,2,19,26,23,7,9,8,18,16,14,22,1,12,6,20
0,19,11,13,12,18,5,3,28,30,2,20,25,27,29,16,1,17,22,8,6,23,24,4,7,9,21,26,10,14,15
0,14,27,10,12,20,6,2,22,13,1,23,30,15,7,21,26,19,24,4,18,16,3,25,8,29,28,5,9,17,11
0,6,14,26,18,13,8,4,9,12,27,20,10,3,11,2,15,30,5,22,28,23,24,16,19,25,7,21,17,1,29
0,15,6,5,28,29,8,7,22,2,20,24,25,1,19,17,3,12,4,26,11,14,30,13,21,18,9,27,16,10,23
0,13,26,2,17,30,5,3,24,11,18,16,4,29,9,23,10,19,25,28,15,12,8,1,6,27,20,22,14,21,7
0,10,15,3,4,16,19,25,5,14,28,26,24,29,2,30,8,11,18,17,9,21,13,20,12,1,22,27,6,7,23
0,2,21,13,10,12,27,18,8,14,15,5,3,28,29,9,22,20,24,4,16,7,30,6,26,17,11,1,23,25,19
0,5,10,30,17,23,20,28,16,12,13,6,3,7,15,8,19,27,2,29,1,18,24,21,14,11,4,9,22,25,26
0,17,28,15,22,26,16,4,24,13,14,25,2,19,6,29,5,30,18,11,9,23,20,1,7,10,27,12,3,8,21
0,20,8,26,3,22,12,5,27,21,2,18,14,24,30,15,1,19,7,4,29,28,6,11,16,25,13,10,9,23,17
0,24,15,23,20,9,3,26,22,25,17,1,8,28,11,18,29,10,27,4,2,16,6,5,21,7,19,12,13,30,14
0,15,24,14,17,26,27,7,13,6,2,28,4,23,3,16,8,19,22,9,10,5,25,29,1,12,18,21,30,20,11
0,8,7,26,5,14,21,25,3,6,4,28,18,30,13,24,16,20,17,9,23,29,19,2,1,22,15,10,27,12,11
0,16,8,9,4,1,18,22,28,20,26,25,19,24,7,3,29,11,6,10,2,13,15,21,23,12,17,30,5,14,27
0,10,18,12,26,30,23,25,28,16,17,8,4,15,21,3,20,6,27,22,11,19,7,1,2,29,24,14,5,9,13
0,21,24,13,9,3,28,10,20,14,15,5,16,22,4,27,11,12,17,23,6,19,7,25,18,30,8,26,29,2,1
0,12,21,15,24,22,29,26,11,25,5,30,2,28,14,16,20,27,8,19,9,3,10,6,17,7,13,1,23,4,18
0,7,13,1,26,3,16,30,19,17,20,6,10,11,12,8,15,21,27,22,18,23,14,5,29,9,2,4,24,28,25
0,19,17,28,2,6,14,3,21,7,22,4,25,26,16,10,27,20,18,23,11,1,12,13,15,30,8,5,9,24,29
0,14,1,6,27,17,20,25,22,7,12,13,23,9,30,26,3,11,5,24,29,8,4,2,16,15,19,28,21,10,18
0,21,22,11,10,30,27,13,25,29,4,24,23,28,20,15,3,16,6,7,8,1,12,2,19,26,9,17,14,18,5
0,7,3,20,1,30,25,16,5,11,9,12,28,4,17,2,19,22,21,18,6,15,24,26,13,14,8,23,29,10,27
0,9,13,21,17,23,30,20,15,27,6,10,12,11,14,22,24,7,25,1,3,2,4,28,8,18,19,16,29,5,26
0,7,5,19,4,3,17,24,30,18,23,11,8,25,2,15,20,9,14,16,10,21,27,12,28,22,26,29,13,1,6
0,29,6,15,27,25,5,1,23,10,13,19,11,28,22,2,30,26,24,17,18,8,12,9,16,4,14,3,21,7,20
0,15,20,3,10,26,22,7,27,8,18,4,29,17,1,2,25,6,23,13,21,12,11,24,30,16,28,19,9,14,5
0,8,25,15,28,22,1,23,19,30,17,24,2,9,18,27,11,20,29,21,16,10,4,12,7,5,3,13,26,6,14
0,12,9,22,1,13,20,7,14,3,29,4,19,23,8,6,16,30,17,25,18,2,28,24,10,15,5,11,27,26,21
0,20,16,24,10,5,23,18,26,12,30,14,6,28,21,29,25,9,19,8,3,27,13,4,22,1,15,2,7,17,11
0,14,12,23,29,20,28,4,15,17,8,27,19,1,13,7,18,22,5,2,16,25,6,30,10,21,26,24,3,11,9
0,2,13,20,6,23,25,28,26,17,1,29,8,18,9,4,7,10,15,16,14,3,12,24,5,21,19,11,22,30,27
0,2,26,30,3,27,24,22,1,7,10,15,21,6,14,18,4,16,5,9,25,19,8,28,29,13,11,17,20,12,23
0,25,16,6,4,9,22,29,19,14,2,13,8,30,15,10,5,21,20,7,23,28,17,26,24,27,1,11,3,18,12
0,14,10,23,18,25,20,29,24,5,26,8,12,22,9,3,28,30,16,19,27,21,11,15,2,13,6,1,4,17,7
0,12,4,13,11,8,19,23,5,9,21,3,14,22,15,29,27,18,30,10,17,28,7,2,20,25,24,26,6,1,16
0,28,19,13,8,17,11,16,29,18,7,15,12,4,10,23,25,2,21,6,5,26,1,14,20,30,24,27,3,22,9
0,8,21,1,7,13,12,6,25,17,29,26,28,22,10,14,23,24,4,20,18,30,3,16,11,27,15,5,19,9,2
0,1,14,27,11,22,19,25,28,2,6,30,23,3,21,9,20,7,13,15,10,5,16,18,29,12,8,26,17,24,4
0,17,1,3,28,10,7,27,5,26,18,25,15,13,29,9,8,23,30,14,12,2,22,21,20,11,24,4,6,19,16
0,30,3,23,15,22,5,8,1,14,19,21,12,25,27,4,20,16,6,2,10,29,13,26,9,18,24,7,11,17,28
0,11,14,25,24,8,12,2,18,26,7,30,5,16,4,21,1,3,23,27,17,19,28,13,10,22,9,15,20,6,29
0,7,24,23,3,4,29,22,19,26,5,15,12,30,6,14,8,1,13,16,2,20,10,25,17,28,21,18,11,9,27
0,3,18,27,4,15,10,24,14,25,20,12,26,9,29,30,6,13,28,7,19,17,16,23,21,22,1,8,5,11,2
0,22,24,18,7,2,3,6,13,4,20,19,28,11,14,15,12,27,21,9,8,29,5,26,30,16,25,17,10,1,23
0,29,1,13,14,20,7,18,27,23,24,4,22,6,9,17,5,21,15,19,3,28,12,25,16,11,8,10,2,30,26
0,12,30,22,26,14,10,7,21,11,13,9,29,6,15,18,27,23,2,3,25,4,20,8,1,16,17,24,28,5,19
0,24,26,6,15,11,16,7,25,13,17,23,12,27,5,9,29,19,18,1,2,20,8,21,22,3,28,30,14,4,10
0,15,21,24,27,1,10,22,18,9,25,20,11,14,4,3,28,13,17,26,29,30,2,12,19,8,23,16,7,5,6
0,15,18,5,28,20,30,11,16,4,1,24,17,6,26,21,19,29,3,10,12,13,7,8,22,25,9,2,27,14,23
0,22,24,3,27,20,19,30,28,9,26,15,12,16,17,25,2,5,4,13,7,21,11,14,10,8,1,6,23,29,18
0,25,7,6,23,20,11,19,5,18,24,9,8,2,22,16,10,13,27,28,17,1,29,21,3,14,15,30,12,26,4
0,14,13,23,19,4,5,3,10,16,26,21,2,11,29,12,1,6,17,20,18,30,24,27,15,28,9,25,8,7,22
0,20,4,11,9,26,10,27,7,17,29,23,22,13,16,21,6,18,2,25,8,28,1,15,30,5,14,19,24,3,12
0,17,14,13,10,12,1,18,27,21,24,20,9,19,23,28,25,15,2,16,26,7,8,6,29,3,30,22,4,5,11
0,17,14,7,30,16,1,9,3,19,13,8,26,12,5,11,24,6,28,18,21,10,22,27,25,23,20,15,4,29,2
0,11,12,25,8,5,6,14,3,20,10,30,16,9,1,18,28,21,15,7,2,4,24,23,13,29,22,26,27,17,19
0,23,9,11,5,22,14,27,25,3,17,1,20,19,28,16,8,13,6,7,30,10,21,15,2,29,24,18,4,26,12
0,5,30,28,16,26,21,7,1,4,23,27,2,13,25,6,29,18,9,3,14,22,12,10,24,15,11,20,17,8,19
0,18,5,10,3,14,17,29,9,23,8,22,12,15,28,21,4,27,20,13,30,25,26,2,6,16,24,7,1,19,11
0,25,15,24,10,17,23,28,9,12,27,19,26,4,16,11,30,20,29,3,14,1,2,22,6,8,7,13,5,21,18
0,23,15,8,17,27,12,18,20,29,5,21,13,7,19,10,4,14,9,2,24,30,1,22,28,25,16,3,11,6,26
0,16,11,4,27,10,13,24,15,6,18,22,26,17,3,14,21,20,19,8,29,25,5,12,28,30,9,23,2,7,1
0,26,9,27,4,11,15,18,14,1,25,3,10,13,8,6,5,22,2,29,28,7,20,17,24,19,30,16,21,12,23
0,4,24,17,16,14,12,3,6,11,22,2,18,5,8,27,26,29,25,15,20,21,1,10,28,19,7,30,9,23,13
0,2,3,11,28,13,4,1,7,24,30,12,26,18,29,20,14,22,25,9,6,23,17,8,10,16,15,27,19,5,21
0,24,25,18,8,16,2,20,17,27,11,4,15,30,10,12,1,7,28,29,19,21,14,3,5,6,23,26,13,9,22
0,25,24,13,29,17,26,20,5,14,7,10,6,21,4,27,9,18,30,11,23,8,22,15,12,19,28,3,1,16,2
0,9,11,18,8,15,16,13,21,5,1,29,4,23,28,19,12,26,17,25,24,10,27,22,20,14,30,7,2,6,3
0,20,16,10,3,6,7,5,8,23,2,22,29,4,11,14,21,12,18,1,26,30,19,27,25,15,13,24,9,28,17
0,21,20,14,3,1,16,27,26,8,29,2,28,10,6,12,17,30,24,11,7,19,23,5,15,22,13,25,18,9,4
0,5,17,20,15,27,13,16,21,19,26,4,2,9,11,6,30,10,18,28,8,14,22,3,25,29,7,23,1,24,12
0,24,20,3,16,11,10,13,5,27,25,18,7,28,23,17,26,9,14,21,19,8,6,1,22,30,15,4,29,2,12
0,1,9,7,11,12,16,24,28,19,4,3,2,15,6,18,21,22,5,8,23,13,14,20,29,26,10,25,30,27,17
0,10,19,25,30,1,4,22,27,14,23,7,21,20,24,16,2,17,8,15,5,6,26,28,11,12,3,13,9,18,29
0,15,28,17,13,27,2,8,22,4,9,11,16,14,20,6,12,18,26,1,24,30,5,29,10,25,23,3,21,19,7
0,28,23,13,25,27,11,21,9,6,26,1,3,4,29,30,8,14,24,10,2,12,20,5,19,18,7,15,17,22,16
0,16,14,19,22,29,3,24,5,13,20,30,25,23,1,15,10,4,9,26,11,21,12,8,2,28,6,27,7,17,18
0,19,24,26,5,7,1,18,11,4,17,30,14,22,2,29,23,15,28,8,27,21,20,10,3,6,12,16,13,25,9
0,4,22,12,10,23,25,29,17,1,16,20,27,13,7,30,3,8,2,6,11,28,19,18,26,9,5,15,21,14,24
0,22,4,12,27,19,23,28,1,21,26,20,9,25,13,18,5,6,7,11,2,17,30,8,3,24,14,16,10,15,29
0,29,13,11,3,7,12,23,27,5,2,25,14,24,1,10,9,26,21,22,19,30,6,8,16,17,18,15,4,20,28
0,23,24,8,3,7,15,25,5,13,17,27,16,6,30,4,26,18,1,14,9,10,12,22,29,21,19,28,11,2,20
0,23,15,17,6,28,2,7,21,1,8,18,4,30,3,25,9,10,13,27,11,14,26,20,22,5,12,16,19,29,24
0,25,6,12,8,17,5,13,28,2,4,30,19,20,27,29,22,16,10,26,15,7,11,3,1,23,21,9,24,18,14
0,11,3,21,19,8,24,13,12,27,4,16,9,7,26,22,6,29,25,1,17,10,2,18,14,23,15,20,30,28,5
0,11,14,22,25,15,1,17,26,19,13,4,28,5,21,20,8,30,16,23,29,2,6,9,10,18,7,27,12,24,3
0,10,30,4,12,3,15,8,23,22,14,2,20,26,25,7,24,9,5,19,18,11,13,1,27,28,29,17,21,16,6
0,21,22,13,20,19,5,7,27,23,15,26,24,28,14,8,2,1,29,25,6,10,18,12,30,16,17,4,3,9,11
0,3,24,13,28,17,21,4,25,23,15,18,20,1,6,26,19,10,9,16,29,5,22,14,27,8,2,11,12,7,30
0,23,25,21,18,10,26,1,14,9,5,27,22,19,13,20,11,17,29,7,8,15,24,12,28,3,30,2,6,4,16
0,3,13,8,30,16,18,2,17,25,28,5,14,27,24,23,4,19,1,10,22,7,12,15,21,9,20,26,29,6,11
0,23,21,19,20,7,1,26,9,18,30,17,10,29,25,16,2,11,12,14,28,5,3,24,6,4,8,27,13,15,22
0,16,9,5,20,2,30,11,10,19,22,27,21,12,23,1,17,24,18,14,29,13,25,8,15,4,6,26,7,28,3
0,9,28,3,11,4,2,23,30,14,27,18,15,7,21,6,24,19,16,25,29,20,26,5,12,8,22,1,17,13,10
0,10,18,15,28,22,21,20,30,17,11,8,7,29,1,5,23,24,9,4,26,3,19,25,14,27,2,16,6,12,13
0,23,1,21,13,2,26,18,14,29,20,27,9,4,15,5,11,25,8,24,10,22,30,28,17,16,12,3,7,6,19
0,26,28,24,27,22,9,5,1,30,2,19,25,18,13,10,8,15,7,3,14,17,21,29,23,12,16,6,20,4,11
0,13,27,26,25,12,4,18,28,8,14,22,2,3,16,23,19,9,1,11,24,7,17,6,20,15,21,30,5,10,29
0,23,1,6,12,16,7,13,11,5,24,15,17,22,29,14,4,9,2,8,25,28,10,26,18,3,19,21,20,27,30
0,12,23,24,28,1,4,9,29,10,6,5,14,7,11,8,18,3,25,17,27,20,21,13,19,16,2,22,15,30,26
0,13,28,1,29,2,16,4,23,24,25,12,14,20,17,5,22,30,10,27,3,19,7,18,8,9,11,21,15,26,6
0,4,30,14,9,7,6,3,28,5,15,13,12,29,23,22,24,19,2,26,20,11,25,17,18,27,21,1,10,16,8
0,17,22,1,3,16,23,2,12,15,19,11,28,18,10,13,9,27,29,6,8,14,20,21,25,26,5,4,30,24,7
0,21,16,23,11,3,25,28,7,30,2,20,18,5,27,29,19,4,9,14,13,6,17,15,10,8,22,26,12,1,24
0,5,2,17,13,9,16,4,21,11,6,14,22,8,12,18,27,24,10,7,25,15,26,23,20,29,1,30,19,3,28
0,26,5,30,9,12,16,6,8,29,27,7,11,2,18,13,23,22,19,21,25,10,14,4,20,17,3,1,15,28,24
0,22,17,23,5,7,11,10,1,16,21,8,27,25,29,28,4,2,20,18,14,19,15,6,12,24,13,3,26,9,30
0,19,21,26,28,13,6,3,2,22,29,14,16,7,18,1,15,30,8,25,27,20,10,4,11,24,17,9,12,23,5
0,13,1,8,17,18,25,15,26,4,9,30,12,7,5,11,10,28,19,27,2,23,21,22,24,16,20,3,29,6,14
0,12,24,16,13,20,4,30,11,29,18,14,2,7,10,6,21,27,22,5,19,28,25,15,1,26,17,8,3,9,23
0,8,16,22,3,14,12,24,25,1,2,11,9,13,21,15,27,6,20,4,17,29,28,7,10,18,5,30,23,19,26
0,6,11,10,19,9,27,25,8,29,22,14,1,28,24,3,5,17,21,4,7,30,18,12,23,26,15,16,2,13,20
0,25,9,10,8,21,18,24,3,11,30,19,5,15,16,6,20,14,29,22,26,2,13,27,1,7,23,17,12,4,28
0,25,8,21,26,11,1,5,18,24,20,6,16,12,23,19,28,29,3,7,15,9,2,22,10,13,17,27,14,30,4
0,4,11,29,15,16,26,6,1,30,25,27,9,7,8,20,12,28,10,22,23,13,19,24,17,5,21,2,18,14,3
0,17,27,25,14,29,1,16,18,21,12,9,3,15,23,13,2,11,20,19,22,24,6,5,8,7,4,10,28,26,30
0,16,28,29,4,6,21,23,26,25,8,11,2,13,3,7,1,17,14,10,27,5,19,30,9,18,24,15,12,22,20
0,22,10,13,17,29,2,8,21,5,27,4,18,9,1,3,20,7,26,15,24,14,11,6,16,23,25,30,28,19,12
0,9,23,10,26,2,4,8,3,16,20,27,30,17,22,24,12,7,13,1,21,25,15,11,18,6,19,14,5,28,29
0,15,12,1,16,10,22,8,24,28,3,30,4,17,20,23,11,18,7,5,6,21,19,25,14,26,9,29,13,27,2
0,5,10,16,17,25,7,3,30,13,23,18,20,22,14,27,11,29,19,6,2,1,4,28,15,21,24,26,8,9,12
0,8,16,6,24,15,22,2,3,29,30,9,17,13,26,1,5,10,23,21,19,18,12,28,4,7,11,14,25,20,27
0,4,5,28,2,26,7,21,14,3,11,15,24,25,1,13,19,20,17,6,18,23,8,22,30,16,27,12,10,29,9
0,20,5,6,13,4,14,12,10,8,26,15,16,7,25,29,19,1,23,3,22,11,2,24,17,18,21,9,28,30,27
0,22,2,13,29,15,21,8,24,20,23,11,5,14,25,9,18,10,26,27,4,3,30,17,19,16,28,12,7,6,1
0,28,1,21,11,2,12,17,13,6,18,3,20,7,5,26,19,25,14,8,10,16,15,30,27,22,29,4,23,24,9
0,20,12,1,24,7,16,21,3,19,18,23,14,27,4,11,6,26,9,10,17,25,30,5,15,29,8,28,13,22,2
0,27,25,29,26,22,11,21,14,2,23,30,4,16,1,18,3,8,15,24,5,28,7,9,17,20,13,12,6,10,19
0,9,17,15,29,22,11,28,25,7,16,19,2,13,14,20,12,1,27,3,6,30,8,21,18,5,23,24,10,26,4
0,2,30,15,12,20,25,16,27,26,8,5,17,1,28,14,6,29,9,13,18,10,7,22,24,19,23,4,3,11,21
0,5,21,14,27,3,24,22,4,29,25,17,10,20,11,6,26,30,15,18,13,16,1,19,28,9,8,7,2,23,12
0,13,8,12,9,11,26,27,20,23,3,22,25,29,4,5,10,28,7,30,16,24,2,18,14,19,1,6,15,21,17
0,7,15,2,28,12,14,29,25,6,27,8,11,23,18,22,16,5,10,13,21,3,19,17,20,9,30,4,1,24,26
0,27,3,21,16,24,14,19,1,12,8,25,17,6,28,15,4,22,20,26,2,30,10,7,23,29,13,5,18,11,9
0,23,21,6,28,7,15,20,8,1,26,5,24,30,13,19,11,2,14,25,3,17,18,4,22,29,9,12,16,10,27
0,17,18,30,15,21,24,23,13,12,29,20,27,19,9,3,26,22,16,6,28,14,8,5,10,7,1,4,25,11,2
0,27,18,30,29,13,11,24,22,6,23,19,26,14,4,16,10,7,17,3,8,20,21,25,15,9,5,28,2,12,1
0,17,26,11,16,22,13,6,9,20,4,1,12,24,19,2,18,29,28,23,25,14,7,21,8,30,10,5,3,15,27
0,17,27,16,8,1,30,7,9,4,22,11,10,23,26,15,2,29,13,20,28,6,5,19,14,12,25,24,21,3,18
0,9,22,19,8,4,3,1,11,26,5,28,24,17,29,16,10,12,30,23,6,14,21,27,15,18,7,20,25,2,13
0,21,7,10,20,6,16,3,14,25,23,29,1,30,9,18,12,5,19,15,27,17,2,4,13,24,22,11,8,28,26
0,1,17,30,12,11,13,26,10,24,19,25,20,22,28,27,5,9,16,3,29,8,4,18,23,14,7,6,15,2,21
0,2,25,30,22,29,6,18,4,23,9,27,14,7,15,10,26,21,16,28,3,8,13,1,20,24,19,17,12,11,5
0,8,23,13,1,2,28,9,20,29,27,25,10,7,30,18,11,6,24,17,14,26,5,16,19,22,3,4,12,15,21
0,23,9,7,16,4,5,24,8,28,18,13,25,10,3,2,22,27,15,19,12,30,17,6,11,26,29,14,20,21,1
0,12,26,15,29,11,5,10,13,2,19,4,6,22,21,7,30,28,16,25,1,9,24,27,14,18,3,23,8,20,17
0,30,6,20,28,9,22,25,21,24,29,18,27,5,3,17,19,15,8,23,10,11,14,16,2,7,1,12,26,13,4
0,5,14,27,22,25,21,1,9,26,13,16,24,30,28,12,19,7,17,6,8,23,29,18,2,15,11,4,10,20,3
0,27,4,15,17,25,18,7,22,26,29,30,19,28,10,16,13,24,14,2,21,23,1,20,12,6,11,9,8,5,3
0,21,13,11,12,23,15,14,9,24,8,10,18,2,30,22,27,4,19,26,17,25,3,20,28,7,29,5,16,6,1
0,30,12,16,24,9,28,14,20,29,8,4,13,5,6,11,25,21,19,10,22,3,23,7,17,15,26,2,27,18,1
0,17,5,16,2,12,21,10,25,11,4,7,20,28,8,1,3,22,6,29,27,9,23,26,15,13,18,19,14,24,30
0,22,8,10,5,28,26,30,16,29,15,17,1,19,27,20,11,14,21,25,3,12,7,18,23,4,6,9,24,2,13
0,24,21,2,5,10,8,18,7,13,15,3,20,25,27,14,26,22,1,19,30,4,11,6,17,28,16,12,29,9,23
0,21,8,29,23,15,18,16,10,27,7,11,3,28,17,20,13,5,2,4,6,25,30,9,26,1,19,22,12,14,24
0,30,17,29,15,2,18,23,9,14,12,8,1,27,10,6,7,20,26,3,24,22,21,19,5,4,28,25,11,16,13
0,18,11,9,13,25,10,14,6,21,2,1,28,7,15,23,30,16,3,20,27,4,5,19,17,22,29,8,24,26,12
0,6,28,24,2,18,23,11,27,7,5,30,22,15,16,8,9,10,13,19,25,12,21,1,3,17,20,14,26,4,29
0,26,25,20,19,18,29,13,30,6,10,16,14,22,7,17,3,5,23,9,15,8,1,11,4,21,24,27,2,28,12
0,25,26,17,19,9,23,14,13,4,20,18,21,8,28,7,2,16,1,29,10,11,6,12,30,15,27,22,24,5,3
0,6,29,7,8,24,10,23,27,21,28,11,25,12,26,18,22,14,3,13,2,15,5,9,19,17,16,1,20,4,30
0,19,15,6,2,1,22,21,13,24,8,10,14,27,5,3,25,23,18,7,26,11,12,17,4,28,20,29,16,30,9
0,27,6,11,19,3,2,29,17,21,20,16,28,8,10,26,23,18,22,7,9,25,1,15,14,4,30,13,12,24,5
0,30,21,13,18,7,17,3,2,20,23,14,11,4,5,29,6,24,15,19,25,8,1,9,16,12,22,10,28,27,26
0,29,13,6,20,1,22,26,10,19,25,9,15,23,24,2,30,18,21,14,16,4,11,8,5,3,17,7,12,27,28
0,22,27,10,1,13,2,23,8,5,12,14,7,15,24,21,28,3,19,6,18,4,26,17,16,9,30,11,29,20,25
0,4,11,19,18,16,25,21,7,12,9,28,14,20,30,8,23,10,27,6,2,13,1,17,15,3,26,29,24,5,22
0,16,23,8,22,10,7,30,6,12,5,18,17,11,25,28,13,27,19,29,14,21,24,26,15,1,4,20,2,3,9
0,7,5,3,14,1,29,23,2,18,19,15,26,9,27,16,22,6,30,11,28,20,21,10,13,12,4,25,17,24,8
0,20,22,21,17,19,24,13,29,12,26,23,3,9,11,28,14,27,2,4,10,25,30,8,16,15,1,6,5,18,7
0,1,25,3,20,24,17,10,26,29,9,28,22,14,21,8,2,6,7,15,27,30,5,13,4,16,19,12,23,11,18
0,6,22,7,12,17,5,21,19,9,23,27,24,25,20,3,1,11,15,29,26,4,28,14,30,13,18,2,8,10,16
0,30,19,2,16,29,13,3,4,27,6,22,21,25,26,28,15,1,14,18,20,23,9,24,8,5,7,12,10,17,11
0,26,16,29,11,25,12,21,5,22,17,19,8,7,10,20,2,30,28,1,9,13,27,23,14,24,4,15,3,18,6
0,24,16,28,10,18,20,7,8,26,2,13,27,1,17,23,9,22,19,11,29,12,30,25,21,3,5,15,6,4,14
0,17,11,12,10,23,1,26,21,7,24,20,16,8,14,4,19,22,9,18,5,2,25,30,13,15,28,27,29,6,3
0,9,18,27,30,15,29,4,8,23,25,12,6,13,20,22,28,1,26,14,16,19,10,7,21,3,5,11,17,2,24
0,18,22,30,8,12,19,5,9,10,23,4,26,13,6,28,11,25,21,14,27,3,24,7,29,16,20,17,2,15,1
0,25,21,6,13,18,2,3,28,4,27,14,8,30,16,26,15,20,17,24,19,1,7,29,22,12,11,10,5,9,23
0,7,11,18,5,13,1,16,14,23,3,29,24,28,21,6,30,9,8,25,19,20,22,15,4,27,12,17,10,2,26
0,16,11,7,22,10,4,14,27,18,19,3,30,21,20,6,24,8,23,5,2,28,15,29,26,13,25,17,12,1,9
0,29,26,30,10,25,20,23,9,19,16,3,8,11,7,6,24,2,5,28,13,12,14,17,4,21,15,27,1,18,22
0,30,13,3,28,11,19,16,4,22,7,26,27,25,10,12,9,17,20,1,6,2,15,18,5,8,14,21,29,24,23
0,27,4,26,8,17,30,23,12,3,22,18,9,21,7,10,20,29,13,5,14,24,25,16,15,19,28,2,1,6,11
0,15,23,4,21,25,1,19,13,7,18,30,2,22,17,9,3,27,16,28,14,26,24,5,10,12,20,29,6,11,8
0,11,5,2,1,15,23,7,24,9,3,13,21,25,14,19,30,26,27,28,12,8,4,18,10,16,20,29,17,22,6
0,18,28,17,25,10,19,20,21,8,1,11,12,6,9,13,27,23,3,22,16,24,7,30,2,5,29,15,4,14,26
0,20,12,14,16,29,24,9,6,21,8,27,5,17,23,7,4,15,26,1,2,28,10,18,11,13,19,30,25,3,22
0,10,14,23,29,8,15,28,16,25,4,22,11,17,9,30,19,27,20,6,21,18,2,24,5,7,26,12,1,3,13
0,5,4,29,20,26,14,28,1,7,30,6,16,24,12,9,17,18,27,8,19,3,25,13,2,21,10,22,23,15,11
0,20,12,24,2,9,21,8,26,29,11,4,3,28,19,6,1,23,17,5,27,7,22,14,30,15,25,13,18,10,16
0,30,14,1,23,4,20,6,17,22,21,10,26,19,16,13,7,18,12,8,2,27,5,3,25,11,9,24,15,28,29
0,11,21,30,23,16,18,1,22,6,14,27,9,15,12,13,7,28,24,5,19,10,29,4,17,26,8,25,3,2,20
0,4,17,23,7,18,24,8,10,27,9,5,14,6,15,19,26,13,28,2,25,21,1,3,12,30,22,16,29,11,20
0,1,2,25,7,23,30,6,11,14,5,10,18,26,9,17,20,4,12,8,28,15,3,21,24,29,13,19,16,27,22
0,20,1,17,12,29,3,10,26,13,9,24,25,30,21,2,4,18,11,16,23,19,14,6,22,8,7,27,15,28,5
0,27,22,12,14,23,9,30,8,20,25,10,11,19,28,3,17,7,18,1,2,16,4,29,24,5,21,13,6,26,15
0,13,10,1,6,5,27,30,16,15,18,17,25,19,12,23,3,22,11,8,7,14,24,9,29,26,21,20,28,2,4
0,23,10,21,5,13,30,7,3,29,1,15,18,12,25,26,27,11,4,20,2,9,24,14,19,8,17,22,6,16,28
0,27,10,26,20,18,29,30,17,14,28,21,19,15,13,9,1,11,16,4,7,24,22,6,3,5,25,2,23,12,8
0,6,2,8,1,29,7,3,26,18,11,27,25,28,19,4,30,12,16,5,10,13,14,15,9,22,20,21,17,23,24
0,18,21,15,1,16,10,25,23,24,4,29,3,7,17,13,20,28,11,8,6,12,19,26,5,22,30,27,9,2,14
0,18,14,22,2,29,4,16,25,20,19,24,7,3,8,30,6,27,28,17,9,26,11,1,13,23,12,15,5,21,10
0,28,17,5,15,20,29,7,22,23,30,6,14,21,3,24,13,8,12,26,1,27,10,2,25,9,16,18,19,4,11
0,29,21,11,16,14,25,5,8,28,7,3,15,6,22,30,4,18,26,20,19,27,1,17,10,9,13,12,24,23,2
0,29,27,14,11,12,15,6,13,18,7,23,10,19,8,16,5,4,2,9,21,22,30,24,3,17,28,20,1,25,26
0,4,19,22,25,15,8,9,28,6,14,24,16,21,18,7,3,5,17,26,10,23,12,1,30,27,2,20,29,13,11
0,25,1,5,16,6,29,14,4,18,20,9,10,28,3,17,2,26,19,23,13,12,15,21,30,24,11,7,27,8,22
0,2,9,20,25,5,18,1,22,15,11,19,28,16,3,7,24,13,8,26,21,10,23,14,27,4,17,6,29,12,30
0,1,21,10,27,17,8,22,2,19,4,6,30,25,13,23,7,15,16,9,11,26,24,18,20,3,29,14,5,28,12
0,1,27,25,24,19,30,20,22,9,12,14,15,10,17,2,11,21,16,23,29,28,3,5,7,6,26,13,4,18,8
0,6,14,9,30,1,3,21,2,25,23,16,27,7,5,20,15,18,10,8,29,22,28,17,4,12,13,19,24,11,26
0,27,21,8,17,13,14,20,3,29,1,18,9,6,23,25,2,26,12,11,7,15,24,30,19,5,10,16,22,28,4
0,18,25,2,9,3,28,15,10,14,6,17,13,20,8,11,29,24,7,30,22,19,26,5,23,4,12,27,16,21,1
0,5,25,12,2,13,29,4,9,20,26,19,17,28,11,6,8,15,21,14,27,18,3,23,16,7,10,22,1,24,30
0,13,26,22,10,25,21,6,15,7,27,12,14,24,8,28,17,29,11,4,3,2,1,20,23,18,30,19,5,9,16
0,11,23,17,29,7,5,22,18,16,13,26,3,12,15,24,10,25,14,4,21,2,30,9,20,28,27,6,1,19,8
0,18,10,6,9,19,16,7,26,17,30,15,20,5,27,21,8,3,11,23,2,1,22,4,25,29,14,28,12,13,24
0,21,24,25,3,29,9,26,8,23,15,22,17,6,2,12,14,27,7,19,18,5,16,1,11,13,4,30,20,28,10
0,29,16,6,20,1,11,23,21,2,8,10,13,7,18,26,15,5,22,17,27,3,28,4,9,19,14,30,24,12,25
0,3,28,22,5,26,10,11,9,8,16,17,29,2,19,18,15,1,27,7,20,6,12,4,14,13,24,23,21,30,25
0,1,14,15,26,27,23,19,29,24,7,28,13,5,21,30,17,6,2,25,12,16,11,3,10,18,9,20,22,4,8
0,30,21,25,2,16,6,4,28,26,11,20,5,14,9,22,12,7,13,19,24,23,18,17,8,3,1,15,27,29,10
0,24,9,3,27,18,1,17,25,22,8,14,2,11,30,10,19,7,4,16,5,13,26,29,20,12,15,6,23,28,21
0,24,20,16,9,29,26,8,13,5,2,1,3,4,27,11,28,21,7,14,23,19,17,12,18,22,30,25,15,6,10
0,12,3,15,19,21,16,24,20,10,23,22,27,26,14,30,1,25,18,9,17,29,13,7,2,8,28,6,5,4,11
0,29,9,17,12,1,7,15,21,4,28,6,27,2,23,14,10,24,16,20,8,26,5,11,3,25,19,18,13,30,22
0,21,14,30,28,29,26,19,20,12,18,25,5,10,4,11,13,16,22,17,3,1,15,2,27,8,9,24,7,6,23
0,26,4,30,10,18,15,21,27,20,11,1,24,23,29,8,17,25,5,3,14,6,16,22,7,28,13,2,9,19,12
0,16,26,1,8,21,2,17,27,15,13,28,5,10,11,18,20,23,9,12,4,3,25,14,30,29,22,7,24,19,6
0,18,26,9,27,30,6,3,25,1,7,20,13,14,29,23,21,11,2,10,17,8,28,24,5,16,19,22,4,15,12
0,24,12,3,25,27,15,7,8,17,26,22,23,20,14,1,30,5,4,19,2,16,11,28,9,18,10,13,6,21,29
0,1,28,30,29,26,9,2,24,22,7,21,15,11,12,8,14,13,23,4,17,10,5,16,18,6,3,19,25,20,27
0,23,2,30,9,12,27,22,21,10,11,8,5,15,25,24,26,29,7,6,4,1,19,14,3,28,20,17,16,13,18
0,9,30,24,18,21,14,17,11,10,12,29,26,23,7,19,5,22,3,6,13,4,8,16,15,27,1,20,28,25,2
0,9,18,12,10,26,2,17,5,14,11,15,27,22,28,3,13,8,20,1,21,29,23,19,6,30,4,7,16,24,25
0,12,29,24,25,22,9,30,2,26,21,1,16,23,11,27,18,15,13,3,7,8,4,5,6,19,10,28,20,17,14
0,22,6,10,8,30,23,19,12,5,18,15,24,4,2,11,25,20,14,7,26,1,28,13,21,27,16,29,17,9,3
0,14,10,2,11,19,12,1,29,4,28,6,7,30,22,24,20,21,16,27,15,17,9,26,25,3,13,8,5,18,23
0,16,6,23,2,17,12,20,15,29,1,25,14,24,26,27,22,5,21,19,28,30,8,9,10,4,3,7,18,13,11
0,30,14,28,8,26,9,6,20,5,13,23,29,24,7,3,1,17,21,22,11,15,12,10,18,4,25,16,19,27,2
0,10,29,11,18,13,6,12,8,19,1,30,24,14,7,22,4,26,2,5,17,25,23,16,9,20,15,28,3,21,27
0,26,6,19,22,8,1,24,11,12,29,4,28,21,5,18,3,13,25,17,15,14,27,9,23,10,16,7,2,20,30
0,4,6,28,3,7,17,20,16,19,24,10,21,22,8,15,13,23,30,5,29,25,2,18,9,26,14,11,1,27,12
0,9,30,22,19,15,4,23,2,21,1,24,7,25,11,5,12,6,29,14,28,18,3,13,10,20,16,17,8,27,26
0,23,6,18,9,7,14,25,2,10,12,27,15,30,16,19,17,20,22,13,1,29,28,11,21,26,5,8,24,3,4
0,26,7,3,14,23,27,11,10,16,6,18,25,13,4,8,29,21,5,19,2,30,24,17,15,9,12,22,20,1,28
0,27,6,30,10,4,28,18,29,11,22,15,3,5,12,24,23,20,14,17,25,13,7,2,9,16,19,1,26,21,8
0,16,25,12,22,17,2,8,13,21,29,26,3,23,30,24,11,27,6,20,4,14,15,28,9,10,18,19,5,7,1
0,10,26,1,12,19,13,15,22,16,27,23,29,18,5,28,17,4,14,6,20,7,21,30,9,24,8,25,11,3,2
0,5,20,11,23,8,16,13,6,1,4,30,22,7,14,18,25,21,12,26,19,10,9,28,2,17,15,27,24,3,29
0,5,19,2,22,29,15,26,10,1,7,16,9,8,14,18,24,21,23,3,4,17,28,11,20,27,6,12,13,25,30
0,10,25,12,9,23,18,3,19,8,30,24,1,14,26,17,13,20,11,27,6,22,28,2,4,16,7,5,29,21,15
0,21,26,11,14,13,6,12,1,27,23,28,7,15,30,22,16,2,10,8,17,19,4,18,29,5,9,25,3,20,24
0,30,16,21,8,13,4,3,15,29,7,18,20,14,26,25,5,23,27,6,11,28,17,19,2,22,1,10,9,12,24
0,4,20,15,6,26,12,10,2,7,25,14,8,24,22,17,23,30,13,19,18,28,29,9,27,3,21,16,11,5,1
0,27,9,12,17,24,15,30,23,14,11,8,13,18,25,2,3,16,5,19,21,1,20,10,4,26,28,22,29,6,7
0,21,29,4,9,22,1,28,15,3,6,2,26,13,24,5,11,23,27,17,10,8,12,19,14,20,30,7,25,18,16
0,19,3,15,17,26,5,21,11,14,18,22,29,28,24,4,2,16,7,23,10,25,1,13,9,20,27,12,8,30,6
0,25,9,23,10,2,24,14,27,28,16,3,5,22,12,20,18,4,17,7,29,26,8,13,30,15,6,19,21,11,1
0,16,28,21,4,1,24,19,5,11,12,23,26,3,2,25,17,15,13,27,10,20,9,7,6,8,30,29,22,18,14
0,1,16,23,21,7,12,5,14,30,24,10,19,2,26,6,27,11,20,9,18,17,13,8,22,25,28,15,3,29,4
0,23,29,20,2,24,5,30,21,16,18,28,4,25,7,9,22,6,15,10,11,12,1,17,3,27,19,8,26,14,13
0,23,15,7,25,16,26,4,9,19,20,6,3,18,1,24,11,12,10,2,30,13,21,17,14,28,29,5,27,22,8
0,15,19,29,21,13,5,10,1,12,7,22,24,27,6,4,11,2,25,30,18,17,8,20,23,3,14,28,9,26,16
0,9,5,4,1,16,14,3,13,6,20,28,8,19,23,7,24,10,12,2,26,25,15,11,18,27,22,30,17,21,29
0,7,29,3,10,15,1,25,14,22,24,16,2,17,26,28,30,11,5,12,8,19,20,27,9,18,6,23,21,4,13
0,30,11,29,4,7,1,10,28,3,27,25,24,8,20,19,23,12,14,6,13,2,22,17,5,16,21,26,9,18,15
0,12,23,9,18,1,16,30,25,7,17,21,5,24,27,2,26,10,13,11,15,8,22,28,6,14,4,20,29,19,3
0,24,16,8,15,19,14,10,3,18,25,7,2,5,20,27,1,13,12,22,28,23,26,30,17,11,9,21,4,29,6
0,3,29,12,25,2,7,9,8,11,14,5,22,28,1,17,21,4,13,18,6,24,10,30,19,27,23,16,26,20,15
0,15,10,5,13,21,2,28,29,26,14,3,6,8,22,20,24,16,25,7,11,17,30,27,4,12,23,19,1,9,18
0,16,4,1,7,8,13,29,22,30,17,18,20,15,25,19,6,21,12,2,11,28,23,9,27,26,5,3,10,14,24
0,4,17,28,20,22,16,18,21,14,29,13,2,6,30,5,11,12,15,24,19,1,26,10,23,9,27,8,3,7,25
0,24,3,10,12,25,20,4,6,1,22,5,30,7,17,27,2,21,8,29,13,19,23,14,9,15,26,11,28,18,16
0,10,4,12,14,13,6,15,26,25,29,24,3,2,23,27,5,9,19,1,22,7,30,28,11,17,20,21,16,18,8
0,25,13,16,21,7,30,8,18,23,24,27,28,6,4,15,29,17,10,22,3,2,20,5,1,26,14,19,11,9,12
0,15,23,14,6,10,12,1,21,4,22,19,8,30,17,11,16,7,3,27,2,20,18,13,29,9,5,26,24,25,28
0,7,26,9,17,25,28,8,13,23,16,4,27,21,24,30,6,29,22,10,14,11,12,19,1,5,3,18,20,2,15
0,7,13,18,30,15,5,25,17,1,29,22,4,2,28,6,19,23,3,16,8,14,24,12,10,21,27,26,9,20,11
0,25,6,4,20,12,2,26,15,27,17,16,28,7,21,14,19,30,9,11,5,23,24,10,8,3,13,1,18,22,29
0,17,2,22,5,19,7,21,27,18,6,13,14,30,3,16,8,1,24,4,9,26,28,11,23,29,25,20,10,12,15
0,21,18,4,20,13,2,10,29,5,19,12,16,25,11,14,26,15,7,17,9,30,28,23,6,24,1,8,22,27,3
0,7,17,13,1,5,12,22,15,18,23,21,20,8,25,27,30,28,29,24,14,4,6,19,3,10,16,26,11,9,2
0,29,19,1,26,20,6,15,12,21,17,16,2,11,13,8,27,28,9,18,10,3,30,4,25,24,14,22,7,5,23
0,17,20,30,10,22,4,19,14,15,26,13,16,7,8,23,11,25,2,21,24,18,28,3,5,27,29,9,1,6,12
0,13,23,29,8,22,30,7,28,12,4,16,5,26,24,3,21,18,27,15,6,25,19,11,17,14,1,10,20,9,2
0,9,7,11,23,8,15,19,29,6,26,28,21,22,4,20,30,24,18,1,14,17,2,3,27,10,5,13,16,12,25
0,22,11,7,20,9,21,28,3,8,5,18,26,12,6,23,14,10,16,15,2,1,13,25,24,29,4,27,17,19,30
0,15,19,3,5,12,30,11,9,27,6,2,29,20,7,28,10,13,25,8,18,1,23,16,4,14,26,24,22,17,21
0,26,27,25,5,2,3,1,18,24,17,6,28,14,13,30,21,19,20,10,16,22,4,23,12,15,7,9,11,29,8
0,29,4,8,11,19,26,30,6,20,17,9,1,13,15,27,16,18,3,14,28,23,12,21,2,7,24,10,5,25,22
0,17,8,13,5,14,15,23,10,24,6,9,28,22,7,30,1,20,18,26,16,19,21,12,27,25,4,11,2,29,3
0,3,1,22,16,13,18,10,20,24,14,21,11,7,8,23,27,26,5,12,6,30,15,4,17,2,29,28,19,25,9
0,18,5,8,20,28,4,30,19,3,26,14,24,9,2,15,27,16,23,10,13,12,25,6,21,11,7,1,22,29,17
0,23,28,17,2,6,1,30,3,13,21,20,14,15,26,19,29,27,8,11,9,7,18,24,4,16,25,12,5,22,10
0,1,2,8,7,22,20,16,28,5,3,24,29,15,14,9,6,13,18,27,23,10,11,19,17,26,4,12,25,30,21
0,18,17,28,12,13,29,10,4,7,23,8,21,6,16,19,15,30,14,1,5,25,22,20,11,9,2,3,26,27,24
0,14,16,17,25,30,11,26,24,20,12,3,21,23,15,6,27,19,9,28,8,1,2,13,22,29,18,10,7,4,5
0,8,23,7,17,18,11,16,22,29,27,15,20,10,13,24,6,25,21,19,5,28,2,14,9,4,30,3,26,1,12
0,23,14,29,11,26,28,21,12,15,8,20,30,16,9,1,19,22,24,6,17,18,5,10,25,7,27,4,3,13,2
0,17,11,3,7,28,6,2,29,21,9,20,30,5,1,23,13,14,10,19,25,8,15,27,18,4,16,12,26,24,22
0,13,2,5,9,8,7,25,18,1,20,22,30,24,15,4,26,3,29,27,14,12,6,28,17,21,11,10,23,16,19
0,26,6,20,25,21,19,2,28,7,14,1,12,24,9,4,13,18,29,15,23,27,10,22,3,5,17,11,16,8,30
0,25,3,18,4,28,16,26,20,29,24,5,11,6,13,27,17,23,9,14,10,2,8,7,30,1,21,15,19,22,12
0,14,19,30,5,11,6,12,9,18,7,1,29,13,24,20,21,10,17,15,3,28,23,25,16,2,22,27,26,4,8
0,22,15,2,20,7,12,4,3,30,26,27,24,23,1,8,29,21,10,6,11,28,16,5,13,14,18,9,19,17,25
0,6,16,14,19,13,29,12,21,11,17,18,30,25,26,2,3,15,20,27,4,10,24,23,22,7,5,9,8,28,1
0,24,20,25,6,1,22,14,29,30,9,8,18,23,27,15,28,7,26,4,3,16,2,13,5,10,12,21,19,17,11
0,8,3,24,20,7,22,10,13,19,27,18,29,9,30,2,23,5,14,25,1,4,6,21,12,28,15,26,16,11,17
0,7,18,20,19,14,23,28,26,25,29,13,6,3,16,5,9,12,17,8,22,1,11,2,24,15,30,4,21,27,10
0,19,29,17,22,25,2,27,23,18,21,28,20,15,30,8,12,1,3,14,16,13,9,7,11,26,5,6,4,24,10
0,24,21,19,22,8,17,2,28,7,26,15,23,14,11,13,20,5,1,6,25,3,29,27,10,18,12,9,30,4,16
0,28,8,17,21,22,14,11,15,25,12,20,16,26,30,29,19,5,7,13,18,1,10,9,6,4,23,3,24,27,2
0,18,29,25,27,17,3,21,2,5,20,30,4,23,28,11,22,15,16,24,8,26,19,1,10,6,14,9,7,12,13
0,19,29,3,28,17,7,14,11,21,1,16,23,10,20,15,8,13,26,5,9,12,6,22,24,30,27,18,25,2,4
0,17,7,23,25,8,9,3,19,21,28,20,6,16,22,29,30,5,26,11,1,15,18,27,2,14,10,13,12,4,24
0,9,4,27,15,16,1,21,26,12,19,13,11,17,6,7,25,18,22,5,3,23,2,20,24,10,8,29,14,30,28
0,22,13,17,2,8,27,5,15,26,12,20,25,28,3,11,6,24,18,21,1,29,4,23,10,30,16,14,9,19,7
0,18,4,27,19,24,17,8,25,26,6,28,20,9,14,7,30,29,2,11,12,16,21,5,3,15,23,22,1,13,10
0,4,30,24,10,27,19,2,6,9,21,23,12,28,22,1,26,8,5,17,3,16,25,14,13,20,29,15,7,11,18
0,7,14,26,13,25,9,5,16,30,19,1,8,10,18,23,24,22,6,15,20,11,21,29,12,27,28,17,4,2,3
0,14,30,15,26,17,5,7,2,19,4,25,29,12,6,24,27,16,13,10,9,1,20,11,21,28,23,8,3,22,18
0,26,11,6,15,13,29,4,14,3,10,22,18,25,19,12,23,16,20,1,27,28,9,24,30,8,5,17,21,7,2
0,29,21,24,15,5,11,16,4,30,20,1,27,8,14,13,7,3,23,12,9,17,22,6,19,18,10,26,28,25,2
0,22,11,24,3,2,28,17,12,19,20,23,27,26,25,30,14,8,13,10,18,16,5,9,1,4,21,6,29,7,15
0,3,18,30,4,14,15,12,26,25,1,9,16,11,5,29,6,19,2,20,17,13,23,27,22,8,7,21,28,10,24
0,17,8,21,30,22,15,28,27,1,5,13,4,29,12,18,10,2,6,7,9,26,3,24,11,23,14,19,16,20,25
0,27,6,29,23,5,4,22,28,12,2,18,25,14,30,17,3,10,9,21,26,24,11,15,20,19,7,1,8,13,16
0,8,23,29,24,5,16,14,9,11,10,15,13,25,2,22,20,1,28,30,19,17,3,27,6,7,21,26,18,4,12
0,12,4,13,11,18,5,9,23,26,3,25,1,28,24,22,21,10,7,17,27,14,6,16,20,19,8,15,2,29,30
0,19,23,5,1,7,3,26,8,10,2,25,24,29,13,17,9,18,30,6,27,4,16,12,20,11,28,22,14,21,15
0,30,4,25,22,2,17,21,3,20,14,28,1,15,16,8,23,7,10,12,5,11,13,29,9,6,18,19,24,26,27
0,3,19,16,8,2,15,1,13,29,17,21,7,26,24,20,11,23,27,28,4,5,12,9,25,30,14,6,18,10,22
0,7,3,4,16,30,26,2,18,8,23,20,25,27,14,24,21,12,15,29,9,1,6,13,28,11,19,17,22,5,10
0,16,17,26,23,6,4,25,11,12,18,21,10,13,3,24,8,5,22,2,30,28,20,27,19,9,7,1,29,14,15
0,2,3,28,7,12,20,5,10,17,6,1,13,14,8,21,9,11,18,16,24,19,4,26,27,15,23,22,25,29,30
0,22,3,6,17,20,15,30,5,28,8,21,9,2,7,16,18,1,13,29,19,26,14,10,25,27,11,23,4,24,12
0,6,12,7,22,1,15,24,27,8,25,16,4,10,29,17,19,13,2,18,3,26,20,23,14,21,30,5,28,11,9
0,25,20,11,6,30,8,1,5,27,16,18,9,12,28,13,2,23,10,4,22,14,7,26,3,15,24,21,19,17,29
0,27,15,2,16,4,8,9,10,5,23,13,21,25,26,18,14,1,7,3,20,29,11,22,30,17,24,19,12,6,28
0,24,18,10,16,5,19,25,27,7,8,6,4,12,1,30,13,21,26,14,23,11,29,17,28,22,9,2,15,3,20
0,2,25,3,16,5,12,19,13,4,10,27,7,8,11,14,17,22,23,24,1,9,20,21,28,30,15,18,6,26,29
0,2,22,13,18,1,19,30,5,24,25,6,17,3,8,10,14,7,15,12,29,9,26,16,4,28,23,20,27,21,11
0,2,25,10,17,3,13,18,14,23,12,24,28,6,5,9,15,1,30,29,20,11,19,7,8,4,21,26,16,27,22
0,17,11,25,21,16,30,27,29,14,1,12,4,9,20,15,28,19,8,2,5,26,22,13,18,7,24,3,23,6,10
0,7,30,21,26,1,11,3,23,2,24,6,10,4,15,28,22,9,8,12,16,25,5,13,29,14,17,27,18,19,20
0,30,21,11,8,15,20,28,14,13,24,10,18,22,6,16,3,12,23,7,1,4,17,29,27,25,2,26,5,19,9
0,21,22,14,5,10,6,20,4,15,13,29,1,16,12,23,25,7,24,28,19,27,8,11,2,17,3,18,30,9,26
0,14,26,9,28,7,12,21,30,16,23,22,27,10,5,11,29,15,19,20,24,1,3,8,2,18,13,4,25,6,17
0,8,17,12,14,23,16,26,2,22,4,13,7,3,24,5,18,11,19,27,30,1,9,6,15,25,28,21,29,20,10
0,4,22,7,24,21,11,29,1,13,3,20,12,26,16,10,15,5,6,17,25,9,27,18,8,2,30,23,28,14,19
0,3,1,4,11,15,6,16,14,9,21,12,23,28,27,25,7,17,10,22,18,24,20,2,8,19,26,30,13,5,29
0,29,7,10,14,9,15,25,21,11,28,19,22,20,30,1,3,16,18,26,8,2,17,4,6,24,27,23,12,5,13
0,13,18,26,21,15,14,19,20,22,25,2,16,24,4,10,11,3,30,12,27,29,5,17,28,6,8,7,23,1,9
0,26,24,18,25,16,23,19,8,14,7,29,11,6,28,30,12,27,22,13,3,2,15,5,1,17,9,4,20,10,21
0,3,17,21,20,12,2,26,16,18,4,25,1,6,15,22,10,23,8,24,28,19,13,9,29,7,27,5,14,11,30
0,19,10,16,27,26,20,14,22,28,12,25,4,2,8,29,30,3,5,6,18,1,9,24,11,21,17,23,15,7,13
0,30,28,23,18,26,4,29,25,11,5,13,27,14,16,9,15,1,3,2,10,20,6,24,8,22,17,21,19,7,12
0,21,25,17,28,26,2,24,7,10,9,12,3,14,13,27,5,22,16,15,18,1,20,11,29,4,23,30,19,6,8
0,17,8,27,30,19,11,10,4,3,5,6,12,20,1,13,21,28,29,24,2,18,9,14,22,26,23,25,16,7,15
0,21,17,10,13,7,5,4,25,22,15,2,24,6,27,14,16,30,8,26,20,28,19,23,18,3,9,12,29,11,1
0,2,1,11,20,8,28,6,22,25,26,19,7,16,3,5,4,27,21,23,14,10,13,18,30,12,15,9,17,29,24
0,23,21,13,1,15,5,10,16,17,14,12,3,24,26,30,29,4,28,11,22,18,9,7,27,8,2,25,20,6,19
0,20,22,11,25,14,6,10,2,9,12,24,5,27,26,4,16,18,13,3,19,23,8,29,17,30,28,7,21,1,15
0,19,15,30,25,12,20,23,11,22,16,21,24,9,8,5,6,13,18,29,2,10,17,26,3,28,1,14,7,27,4
0,27,18,8,10,1,15,7,22,4,30,17,5,14,25,28,12,2,23,6,11,21,24,16,29,26,20,9,3,13,19
0,6,16,29,27,28,25,11,19,14,22,18,8,7,15,17,26,13,2,1,30,5,9,24,12,21,3,20,10,23,4
0,16,21,5,3,29,17,30,2,11,13,23,24,10,14,28,12,7,20,8,1,26,9,19,6,22,25,4,18,15,27
0,12,3,21,8,17,19,14,18,11,15,5,9,2,27,29,6,28,16,7,4,30,26,24,23,13,10,1,25,20,22
0,16,28,4,14,30,2,9,1,8,20,13,18,22,11,24,21,19,5,6,7,23,17,26,3,12,15,27,10,25,29
0,23,11,19,5,13,25,12,22,8,9,29,10,26,18,15,27,3,6,30,28,24,2,1,7,17,21,4,20,16,14
0,9,19,30,24,1,13,23,3,22,16,27,29,14,8,4,6,26,12,18,25,10,2,11,17,21,15,28,5,20,7
0,27,6,12,7,18,26,24,20,21,29,22,30,14,17,2,1,15,9,8,25,3,19,23,11,28,10,5,13,4,16
0,10,16,2,3,6,21,20,22,25,18,13,23,9,27,26,30,8,7,14,19,24,4,29,11,17,28,12,1,5,15
0,1,18,21,8,27,16,19,30,2,4,12,3,22,25,20,11,28,7,10,15,26,5,14,13,17,29,23,24,6,9
0,15,20,6,23,17,28,26,8,14,7,30,25,21,4,9,1,16,10,13,29,18,5,3,19,12,2,24,22,11,27
0,26,12,8,3,1,25,23,9,15,18,13,24,11,16,4,14,17,27,22,2,6,28,29,10,7,5,30,19,20,21
0,1,3,23,13,14,19,5,7,25,17,8,28,27,11,21,6,10,30,12,29,18,24,4,26,9,15,20,16,22,2
0,24,6,11,5,9,22,25,16,18,27,2,12,17,26,21,3,23,8,10,14,29,7,19,30,28,20,1,4,13,15
0,30,21,1,14,10,16,29,12,5,7,23,27,4,19,26,9,24,18,25,28,15,22,17,2,3,13,6,11,8,20
0,8,12,21,26,1,18,20,13,30,4,7,16,6,23,24,14,22,10,2,5,11,17,27,25,28,3,19,29,9,15
0,20,8,3,23,27,16,11,12,19,21,10,13,17,28,26,18,6,2,5,25,15,30,7,29,4,22,24,14,1,9
0,12,29,28,21,10,14,22,13,23,26,1,20,4,30,11,17,7,9,5,8,6,16,27,24,25,18,3,19,15,2
0,26,28,24,9,25,18,21,30,14,15,11,19,29,22,6,23,16,4,17,13,10,12,2,8,20,27,5,1,7,3
0,3,20,15,18,29,4,2,7,30,22,16,26,19,17,27,10,11,6,25,8,12,9,1,13,14,28,24,21,23,5
0,9,10,25,24,3,5,7,8,2,21,11,19,15,17,1,23,29,18,27,12,14,28,22,20,4,13,30,26,6,16
0,20,29,16,3,15,1,30,21,22,13,17,19,23,5,2,11,9,12,24,4,18,14,26,27,8,28,6,10,7,25
0,3,18,29,27,13,22,2,12,15,20,30,26,19,9,7,16,14,24,4,10,23,17,6,1,5,25,11,8,21,28
0,24,26,6,8,28,14,30,10,3,1,15,4,18,16,22,11,2,29,27,7,5,21,9,19,23,13,12,17,20,25
0,29,13,7,12,1,15,10,24,14,11,21,30,2,4,9,20,28,18,22,8,25,3,26,27,23,16,6,17,19,5
0,4,7,19,23,8,29,13,17,22,5,16,12,11,27,28,15,21,9,26,20,24,3,14,1,25,30,18,6,10,2
0,25,12,21,30,24,28,14,10,19,1,15,6,13,29,7,9,11,4,8,17,20,18,5,2,16,27,22,26,3,23
0,24,16,23,3,13,8,12,21,29,5,17,10,26,27,2,9,22,6,14,19,15,30,20,28,11,25,7,1,4,18
0,6,23,19,2,11,20,17,22,9,7,14,29,25,4,12,1,10,15,26,27,16,30,18,24,13,3,5,28,8,21
0,29,24,30,19,14,17,3,9,8,23,11,16,25,2,18,28,5,27,6,21,1,20,26,22,4,7,13,15,10,12
0,19,4,28,30,16,29,12,5,13,7,6,9,17,23,15,26,1,27,24,11,20,22,2,10,14,21,3,18,8,25
0,16,19,20,3,18,22,5,24,2,27,26,6,4,7,21,14,15,25,17,28,9,12,13,23,11,10,1,30,29,8
0,16,8,30,11,29,20,10,18,27,1,3,6,25,9,26,17,2,7,5,21,23,22,24,15,19,13,28,14,4,12
0,21,29,30,11,10,16,20,25,15,8,6,3,4,23,26,9,28,18,7,1,12,22,5,14,24,19,13,27,2,17
0,29,9,2,6,23,13,26,12,22,3,28,11,24,30,16,14,27,8,15,18,17,5,1,21,7,10,4,25,20,19
0,16,8,10,1,2,15,19,3,17,24,21,7,9,30,25,27,14,6,23,13,29,28,20,22,12,26,5,11,4,18
0,5,16,29,24,23,3,14,10,26,18,2,9,28,17,30,12,19,6,21,7,1,25,8,27,13,20,15,22,11,4
0,21,16,20,3,4,27,23,19,10,1,22,11,15,26,14,29,9,6,2,12,18,5,28,24,17,30,25,13,8,7
0,2,21,11,5,14,9,22,20,8,6,24,12,23,18,1,3,26,15,10,7,25,28,13,27,29,4,16,30,19,17
0,30,25,10,26,8,12,19,14,29,5,18,1,3,27,24,22,11,21,7,4,15,20,6,9,2,17,28,13,16,23
0,4,6,26,15,3,8,19,11,7,25,22,9,24,5,14,28,21,13,10,1,16,17,30,18,23,2,20,12,29,27
0,9,25,8,24,18,29,30,10,16,26,4,6,13,27,20,28,12,14,11,5,23,1,22,7,21,2,15,19,3,17
0,10,21,4,17,30,15,13,1,8,14,3,2,23,28,27,5,20,7,16,6,29,24,26,11,19,18,25,22,9,12
0,29,26,3,25,28,5,24,8,2,27,12,7,19,6,13,17,18,15,11,14,16,10,9,22,30,1,23,20,21,4
0,24,9,3,13,21,25,11,7,15,20,17,22,29,28,8,26,10,23,16,4,12,18,30,2,5,14,19,6,1,27
0,4,2,7,21,3,24,26,25,14,20,13,6,8,17,16,11,9,22,28,23,10,5,30,15,1,19,18,12,27,29
0,16,26,12,19,8,2,23,20,30,4,21,7,14,15,22,11,5,18,25,17,1,6,29,13,27,24,3,10,28,9
0,9,15,24,20,12,6,5,19,25,8,26,22,29,14,11,16,7,23,21,3,13,17,30,18,28,1,4,10,27,2
0,28,18,21,4,9,12,15,8,23,3,16,13,30,25,11,5,29,24,7,2,1,10,6,17,22,20,14,27,19,26
0,4,28,1,27,30,24,14,3,2,22,19,25,11,20,23,12,10,18,15,16,17,7,26,29,6,21,13,8,9,5
0,5,28,11,19,30,4,17,6,23,3,29,16,15,13,22,14,8,25,18,1,26,2,9,10,21,27,24,20,12,7
0,4,28,7,10,11,1,3,20,26,12,22,27,18,17,9,24,19,2,30,23,8,16,25,21,5,29,15,6,13,14
0,7,22,1,11,27,19,24,16,17,21,28,26,3,29,5,10,12,2,25,23,13,18,6,4,9,8,15,30,20,14
0,28,20,13,26,19,3,25,9,11,15,22,29,10,4,1,7,24,27,12,23,2,18,16,5,8,21,30,14,6,17
0,29,4,16,23,15,18,20,6,7,26,17,2,8,9,10,22,19,28,5,3,1,30,12,24,14,27,25,13,21,11
0,7,22,6,30,18,21,9,28,1,5,16,15,26,13,19,14,29,27,25,10,4,3,12,8,11,2,20,24,17,23
0,27,23,6,22,7,15,26,8,13,30,20,29,5,17,9,16,2,28,24,18,11,21,4,19,1,12,14,10,25,3
0,27,18,12,30,7,20,1,17,8,28,24,4,29,9,21,16,11,2,22,13,19,26,23,6,10,15,5,3,14,25
0,1,24,12,20,17,15,10,28,22,18,21,5,25,14,30,23,9,3,19,2,16,13,27,26,4,7,6,29,11,8
0,25,13,4,14,16,18,28,2,7,21,26,20,5,23,12,11,8,15,6,10,22,24,1,19,30,27,29,3,17,9
0,15,28,19,12,29,13,27,7,17,16,25,9,24,4,18,6,20,14,30,3,11,1,10,23,26,21,5,2,22,8
0,30,21,19,13,4,28,8,26,5,20,18,1,25,6,27,12,7,10,23,3,17,15,29,11,22,24,9,14,16,2
0,3,23,19,13,29,24,4,25,28,1,14,10,7,9,26,17,27,15,6,18,22,5,30,12,8,16,21,11,2,20
0,24,25,17,9,10,6,2,14,26,30,8,5,19,1,18,23,21,29,7,22,11,15,13,3,4,28,16,27,20,12
0,9,17,12,26,11,18,28,5,19,2,23,20,7,16,14,27,1,6,22,10,30,15,25,3,24,29,21,4,8,13
0,1,5,8,9,12,13,22,20,21,18,11,2,16,14,24,15,19,3,26,4,29,23,17,27,6,25,28,10,30,7
0,22,27,29,10,5,24,7,21,1,3,20,16,17,19,15,6,12,4,14,26,9,28,11,13,2,23,18,25,8,30
0,22,16,26,2,21,6,28,5,13,10,4,20,12,25,27,11,19,29,9,24,17,30,8,18,14,1,23,3,7,15
0,25,17,23,15,20,5,3,27,28,4,16,7,2,18,13,10,6,8,11,26,9,30,19,12,14,21,29,24,1,22
0,10,14,21,23,5,26,30,12,28,6,29,4,13,25,17,3,19,8,2,15,1,27,24,16,20,18,11,22,9,7
0,8,14,11,2,25,9,3,4,22,20,29,27,5,24,28,12,16,15,6,26,21,18,19,23,13,10,1,7,17,30
0,25,30,18,21,3,5,29,8,16,19,12,23,24,22,15,1,6,20,7,14,17,10,2,11,13,28,4,9,26,27
0,14,21,3,5,30,22,16,6,10,15,20,29,18,4,8,12,2,17,9,27,1,23,19,13,25,11,24,28,7,26
0,19,22,10,12,8,15,16,14,11,26,3,7,25,21,2,9,29,6,27,1,28,13,17,20,5,30,18,4,24,23
0,18,3,7,27,26,28,1,14,9,23,13,19,11,16,30,22,6,12,10,5,4,20,2,17,29,15,24,21,25,8
0,24,8,12,19,17,1,2,13,21,27,16,3,4,5,28,10,29,15,23,7,22,26,14,6,25,20,30,9,11,18
0,30,23,1,8,9,29,11,6,28,20,25,17,21,13,27,4,3,7,16,19,5,10,14,15,2,18,12,26,24,22
0,13,17,10,30,9,12,28,4,11,7,23,8,20,14,16,6,24,26,15,21,27,1,2,29,3,25,18,22,19,5
0,25,10,11,7,1,17,3,21,14,15,4,23,20,26,28,27,2,30,19,8,24,6,9,29,16,12,18,5,22,13
0,7,23,27,1,5,2,29,9,6,21,22,16,25,11,12,24,15,10,30,17,14,13,4,3,28,26,19,8,20,18
0,20,30,13,23,3,8,16,24,2,19,28,11,4,1,10,29,22,17,15,5,14,9,27,26,6,18,12,7,25,21
0,1,4,13,28,16,12,24,29,26,7,10,21,6,17,20,11,2,22,14,3,8,18,23,19,9,5,15,25,27,30
0,15,12,11,17,24,2,21,20,13,9,25,7,22,27,26,10,30,14,29,23,19,3,8,1,4,6,18,16,28,5
0,13,28,4,2,29,18,1,10,9,5,23,3,6,8,7,19,16,30,12,22,25,24,14,21,17,15,26,20,11,27
0,8,3,23,22,18,20,2,26,19,11,14,5,15,30,16,25,1,29,9,4,27,21,13,17,6,12,7,28,10,24
0,6,12,30,22,25,8,13,26,27,14,29,19,21,24,28,23,1,11,4,7,16,20,17,9,3,5,2,15,18,10
0,26,28,15,29,25,6,13,19,17,21,24,30,20,22,1,12,10,14,9,3,16,8,7,2,11,4,5,23,18,27
0,22,30,6,12,20,25,2,11,14,1,27,13,9,29,19,7,24,23,26,5,3,8,17,15,28,21,18,4,16,10
0,5,4,29,21,15,1,23,20,2,8,19,25,30,17,24,28,14,27,22,16,7,11,26,3,13,12,9,6,10,18
0,27,11,7,8,22,12,15,19,24,3,6,14,4,20,26,10,29,16,18,17,13,25,5,23,30,1,9,28,2,21
0,9,21,26,30,16,24,12,14,23,7,2,10,20,19,25,18,1,3,6,4,8,11,15,17,29,27,22,28,13,5
0,29,24,5,28,23,7,1,15,14,27,16,11,8,30,25,26,4,22,18,19,6,12,9,2,21,10,20,13,17,3
0,26,8,17,27,5,29,10,25,16,20,21,30,28,18,7,9,15,13,3,11,4,1,19,2,6,24,22,23,14,12
0,27,24,5,28,30,12,7,23,17,3,4,1,9,13,8,19,21,10,2,20,22,18,14,15,25,16,11,26,6,29
0,3,29,23,13,8,21,2,18,1,22,19,11,10,12,25,24,20,26,6,28,16,4,9,14,30,17,5,15,7,27
0,28,12,4,14,5,7,24,29,26,23,1,18,17,10,15,2,3,21,16,11,6,8,27,30,22,25,19,9,20,13
0,17,3,20,12,28,14,24,1,15,6,19,29,21,22,26,5,27,16,4,2,23,7,25,10,13,9,30,18,11,8
0,29,3,23,7,25,17,11,2,9,14,22,26,6,21,24,1,5,28,8,12,20,4,27,19,15,16,18,10,30,13
0,28,14,8,2,19,7,1,13,23,10,20,21,5,24,26,29,18,15,6,9,27,3,25,17,12,11,30,16,4,22
0,22,10,11,8,7,19,4,17,27,15,18,14,13,24,1,16,2,5,30,29,21,23,9,26,12,3,6,20,25,28
0,23,16,3,5,27,4,8,1,20,18,26,7,29,14,19,12,24,22,15,17,13,28,21,2,11,25,6,9,30,10
0,25,14,6,29,22,9,5,17,12,13,11,4,1,21,26,30,20,7,18,8,28,23,3,10,2,19,16,15,27,24
0,5,16,9,4,12,29,30,18,19,10,3,25,27,1,26,22,6,21,13,17,24,23,8,11,20,2,14,28,7,15
0,14,11,5,30,19,2,15,9,21,27,7,1,17,16,4,29,20,26,10,23,28,6,24,8,3,18,12,22,25,13
0,10,14,6,17,21,24,4,12,15,30,28,1,25,9,26,7,22,20,8,2,29,19,11,27,3,16,5,23,13,18
0,15,29,25,16,7,5,1,4,22,6,24,11,27,30,3,8,26,13,2,10,17,14,19,21,20,23,18,12,28,9
0,2,10,24,11,29,25,14,9,6,26,22,20,12,27,5,13,1,16,28,18,23,30,21,17,8,15,19,3,4,7
0,15,14,12,5,24,18,4,11,3,8,23,26,21,1,22,16,7,19,20,30,29,2,10,28,6,27,13,17,25,9
0,24,14,11,9,30,28,15,20,2,18,17,3,1,22,26,8,7,13,21,4,29,5,6,27,10,12,16,19,23,25
0,6,2,15,26,19,8,11,27,4,10,29,22,9,17,24,20,30,3,23,21,7,1,18,13,5,14,25,28,12,16
0,10,30,3,21,14,4,6,2,26,1,18,11,23,9,28,13,25,19,20,15,22,17,16,5,8,12,24,7,29,27
0,16,2,10,4,18,12,17,6,27,28,15,13,29,25,5,7,9,8,22,1,30,20,21,11,23,19,24,14,26,3
0,8,12,28,1,2,25,4,17,20,16,26,13,24,9,30,18,6,21,5,19,11,10,14,15,22,27,23,7,3,29
0,11,3,22,9,19,5,16,15,23,24,8,2,1,7,4,28,10,13,25,6,12,20,17,29,18,27,30,26,21,14
0,8,27,16,6,22,9,11,7,23,2,19,17,24,18,20,30,26,4,12,25,13,29,14,21,10,3,5,1,28,15
0,24,28,26,6,27,21,16,10,4,20,8,22,9,30,23,15,25,18,13,11,2,1,7,5,17,14,29,19,3,12
0,19,30,28,13,6,15,25,10,27,9,24,12,23,8,18,1,14,17,4,7,26,16,2,29,20,22,5,11,21,3
0,11,25,15,6,14,3,10,20,8,12,9,2,26,18,7,1,17,22,30,5,29,23,21,28,4,16,24,27,19,13
0,8,11,15,28,29,27,30,23,26,17,16,9,24,22,14,18,19,10,4,7,5,25,20,12,6,13,3,2,21,1
0,19,9,10,18,3,17,11,26,6,14,4,12,27,23,25,8,16,30,22,28,2,1,24,29,21,7,13,5,15,20
0,21,3,24,14,15,16,12,1,25,19,10,7,2,27,26,8,28,29,11,5,6,17,4,9,22,30,20,18,13,23
0,17,30,25,22,9,19,2,8,21,28,15,10,23,12,6,13,14,11,29,16,24,18,1,27,20,26,4,5,7,3
0,23,6,7,13,10,1,26,2,14,15,5,4,30,22,18,11,29,17,3,19,24,9,21,25,28,12,27,8,16,20
0,2,10,25,7,28,12,14,13,17,18,11,9,8,15,20,1,22,16,29,23,21,30,3,6,27,19,5,4,26,24
0,21,10,9,17,24,11,22,6,14,25,20,16,27,2,3,7,8,15,4,19,26,30,5,23,1,18,12,29,28,13
0,16,28,15,25,20,24,14,4,12,9,29,1,11,3,23,5,8,2,10,21,17,27,13,22,19,6,7,30,26,18
0,13,21,5,7,17,12,6,26,30,22,18,8,15,2,25,11,20,19,4,24,9,10,16,1,23,29,3,27,14,28
0,17,30,2,3,10,16,25,11,13,22,6,21,8,29,9,26,23,15,18,28,27,5,1,4,19,20,14,7,24,12
0,4,9,10,17,23,15,28,11,30,5,3,16,27,26,20,7,19,29,13,8,14,12,22,24,1,6,25,21,2,18
0,22,28,4,25,27,29,13,26,10,19,9,12,11,30,3,16,21,24,7,2,18,15,17,8,20,1,5,6,14,23
0,26,13,29,6,7,3,10,30,1,21,2,17,14,11,12,18,5,20,27,25,24,23,28,16,15,19,8,22,9,4
0,3,2,25,24,26,10,11,23,9,17,14,19,16,7,4,22,20,28,8,15,13,12,1,5,18,21,30,29,6,27
0,27,29,13,3,28,23,9,30,1,15,14,20,21,4,24,18,25,19,8,26,2,6,5,7,16,22,11,12,10,17
0,24,9,23,19,26,21,5,6,20,17,22,11,16,27,7,10,14,8,3,30,15,1,4,2,25,18,28,13,29,12
0,16,30,28,10,4,23,6,21,12,5,24,14,8,2,17,20,27,22,11,3,1,7,25,26,18,15,13,29,19,9
0,19,2,12,18,21,30,4,20,3,25,17,1,28,29,8,9,15,23,7,26,22,27,16,24,10,11,13,6,14,5
0,28,9,14,10,24,27,30,19,12,25,5,23,6,1,2,13,20,8,21,7,17,3,26,18,4,29,15,11,22,16
0,23,29,22,19,6,27,21,25,14,13,11,28,8,30,26,20,1,10,5,3,2,24,7,12,16,17,9,4,15,18
0,22,12,1,6,2,10,27,15,8,5,13,23,9,4,29,16,20,28,30,11,26,25,14,3,24,21,18,7,19,17
0,12,10,13,8,9,5,11,19,21,18,3,26,2,23,27,25,7,4,28,15,20,14,29,1,17,6,22,16,30,24
0,15,10,20,29,30,27,24,18,16,2,1,21,14,13,4,19,8,11,23,7,26,3,5,28,6,25,22,17,9,12
0,19,8,7,29,30,27,25,26,11,9,23,13,18,1,22,17,2,28,5,16,6,4,24,21,20,3,15,12,10,14
0,11,8,22,29,1,18,4,12,7,20,21,25,19,9,26,3,23,15,14,2,28,24,6,13,16,17,27,30,10,5
0,6,28,10,9,2,5,26,25,27,1,3,8,11,22,16,17,24,23,12,15,7,21,30,29,4,18,13,20,19,14
0,9,22,16,4,11,3,14,5,8,23,15,24,6,10,21,2,18,1,13,25,20,19,30,26,7,29,28,17,12,27
0,22,25,9,21,30,23,8,29,11,26,27,28,16,24,5,15,13,14,3,6,18,1,10,19,2,7,17,12,4,20
0,1,5,10,3,26,9,23,8,15,17,7,29,25,20,12,18,14,2,21,19,27,16,30,24,6,4,28,22,13,11
0,8,1,20,3,2,12,23,5,4,24,13,21,6,19,11,28,22,15,14,18,7,9,10,27,29,25,26,16,30,17
0,25,22,16,27,29,4,5,30,17,12,9,11,13,15,1,8,3,23,19,26,14,21,18,20,24,6,7,10,2,28
0,17,12,28,2,16,21,15,14,13,19,25,27,10,4,18,9,11,6,29,23,24,22,5,1,30,7,20,26,8,3
0,7,2,29,1,8,11,4,22,18,6,12,28,26,14,16,13,15,30,3,25,23,20,19,21,24,9,27,5,17,10
0,12,29,13,25,9,5,3,21,1,24,10,8,26,27,15,23,30,16,4,20,28,22,19,6,2,18,14,17,7,11
0,10,19,7,29,20,5,6,16,26,24,25,28,12,14,4,18,30,11,1,27,13,15,21,8,23,9,2,3,17,22
0,21,9,18,5,26,27,8,6,1,11,3,23,24,17,25,16,15,7,10,12,13,30,22,19,14,20,2,4,29,28
0,23,12,1,4,16,30,18,22,28,24,5,20,10,17,6,3,21,19,11,7,2,14,26,9,8,27,25,13,15,29
0,13,12,18,19,14,1,23,5,8,20,2,11,21,17,22,7,30,24,10,25,27,28,9,3,6,15,4,16,26,29
0,28,1,27,11,14,26,29,5,7,25,30,19,20,6,3,9,12,17,24,22,16,4,13,8,15,10,21,2,18,23
0,11,18,9,1,10,3,30,4,22,13,20,16,6,26,28,29,14,24,17,21,5,2,27,25,7,23,19,12,8,15
0,3,19,15,2,14,6,29,24,12,21,9,1,7,16,5,25,13,4,28,30,17,27,8,11,23,10,20,26,18,22
0,7,5,14,27,17,20,8,22,18,29,10,24,25,19,1,28,23,30,4,21,15,26,11,3,16,2,9,13,6,12
0,16,13,27,9,18,29,3,11,20,26,15,7,2,21,23,6,30,12,5,1,22,24,8,4,17,19,14,28,25,10
0,24,22,7,3,5,11,18,29,16,9,17,15,21,28,2,14,8,12,1,20,13,23,4,6,26,19,10,30,25,27
0,29,3,10,8,11,14,30,22,12,1,16,21,18,20,7,24,9,23,15,17,26,5,28,25,13,2,19,4,27,6
0,3,23,25,18,17,30,28,2,8,11,19,14,22,21,29,10,13,7,1,20,12,15,27,24,16,9,6,5,4,26
0,3,15,12,19,14,27,17,7,4,11,26,16,23,21,24,2,22,13,20,30,29,5,6,10,1,8,9,28,25,18
0,26,16,27,4,23,10,21,29,12,8,20,22,9,6,13,19,18,25,14,15,3,24,17,2,28,1,30,11,7,5
0,22,1,18,28,12,10,27,23,11,9,24,7,26,13,14,16,25,15,2,20,30,19,3,8,4,5,6,17,29,21
0,22,8,18,13,23,19,28,17,7,14,16,1,9,25,5,21,30,24,4,6,10,12,11,3,15,26,2,20,27,29
0,30,11,19,8,28,14,27,18,2,15,23,24,10,16,26,5,4,12,17,6,3,21,9,7,29,20,25,1,22,13
0,15,18,25,20,5,8,13,14,23,28,7,29,19,1,12,16,22,10,6,27,2,3,26,21,4,30,9,17,11,24
0,27,22,11,3,7,25,6,23,8,30,1,4,18,5,24,21,17,20,28,10,12,13,29,19,15,9,16,26,2,14
0,14,4,11,2,8,24,12,10,16,3,26,13,25,28,20,27,15,17,23,22,29,1,21,30,6,19,7,9,18,5
0,18,11,29,3,27,13,21,24,23,12,5,28,26,7,17,9,16,2,1,8,20,19,14,22,30,15,25,6,4,10
0,13,3,25,19,10,20,24,15,28,14,6,9,2,7,22,11,4,26,30,1,29,17,12,5,23,21,27,16,18,8
0,19,22,17,26,10,6,24,4,1,9,5,13,15,25,30,18,27,12,20,8,23,11,29,14,21,3,2,7,16,28
0,14,7,23,28,30,25,21,19,16,13,24,22,27,3,4,29,5,6,11,26,20,15,17,2,1,9,10,18,12,8
0,15,12,13,9,24,25,23,21,17,19,6,27,28,18,16,7,5,29,4,8,20,22,10,30,26,1,3,2,11,14
0,26,13,5,28,7,19,11,1,25,18,9,30,21,15,8,29,20,10,22,27,6,2,17,12,23,24,3,4,16,14
0,24,4,18,25,26,23,13,17,15,12,2,10,6,11,14,27,28,30,7,16,9,5,8,1,20,19,22,21,3,29
0,27,14,30,3,24,16,26,13,12,20,15,25,7,22,23,19,1,21,2,9,29,11,8,4,18,28,10,17,5,6
0,27,18,7,22,1,2,14,6,26,13,16,24,17,4,8,19,11,5,28,3,25,15,29,30,23,9,20,12,10,21
0,24,15,16,29,6,2,20,12,4,8,21,26,27,17,19,28,23,11,14,7,18,5,1,30,25,3,13,22,9,10
0,18,5,28,7,21,3,14,13,20,30,10,1,12,19,11,24,16,29,15,22,2,9,26,17,6,23,25,4,27,8
0,14,28,9,8,19,23,2,11,13,18,25,15,20,16,12,5,1,7,4,24,6,3,30,29,22,26,17,27,21,10
0,30,4,1,7,16,9,17,19,3,14,25,28,23,2,13,6,18,24,26,10,5,11,21,20,22,12,8,27,15,29
0,29,5,11,20,27,25,8,6,23,19,2,21,3,14,4,7,18,12,26,10,30,9,24,28,17,16,13,22,1,15
0,2,7,8,24,9,17,14,28,6,19,20,16,26,4,27,13,1,10,5,18,12,3,21,11,22,15,29,23,30,25
0,16,14,9,26,3,4,10,22,29,27,1,2,8,5,19,7,13,17,12,25,20,24,21,18,30,28,6,15,23,11
0,11,29,19,1,10,20,21,27,3,23,18,12,8,25,6,26,5,15,9,4,17,7,14,16,30,2,22,24,28,13
0,10,18,16,7,8,25,24,28,22,19,13,29,23,12,30,2,14,17,6,27,20,3,9,21,11,15,26,4,1,5
0,13,1,10,15,19,22,27,12,4,8,30,3,2,6,14,26,16,20,17,21,5,9,28,29,24,18,25,7,23,11
0,3,22,26,12,29,27,4,24,19,9,23,1,7,14,17,18,13,5,30,10,2,8,11,28,25,16,21,15,6,20