159,160,394,161,942
160,160,409,162,492
159,160,304,160,205
158,158,343,159,738
157,159,374,159,267
158,158,261,159,872
159,159,291,159,187
160,162,261,161,167
159,160,307,160,174
157,158,306,158,348
158,159,433,159,214
160,161,341,160,212
159,160,297,160,556
158,158,382,159,352
159,159,378,160,283
159,159,298,160,854
159,160,394,160,260
158,159,390,158,1275
160,161,405,160,1167
158,159,445,158,883
159,160,414,160,675
158,159,422,159,177
159,161,227,161,283
160,161,184,162,357
157,158,166,158,559
159,160,329,160,362
158,159,451,160,245
158,159,395,160,389
160,161,449,161,949
158,160,469,160,755
159,159,402,159,227
158,160,276,158,468
158,159,380,159,261
159,159,391,161,992
158,159,345,159,533
159,160,349,161,276
159,160,375,160,274
159,161,374,160,586
158,159,325,159,161
158,159,201,158,243
160,161,307,161,346
157,159,313,158,243
157,157,227,157,195
158,158,449,158,510
158,159,427,160,406
159,160,361,161,224
160,162,421,162,279
159,160,528,160,511
159,159,421,161,475
158,159,447,160,711
159,160,484,160,842
159,160,487,160,636
160,162,436,161,262
160,162,413,161,347
159,160,503,160,254
159,160,230,160,257
158,158,215,158,196
160,162,256,161,210
159,159,295,161,169
158,159,297,160,193
160,161,294,161,1012
158,158,316,159,451
160,161,370,162,232
157,159,440,159,528
160,160,432,160,313
160,160,365,161,379
159,160,251,161,1017
156,157,299,158,237
157,158,566,159,358
159,160,255,159,519
158,158,494,159,234
158,160,393,159,228
158,160,402,159,1137
159,159,389,160,648
159,160,308,160,219
159,160,316,160,203
160,161,501,161,400
158,159,172,159,482
159,160,322,162,354
159,160,366,160,258
159,159,406,161,249
159,159,384,161,1403
159,160,354,160,219
158,158,444,159,888
160,162,374,161,256
158,159,322,159,211
160,161,449,161,234
159,160,345,160,238
159,160,431,160,276
159,160,273,159,384
157,158,484,159,524
159,159,308,160,178
160,161,285,161,664
158,160,310,159,160
159,160,306,159,169
160,160,202,161,205
159,160,348,159,239
158,159,410,159,982
159,159,292,161,703
160,161,181,161,939
158,159,485,159,242
160,163,395,161,393
160,161,385,161,378
159,160,320,159,386
160,161,405,162,254
158,159,415,159,222
159,160,412,160,782
159,161,193,160,285
159,160,410,160,404
160,161,227,161,304
159,160,344,159,184
158,158,323,160,569
160,162,262,161,290
159,160,261,160,724
159,161,416,161,1388
159,160,358,161,407
159,160,359,161,643
159,160,361,160,249
159,160,399,160,240
159,159,454,160,500
158,159,209,158,243
159,160,577,160,377
160,161,388,162,1207
160,161,393,160,228
158,159,435,159,761
158,158,376,159,163
156,158,328,157,169
159,160,267,160,240
158,159,256,160,452
160,161,317,161,161
159,159,348,160,278
156,156,457,158,397
159,160,450,161,230
158,159,349,159,547
159,160,500,160,520
159,160,345,160,315
160,162,485,161,642
159,159,456,159,515
157,158,378,158,386
160,160,392,162,1354
158,159,401,160,204
159,160,372,159,699
158,159,363,160,161
158,159,430,160,255
158,159,341,159,164
159,160,236,159,350
160,161,256,160,210
160,161,285,161,245
159,159,462,160,739
159,160,255,159,367
159,159,387,160,1098
160,161,557,161,262
156,157,409,157,214
158,160,484,159,1526
158,159,478,159,274
159,160,510,160,231
158,159,425,158,618
159,160,389,159,275
159,160,295,160,772
159,160,282,159,621
159,160,313,160,158
159,160,322,161,173
158,160,306,160,266
159,159,428,160,745
159,160,379,160,394
159,160,400,159,1327
159,160,404,161,912
158,160,474,159,253
158,158,416,158,222
159,160,369,159,262
158,158,401,158,256
158,158,424,159,365
158,159,305,158,222
157,159,380,158,241
159,160,412,161,361
159,160,405,161,240
159,161,209,160,572
158,159,113,158,186
158,160,300,159,795
159,161,523,159,367
158,160,403,159,502
159,160,382,160,700
160,161,415,162,294
159,159,275,161,418
160,161,351,161,350
159,159,276,160,249
158,159,260,160,210
157,158,513,158,496
158,160,409,158,251
159,160,405,160,211
158,159,956,160,843
159,160,229,161,515
158,158,382,160,211
158,158,550,159,528
159,160,296,162,344
159,160,198,160,282
157,158,254,159,216
159,161,321,159,216
158,158,289,160,231
158,159,433,159,220
159,159,437,160,288
158,159,515,160,269
158,159,399,158,504
159,160,383,160,277
159,160,261,161,484
159,160,160,160,251
159,160,246,161,244
160,161,504,161,241
159,159,373,160,220
158,159,413,160,360
160,161,410,161,250
157,158,502,158,231
159,159,439,161,763
158,159,375,159,207
160,161,300,161,300
158,159,333,159,623
159,160,273,160,164
159,161,295,160,356
156,157,465,158,354
159,159,338,160,227
159,160,427,160,380
160,161,265,162,575
159,159,295,160,251
159,160,472,161,300
159,159,370,159,621
160,161,392,161,246
159,160,441,160,225
159,160,401,161,768
158,159,376,159,219
159,159,347,161,343
159,159,456,160,304
160,161,276,162,739
159,160,206,160,265
158,158,344,159,161
160,162,251,161,260
157,157,315,157,877
158,158,408,160,1201
159,161,441,160,936
159,160,368,160,931
158,159,294,161,403
159,159,436,161,790
159,161,385,160,687
160,160,312,161,775
159,160,358,162,595
157,158,302,157,418
159,160,386,161,260
158,159,381,158,168
158,158,318,160,183
157,158,277,158,614
160,161,279,160,259
158,159,232,159,492
158,159,420,159,224
159,161,286,160,209
159,159,354,159,378
158,159,224,158,242
158,159,386,160,242
157,158,358,159,465
157,158,347,159,381
160,161,276,162,218
158,159,503,160,357
160,160,388,162,479
159,160,277,160,249
159,159,274,161,234
158,159,500,159,1012
159,160,287,159,255
158,158,323,160,734
160,161,268,162,269
159,160,296,161,189
157,158,254,158,195
159,160,308,160,328
159,159,152,161,256
158,160,328,159,225
159,161,408,159,234
158,158,412,160,373
160,161,374,161,220
157,157,362,157,240
159,159,380,159,284
158,159,423,160,366
157,158,358,158,378
158,160,423,159,216
160,161,342,161,367
157,157,369,159,536
157,159,496,157,668
159,160,510,160,904
159,161,426,160,876
158,159,298,158,532
160,161,272,161,170
159,159,307,160,371
158,160,305,159,221
159,159,403,161,677
160,161,362,161,612
157,157,363,157,203
159,159,352,160,391
158,159,469,159,671
159,159,388,160,349
159,160,457,161,400
160,162,298,161,557
158,159,453,160,293
159,160,436,160,491
159,159,137,160,371
159,161,400,160,297
159,160,360,161,233
159,160,221,160,207
159,160,322,159,306
159,160,301,159,381
159,160,299,161,385
160,161,311,161,346
158,159,392,160,330
160,162,409,161,624
159,160,513,160,223
159,160,449,161,226
160,161,332,160,556
159,160,416,161,767
159,160,434,161,247
158,158,402,159,262
158,159,402,159,517
159,161,353,160,1053
160,162,370,161,1013
158,159,329,161,327
157,159,322,158,1182
157,158,172,158,1290
159,160,360,160,1618
158,158,459,159,226
158,160,416,159,1281
160,161,359,160,857
159,161,339,160,254
159,159,388,159,325
158,159,414,159,1150
159,160,440,159,245
158,158,441,160,377
159,161,388,160,222
158,160,394,158,202
159,160,245,161,196
158,159,298,159,163
158,159,263,160,285
159,160,329,160,285
160,160,288,162,926
159,160,346,160,223
159,160,362,159,550
158,158,401,160,254
156,157,405,156,235
160,162,428,161,230
158,159,467,158,467
157,157,411,158,221
158,159,378,159,1189
159,160,444,160,302
158,160,253,158,264
159,160,315,160,246
160,161,388,161,507
158,159,423,160,351
159,160,320,161,531
157,157,340,157,338
160,161,234,162,1079
159,160,384,161,412
160,161,387,161,319
159,160,366,160,544
160,161,387,161,489
159,160,388,161,256
160,161,376,162,481
158,159,507,159,361
158,159,355,159,1013
159,159,354,160,253
157,158,284,158,932
159,162,425,160,397
158,159,436,160,347
158,159,418,160,276
160,162,263,160,373
158,159,288,158,381
159,160,240,161,328
160,161,268,160,216
158,159,330,158,398
159,159,391,160,494
159,159,388,160,576
159,159,480,160,275
158,159,449,158,541
160,160,367,161,230
158,159,359,159,365
160,161,394,160,544
160,160,409,161,542
160,160,352,161,640
158,160,369,159,806
159,159,431,160,232
159,160,405,160,268
160,161,241,161,311
160,160,305,160,179
160,160,132,161,183
158,159,281,161,164
158,158,185,158,140
160,161,238,161,180
159,160,364,159,201
159,160,384,160,765
158,158,341,159,357
159,160,403,160,251
159,160,457,161,490
159,159,291,161,890
159,160,361,161,222
159,161,373,160,231
159,160,350,160,897
159,160,405,160,353
157,158,356,159,679
159,159,331,160,489
159,161,422,160,268
159,159,651,160,301
159,159,236,159,277
159,159,255,160,367
160,160,272,161,298
160,162,243,162,856
159,160,398,160,214
159,159,443,160,298
159,160,435,161,304
160,161,441,161,1510
160,161,433,161,311
159,160,433,160,776
159,159,394,161,219
158,159,405,159,520
159,160,296,160,244
158,158,412,159,558
159,161,290,159,254
159,160,409,159,256
160,161,324,161,418
157,158,180,158,631
160,161,269,161,157
158,159,188,159,152
158,159,335,159,162
160,161,288,161,292
158,159,454,159,411
159,160,451,160,234
159,160,589,160,273
156,157,453,156,589
158,159,257,159,370
158,159,344,159,521
160,160,385,161,669
160,162,412,161,563
158,159,264,159,468
157,158,425,158,383
160,162,359,161,249
160,161,312,161,273
159,160,384,160,767
159,160,201,161,859
158,158,294,160,150
158,159,300,159,457
160,160,201,160,210
159,160,283,159,1034
159,160,364,160,630
159,161,343,160,617
160,161,400,161,405
158,159,384,159,756
159,159,389,160,255
158,159,433,160,351
160,161,611,160,541
159,161,354,160,246
160,161,383,162,286
159,159,275,160,605
158,158,426,159,275
159,160,240,160,417
159,161,355,160,266
159,159,178,159,633
159,160,292,160,609
159,161,296,160,878
158,159,419,159,242
160,161,358,161,370
159,160,451,160,1266
160,163,410,161,249
159,159,383,159,289
159,160,414,159,363
159,162,256,160,573
159,159,170,160,333
156,157,612,157,256
158,159,240,159,301
159,160,319,160,1348
160,160,365,161,644
158,159,188,159,179
158,159,195,158,280
160,160,252,161,251
159,160,301,160,189
159,159,301,160,405
160,161,315,161,221
158,159,392,160,773
158,159,391,159,556
159,159,451,160,656
159,159,441,160,507
159,161,235,160,688
159,160,490,160,545
158,158,531,159,343
159,160,415,160,362
159,159,473,160,251
160,161,326,162,1556
158,158,275,158,559
158,159,340,159,419
158,159,167,159,341
158,159,283,158,385
158,159,139,159,197
157,157,442,158,424
159,159,401,160,318
158,159,214,160,439
158,159,429,159,623
159,160,539,161,250
158,159,486,160,242
159,160,179,160,375
159,159,277,161,381
158,160,498,159,273
160,160,336,160,1030
158,158,339,160,520
160,161,379,160,365
158,159,204,159,254
159,161,396,160,189
159,160,278,161,624
159,159,196,161,491
158,159,174,159,788
158,159,382,159,216
159,160,370,161,220
160,161,429,161,228
158,159,430,159,488
159,161,346,162,362
158,160,407,158,773
159,160,273,160,207
159,160,348,160,489
157,158,393,158,1014
160,161,421,162,516
159,161,442,160,778
159,160,405,161,831
159,159,351,161,164
160,161,286,161,401
159,159,281,161,427
160,161,316,160,257
159,160,275,160,206
159,159,365,160,513
158,159,229,160,415
158,158,378,159,356
159,160,537,161,362
159,159,397,159,399
158,160,429,158,332
159,160,330,160,1344
160,160,462,160,549
158,159,352,159,682
158,159,387,160,493
158,159,362,159,488
159,160,438,160,595
159,160,212,160,170
158,160,330,159,201
159,160,299,160,398
158,158,139,159,334
159,160,385,160,565
159,161,448,160,345
159,160,355,161,248
159,160,418,159,278
160,161,347,162,697
160,161,379,161,379
158,158,366,159,236
158,159,503,160,381
159,159,353,159,976
158,159,365,159,492
159,160,452,159,369
158,159,286,159,479
157,159,403,158,468
157,157,380,158,447
160,160,273,161,168
159,161,265,160,379
159,159,296,160,243
160,162,305,161,426
160,161,344,160,1852
160,162,427,162,929
159,160,385,160,609
159,160,303,159,400
160,161,409,160,608
157,158,220,158,238
158,159,420,158,839
158,159,434,159,276
158,159,459,159,296
159,159,386,159,1003
159,159,314,159,197
157,158,314,158,366
158,160,274,159,189
157,158,253,157,202
158,159,248,159,317
158,159,209,158,422
158,159,405,159,375
160,160,386,162,564
159,161,366,161,517
160,160,341,161,379
157,158,444,159,786
159,160,463,160,266
160,160,395,161,236
160,162,360,160,339
160,160,381,161,303
158,159,415,159,215
159,161,379,160,479
159,160,443,161,386
159,160,342,160,404
156,157,256,157,588
158,158,318,158,335
157,158,252,157,257
160,161,262,163,982
158,158,267,158,1226
158,159,498,158,400
160,161,384,162,445
159,160,396,160,475
159,160,409,161,242
160,160,332,161,245
158,160,374,160,808
159,159,242,160,267
159,160,394,162,779
158,158,399,159,417
157,159,452,159,484
159,159,430,160,271
159,160,283,162,284
159,159,711,160,691
159,160,238,160,599
160,161,386,161,1053
159,159,420,161,516
159,161,479,160,482
160,160,378,161,255
159,160,395,161,264
158,158,379,159,663
158,159,345,159,260
160,161,440,161,244
160,160,379,161,217
158,160,455,160,520
160,161,422,160,216
160,161,383,161,560
159,160,386,160,320
160,160,285,161,391
159,159,314,159,293
159,161,239,161,183
159,160,307,161,373
158,158,292,160,231
158,159,326,158,361
159,160,293,160,219
160,161,394,161,633
158,160,404,159,990
160,161,426,161,990
159,159,376,161,941
160,161,383,162,1353
159,159,388,160,279
159,161,422,160,923
158,159,404,160,688
158,159,294,160,197
159,160,235,161,315
158,158,186,159,147
158,158,224,159,1048
158,158,344,160,518
160,161,388,160,1571
160,161,324,161,263
159,160,506,160,924
159,160,414,160,881
159,159,481,160,581
159,159,364,161,251
160,161,453,162,237
158,158,184,158,224
158,159,357,159,382
160,162,421,162,327
159,160,308,161,446
160,161,287,162,455
158,158,328,159,201
159,160,293,161,684
159,160,391,161,257
159,160,461,160,258
160,161,341,162,528
158,160,346,159,344
159,159,437,159,690
158,159,377,159,283
158,159,366,158,959
160,160,383,161,792
158,159,318,160,304
159,160,524,161,753
159,161,304,159,618
158,159,441,159,296
159,160,318,161,163
159,159,313,160,164
158,159,292,159,734
159,160,324,160,335
158,159,398,160,259
159,160,224,160,510
158,159,368,158,218
159,160,432,161,363
160,160,402,161,223
159,161,442,161,222
159,160,430,159,563
160,161,349,160,329
159,160,416,161,401
160,162,400,161,310
159,160,510,160,476
159,160,433,159,500
160,161,381,161,391
157,158,460,157,419
160,161,275,161,399
160,161,277,162,454
156,157,374,157,601
159,161,289,162,176
159,160,323,159,269
158,159,455,160,256
160,161,383,161,252
159,160,421,160,506
159,161,378,160,243
160,160,379,160,527
158,159,470,160,218
160,160,406,161,533
159,160,197,159,343
158,159,283,158,364
159,160,439,160,268
159,159,444,161,757
159,160,376,159,597
160,161,305,163,232
159,159,205,160,266
159,161,302,160,173
159,160,252,161,157
159,160,320,160,282
159,160,195,161,171
159,159,250,161,199
158,158,301,159,161
160,161,235,161,1083
159,160,510,160,423
159,160,466,160,281
159,162,437,159,260
158,159,387,162,1558
159,160,414,160,415
158,159,244,160,288
158,159,385,159,261
160,161,421,162,966
159,161,359,160,273
159,160,376,160,1030
159,160,411,159,807
158,159,287,159,379
158,159,265,160,356
157,159,199,157,187
158,159,324,160,611
158,158,361,159,391
159,161,334,161,835
159,159,417,160,507
159,159,366,160,511
160,161,381,161,670
159,160,463,161,269
158,158,427,159,742
159,160,389,161,241
160,160,477,161,241
157,159,457,159,783
159,159,489,160,473
158,160,280,159,327
159,160,294,161,138
160,161,249,161,393
159,159,283,159,1069
157,158,248,157,233
159,160,363,160,599
158,160,441,159,1736
160,160,415,161,225
159,159,328,160,635
158,159,317,159,539
158,159,333,159,288
160,162,273,161,537
159,159,165,160,545
159,160,436,159,1189
160,160,450,162,251
159,160,296,160,192
159,159,298,161,169
159,159,296,159,268
159,160,216,160,207
160,160,252,161,430
159,160,380,161,205
160,163,345,161,1071
159,160,566,160,785
158,159,476,159,380
159,160,425,160,391
158,160,288,160,383
159,160,476,160,289
160,160,322,160,281
159,159,456,159,230
160,161,357,160,549
157,158,417,158,358
155,155,312,156,279
157,158,515,157,208
158,159,419,160,269
160,161,289,162,180
159,160,293,159,169
157,158,294,158,710
158,159,311,159,494
160,162,320,162,229
158,158,405,158,625
158,159,445,158,710
159,159,403,161,1282
159,160,383,160,224
159,160,413,161,274
158,159,376,159,609
160,161,396,162,360
159,159,403,159,211
160,160,375,161,278
158,158,232,159,335
160,162,373,160,267
158,159,420,158,563
158,158,343,159,201
157,158,170,159,722
159,160,336,160,153
159,160,244,159,197
160,160,412,161,247
158,159,436,159,704
159,160,331,161,695
158,159,380,158,248
158,159,436,160,816
157,158,300,157,235
159,159,372,161,571
157,158,441,158,928
160,161,368,161,385
157,158,312,160,1155
158,160,403,160,243
160,161,382,162,909
159,161,261,160,265
159,162,139,160,281
159,160,300,161,179
159,160,414,160,728
158,159,332,158,1130
159,160,317,160,259
160,160,441,162,622
159,161,458,159,257
158,159,363,159,616
158,158,394,159,217
157,158,449,157,370
159,161,348,160,262
157,158,501,159,291
159,160,433,160,399
159,160,441,161,339
160,161,422,160,389
159,161,330,159,677
159,159,306,160,155
159,160,267,161,569
159,160,274,160,372
159,160,370,161,737
159,160,356,159,626
158,159,528,159,316
159,160,447,161,231
159,161,353,159,516
160,160,385,161,213
160,161,424,160,230
156,157,340,158,981
158,160,338,159,1001
157,159,358,158,852
158,159,381,159,871
159,160,319,160,280
158,159,143,159,1219
158,158,198,161,406
160,161,452,161,357
159,160,240,159,392
158,159,457,159,869
159,160,401,161,996
160,160,393,161,341
160,160,384,161,671
157,158,207,160,237
158,159,426,160,485
159,159,411,160,857
159,161,593,159,272
160,160,369,162,222
159,161,467,161,956
160,161,276,161,284
158,158,320,159,239
158,158,287,161,662
159,160,291,160,383
160,162,387,161,277
159,161,377,159,270
159,159,454,160,212
159,160,431,160,216
158,159,460,159,345
158,158,454,159,640
158,159,387,158,526
158,159,409,160,627
159,161,393,160,778
160,161,465,161,291
158,159,268,159,481
157,157,331,158,388
160,162,429,162,702
159,161,255,161,298
160,162,283,161,166
159,159,267,161,368
160,161,264,161,383
157,158,272,158,190
158,159,415,160,677
159,160,429,160,620
159,160,511,159,734
157,158,176,158,354
158,160,389,160,637
159,160,405,160,506
158,159,382,159,401
160,160,317,160,558
157,157,443,157,209
158,159,254,161,238
159,160,300,160,245
159,160,291,160,741
160,160,391,161,650
157,159,177,157,231
157,158,355,158,561
159,160,195,160,463
158,160,312,161,317
159,160,392,159,397
160,161,337,160,266
159,161,420,160,389
159,161,486,159,243
157,158,637,157,243
160,160,412,162,808
159,160,351,160,1062
159,160,418,160,383
158,160,470,159,304
157,159,318,158,393
159,160,385,160,380
159,160,475,159,796
159,160,238,160,484
159,160,273,160,335
159,160,300,161,198
158,158,331,158,145
157,158,164,158,275
159,160,419,159,278
158,160,364,161,235
159,160,410,159,647
159,159,365,161,544
159,159,365,160,313
159,160,620,160,1626
159,160,491,159,334
159,160,482,161,512
158,161,341,158,611
159,160,425,160,558
158,159,471,158,268
160,161,339,162,746
159,159,373,160,209
158,158,303,159,184
158,160,251,159,169
158,159,300,158,813
159,160,178,160,451
160,162,360,160,228
158,159,407,158,215
160,162,471,160,524
157,158,401,158,349
160,160,363,161,1887
159,160,362,160,264
158,159,448,159,1264
159,160,378,160,371
159,160,475,160,794
159,160,402,162,517
159,159,425,160,239
158,159,341,160,252
157,157,187,159,535
160,160,262,161,465
159,160,275,160,177
157,158,392,159,267
159,161,448,160,243
159,160,464,160,581
160,162,382,162,369
156,158,252,157,242
160,162,381,162,260
158,159,392,159,716
158,160,284,160,276
160,161,383,162,478
158,158,361,159,443
158,159,474,159,710
159,160,417,160,505
159,160,403,160,558
158,160,401,159,403
160,161,268,161,281
159,160,248,159,163
159,159,281,160,436
159,160,280,160,260
160,161,376,161,235
159,160,341,161,396
159,160,440,160,413
159,160,382,160,397
158,158,321,158,376
160,162,382,161,249
159,161,397,159,645
160,160,457,161,293
159,160,309,161,432
159,161,371,160,628
159,160,412,160,510
159,159,437,160,249
159,161,368,161,222
159,160,446,161,408
160,160,265,161,428
158,159,237,160,426
159,159,147,160,162
158,158,253,160,188
159,160,262,159,1251
159,159,337,160,322
159,159,370,160,807
158,159,468,159,255
160,160,392,161,230
159,160,391,161,1199
158,159,380,160,261
159,159,327,160,279
156,158,396,157,244
159,159,461,159,498
159,160,285,162,551
158,158,431,159,1577
159,159,234,160,187
158,159,262,160,158
158,160,179,159,212
158,160,309,158,646
160,160,282,161,342
159,160,287,160,388
158,159,392,159,451
160,161,562,160,680
157,158,537,158,581
158,159,260,159,274
160,160,383,161,244
158,159,234,160,224
159,161,461,160,360
160,161,385,161,617
