169,170,454,171,657
170,171,531,171,559
169,171,426,169,790
169,170,441,170,386
169,170,330,170,548
167,168,231,168,234
169,170,365,171,214
169,170,339,170,256
168,169,580,169,801
169,170,532,170,262
168,170,413,170,334
169,171,564,169,307
169,169,243,170,744
169,170,413,169,470
167,168,504,169,261
170,171,541,171,418
169,169,466,170,759
169,169,547,170,708
169,170,688,170,387
168,168,521,170,473
169,171,394,170,446
169,170,436,170,388
168,168,454,169,265
169,171,436,169,448
169,170,479,170,352
170,171,400,171,1205
169,170,596,171,339
169,169,452,170,620
167,168,471,169,507
169,170,663,170,406
168,169,375,168,645
168,169,528,169,1023
169,169,491,169,725
169,170,513,170,657
168,168,700,168,689
168,169,506,168,305
169,170,278,171,295
169,170,452,170,366
168,169,483,170,385
170,170,317,172,439
169,170,638,170,357
170,172,535,172,404
169,169,347,170,562
169,170,316,169,603
168,169,391,170,493
170,170,481,172,888
169,169,1089,169,683
170,171,603,171,400
169,169,420,170,319
168,169,425,170,603
168,169,392,168,632
169,170,416,170,480
168,169,185,169,300
169,169,435,170,739
167,169,200,168,871
170,172,454,170,983
170,170,517,170,619
168,169,534,168,762
168,170,278,169,296
169,170,239,170,1539
170,171,475,170,282
169,171,537,170,360
169,170,520,170,474
169,170,556,170,310
169,170,474,170,356
169,171,335,170,660
170,171,285,171,541
168,168,276,170,192
169,170,272,170,765
167,167,432,167,305
168,169,551,169,453
170,171,325,171,354
169,170,483,169,421
169,171,425,171,710
169,170,465,170,589
169,170,568,170,326
169,170,476,170,272
169,170,508,170,349
169,170,614,172,298
170,171,551,173,685
169,172,497,170,473
168,168,454,170,244
169,170,327,170,207
168,169,401,170,205
168,168,279,169,691
169,171,570,171,441
169,169,482,169,726
170,171,534,171,642
169,170,585,172,332
168,169,385,169,295
167,169,946,168,352
167,167,443,167,443
170,170,581,170,619
168,169,299,168,296
167,169,578,169,1113
168,168,314,169,566
169,170,249,170,189
169,170,345,170,156
169,169,186,170,643
169,170,328,170,877
168,169,519,169,569
169,170,538,171,306
170,171,493,171,421
169,170,416,169,327
169,170,537,169,1716
169,170,496,169,270
169,171,847,169,1748
170,170,441,172,651
167,168,733,169,371
168,169,352,169,295
168,168,396,168,220
170,171,275,171,235
170,171,309,171,443
168,169,270,169,417
168,170,578,170,1301
169,169,558,170,364
170,172,430,171,460
168,169,421,171,330
168,168,588,169,279
169,170,470,171,447
167,169,463,168,2987
169,170,497,169,242
169,169,357,170,423
168,168,383,169,221
170,171,320,170,197
169,170,368,169,1531
169,169,399,169,293
170,172,449,172,318
170,170,459,171,471
169,170,518,169,821
169,170,214,170,421
169,170,475,171,898
168,169,534,170,361
169,170,296,169,882
170,171,546,171,432
168,169,505,170,612
168,170,214,169,314
170,171,377,172,192
169,169,309,170,238
169,170,336,169,316
169,170,402,171,367
170,171,465,171,1007
169,170,677,169,545
170,171,626,171,398
170,171,638,171,353
168,168,448,169,410
168,168,641,169,274
168,170,437,169,373
170,171,509,170,562
170,171,474,170,765
168,168,510,170,837
170,170,473,171,291
170,171,478,172,205
168,169,312,169,540
169,170,351,170,757
169,170,464,170,260
167,168,758,168,305
168,169,572,169,557
168,170,534,170,281
168,169,503,168,363
169,170,495,170,312
168,169,684,168,319
169,170,546,170,290
169,169,286,170,305
168,169,401,170,2238
169,170,481,169,558
167,168,319,168,223
168,169,305,169,543
169,170,266,170,660
169,170,507,169,443
168,169,586,169,795
169,169,458,169,1695
168,168,445,169,817
169,170,503,171,496
168,169,428,169,607
169,170,461,171,512
166,167,487,167,829
169,170,376,170,298
167,167,523,169,766
170,172,328,173,868
168,168,348,170,605
167,169,849,168,730
169,170,503,171,416
169,170,555,172,1682
168,169,509,169,317
168,169,485,168,524
167,168,370,169,756
170,170,484,172,948
169,170,524,171,647
170,171,324,170,209
169,170,372,169,1348
168,169,396,170,268
169,171,519,170,723
169,170,607,170,525
169,169,498,172,943
169,171,470,170,580
168,170,298,171,409
168,169,517,169,1275
169,170,415,169,802
169,169,361,171,750
170,171,467,171,473
169,169,337,169,717
167,168,362,169,347
169,170,371,169,207
170,171,354,171,1527
170,170,484,171,314
169,170,476,171,1677
166,167,278,167,712
169,170,449,170,267
170,171,433,172,489
170,170,480,171,491
168,170,497,169,631
169,170,467,169,2058
169,170,388,170,346
169,170,305,170,529
169,169,366,170,1794
169,169,405,171,1473
168,169,559,169,497
169,170,407,169,289
169,170,386,171,261
168,169,593,168,420
169,170,382,169,270
168,169,452,169,335
168,168,511,168,337
170,171,385,171,610
169,171,478,170,478
169,170,404,171,495
169,170,334,170,194
168,169,255,169,414
170,171,325,171,1274
168,169,501,170,637
169,170,503,169,279
168,168,446,169,323
168,170,316,170,290
169,170,542,170,457
169,170,503,171,281
170,172,464,171,578
168,168,478,168,2531
168,170,652,170,337
169,171,251,170,323
169,170,318,169,218
169,170,345,170,1515
168,169,945,169,299
169,171,468,171,302
169,170,457,169,267
169,170,455,171,466
170,170,498,171,299
168,168,432,169,775
170,171,461,171,942
170,173,515,170,600
169,171,376,170,827
170,171,543,171,290
168,170,633,169,1813
169,170,364,170,204
168,168,366,169,186
169,170,494,170,605
167,168,474,169,635
169,170,489,170,617
169,171,425,169,281
168,168,550,170,1091
170,171,622,170,640
168,169,488,169,424
165,166,510,165,578
169,170,422,169,405
170,170,433,172,442
170,171,287,171,294
168,168,314,170,573
170,172,288,170,574
169,171,358,172,184
168,168,357,169,641
169,170,492,169,803
169,169,375,172,320
169,170,227,171,845
166,168,446,167,642
169,171,465,170,632
169,171,456,170,589
170,170,448,172,669
169,170,491,169,1083
170,171,443,171,813
169,171,387,171,384
170,171,335,170,709
170,170,352,171,224
169,170,330,171,192
170,172,379,171,1799
166,166,433,168,766
167,168,519,169,481
169,171,423,170,317
169,169,509,170,417
168,169,272,169,264
168,169,314,170,1355
169,169,362,169,776
169,170,544,171,351
169,170,872,170,888
169,170,402,170,405
169,170,335,171,251
169,171,372,170,196
169,170,495,171,353
167,168,294,169,850
169,169,510,170,582
169,169,498,171,360
169,169,491,169,493
168,168,562,169,331
168,169,491,169,460
168,169,484,168,229
169,170,478,172,524
169,169,498,169,1238
168,170,532,170,608
167,168,437,167,213
169,169,383,169,466
168,169,422,170,764
168,168,426,169,260
169,169,507,171,910
170,170,311,171,662
168,168,502,168,844
169,171,334,170,459
170,171,493,171,618
169,170,400,171,690
169,170,319,170,1673
169,171,260,170,318
169,169,571,169,270
170,171,435,170,690
168,170,364,168,628
168,169,298,168,708
170,171,400,171,312
168,169,615,168,309
169,169,450,170,809
169,170,501,170,333
169,170,513,170,278
169,169,602,170,295
170,171,459,171,963
170,171,498,170,293
169,170,349,170,384
168,168,426,169,466
168,169,468,169,256
170,170,536,172,307
170,170,362,172,646
170,171,344,171,344
169,171,428,171,298
168,168,342,170,519
168,168,495,169,503
168,169,495,169,507
167,167,529,167,301
168,169,414,168,2717
168,169,439,169,302
170,170,501,171,984
168,170,579,170,741
168,168,405,169,306
169,170,483,170,196
169,170,430,169,649
170,171,311,171,187
169,170,348,170,443
169,170,277,169,462
169,171,539,172,296
169,170,563,171,332
168,169,513,169,1470
168,169,546,168,319
168,168,419,169,446
168,170,420,169,267
170,170,401,171,671
169,170,491,170,300
169,170,354,171,312
169,171,283,170,455
169,170,462,171,723
169,169,367,171,459
169,169,209,170,183
170,173,320,171,663
168,170,151,169,265
168,169,476,168,650
170,171,503,171,1875
170,171,477,171,440
167,167,455,167,265
170,170,491,171,1296
169,171,517,170,1061
169,171,507,170,966
169,170,378,170,474
167,168,474,167,526
168,168,408,169,326
168,170,344,169,502
169,171,361,170,753
170,170,466,170,2643
169,171,457,170,1344
170,171,488,171,598
170,170,466,172,425
169,169,288,170,477
168,168,473,169,286
168,169,636,169,653
169,170,456,170,587
168,168,408,168,422
169,170,323,171,972
169,169,540,169,306
167,168,355,168,560
168,169,524,169,292
169,171,521,170,884
170,170,404,170,266
167,168,607,168,648
168,169,352,169,586
169,170,493,171,318
169,170,507,169,444
169,170,513,170,545
166,167,575,168,291
170,171,460,171,637
168,169,381,169,207
169,171,342,169,1590
170,172,452,172,1072
169,170,434,170,851
168,168,674,170,316
168,169,577,170,495
169,170,513,171,258
169,171,466,171,448
169,169,466,169,208
167,167,367,169,414
168,168,440,169,873
167,168,521,168,864
168,169,358,169,1189
168,169,200,169,184
168,170,359,168,246
170,171,359,172,253
167,169,518,169,346
170,172,502,172,789
169,170,264,171,1600
168,170,541,170,413
169,169,467,170,335
168,169,513,169,311
170,170,476,170,629
168,168,523,169,1138
168,168,539,169,357
169,170,499,170,907
167,168,301,167,192
168,170,365,168,894
169,171,366,170,257
169,172,491,170,320
167,167,618,169,609
169,169,564,170,314
169,169,439,169,1226
169,170,582,170,302
168,170,506,169,295
168,168,602,169,537
169,169,453,169,613
170,172,450,170,659
169,171,338,170,264
169,171,286,169,294
168,168,347,168,240
170,171,311,171,186
169,170,245,171,181
168,169,347,169,1260
170,171,427,171,498
169,169,309,170,474
169,170,530,170,498
169,170,409,171,838
169,170,535,170,315
170,171,626,171,458
169,169,502,170,448
167,168,573,171,464
169,170,525,171,477
169,170,474,169,269
168,169,688,169,325
170,171,412,170,439
169,169,340,169,662
169,170,352,169,451
170,171,370,171,925
169,170,478,171,847
169,170,403,169,1585
170,171,466,172,952
169,170,241,170,330
169,170,607,170,736
170,172,414,171,338
170,172,413,171,491
168,169,508,169,296
169,169,531,171,343
169,169,425,170,895
170,171,321,172,866
169,171,441,169,289
169,170,484,170,892
170,170,471,171,423
168,168,432,169,1066
168,169,438,169,418
169,169,554,170,336
168,168,510,168,2296
169,169,502,171,728
170,170,498,172,406
167,167,498,168,264
169,170,262,171,230
169,171,405,170,628
169,171,377,170,432
169,169,478,172,302
167,168,480,168,865
169,170,454,169,277
169,171,445,170,337
169,170,449,171,489
166,168,750,168,323
168,168,384,169,510
168,169,501,169,254
170,170,594,171,274
170,170,519,171,523
170,171,477,171,464
170,171,368,171,481
170,172,369,172,324
169,170,330,170,306
169,172,561,170,421
169,169,400,169,530
170,171,370,171,317
169,170,495,170,337
169,170,529,169,1018
170,170,496,172,721
170,170,436,171,343
169,170,360,169,317
169,169,216,169,727
170,172,591,171,568
168,169,447,169,326
168,169,505,169,725
168,169,673,169,251
169,169,509,170,467
169,169,416,170,438
169,170,372,170,227
168,170,302,169,226
169,169,367,171,673
169,169,364,170,445
167,167,414,169,599
170,170,504,171,308
167,167,614,169,245
168,168,416,170,342
169,170,655,169,693
168,169,428,170,906
169,170,439,170,268
168,169,396,168,482
168,169,464,170,588
169,170,479,172,515
169,170,467,170,636
169,170,450,169,242
169,170,336,170,205
169,170,316,171,186
167,168,386,169,295
168,169,225,169,641
169,169,452,169,409
169,170,665,169,2511
169,171,497,171,229
169,170,503,170,506
169,169,411,169,526
169,170,490,170,303
169,169,508,171,646
169,170,251,170,298
169,170,433,170,1309
168,168,492,168,430
169,169,345,171,416
169,171,370,169,710
169,169,461,170,681
169,169,505,170,387
169,171,310,170,1139
170,171,666,171,276
168,168,411,169,759
169,170,528,169,356
169,172,455,169,655
170,171,504,171,412
168,168,436,169,330
170,171,494,170,339
169,170,584,170,464
169,170,419,170,333
168,169,329,169,211
169,171,385,170,657
169,170,245,169,451
168,169,449,171,2205
170,170,551,171,490
169,169,507,171,799
169,170,348,169,341
168,169,602,170,874
169,170,695,170,534
169,170,493,170,817
168,168,341,169,275
169,171,490,170,276
168,168,546,169,255
169,170,348,170,197
170,171,314,173,1061
169,170,296,171,190
170,171,389,171,591
169,170,499,170,784
169,171,470,171,442
169,170,504,170,892
168,169,521,168,324
170,171,501,172,367
170,171,487,171,630
170,171,469,172,1256
170,170,478,171,688
170,172,475,171,511
168,170,262,168,198
167,168,318,169,206
169,170,226,170,423
169,169,230,170,248
169,170,349,169,229
167,168,353,168,463
169,170,741,170,1049
169,170,472,170,1017
169,170,395,170,451
169,170,482,170,335
169,170,426,170,293
170,171,232,172,274
169,169,545,169,604
168,169,550,169,315
168,168,358,168,341
170,170,513,172,269
168,168,529,170,841
170,172,321,170,1772
169,170,396,171,703
169,170,507,170,762
169,170,531,171,652
169,170,448,170,291
169,169,516,170,1139
169,171,427,170,877
169,170,435,169,1094
169,170,380,169,319
168,170,363,168,615
169,170,708,169,889
169,169,337,169,199
168,169,312,169,232
168,168,318,169,530
168,169,278,169,576
169,170,460,170,530
169,170,563,170,657
170,170,370,172,596
168,168,460,169,314
168,168,548,169,622
169,170,498,169,897
169,170,407,171,303
169,170,526,170,647
169,169,353,170,575
167,169,569,168,1335
169,170,349,170,216
169,170,322,171,301
170,170,391,170,879
170,170,406,171,278
168,169,433,169,300
169,170,577,170,638
169,169,535,170,283
169,169,540,171,610
169,169,416,170,309
169,170,433,170,644
167,167,197,169,357
168,169,585,170,786
169,169,371,170,271
169,171,378,170,588
169,170,245,171,696
167,168,456,169,1708
168,170,510,168,320
169,170,349,169,240
167,168,420,168,463
168,169,534,170,553
168,169,564,169,318
170,171,507,171,448
168,169,510,169,640
169,171,507,171,509
169,170,493,171,826
169,171,496,170,314
170,171,437,171,586
169,170,446,173,954
170,171,558,171,784
168,168,380,170,185
168,169,386,170,229
168,168,315,170,185
168,169,218,169,871
168,170,527,169,496
168,168,431,171,496
168,169,386,169,357
168,169,497,168,812
170,171,489,170,643
169,169,476,171,653
169,170,527,169,486
169,172,290,171,1413
169,169,515,169,481
170,171,189,173,284
168,168,525,169,475
168,169,307,170,1159
169,170,262,170,157
169,169,415,170,658
169,169,524,170,286
168,170,855,168,1207
169,170,436,170,300
169,169,542,170,308
170,171,457,172,993
169,170,406,170,1329
169,170,607,171,1531
168,168,457,170,252
170,171,426,170,1216
168,169,323,169,206
169,170,402,169,594
166,167,198,166,834
169,170,412,170,347
167,168,612,168,621
168,168,536,169,1055
170,171,508,171,632
170,171,473,172,1571
167,168,583,168,535
169,171,462,170,933
169,170,380,169,225
168,169,346,168,435
169,170,217,169,307
169,169,316,170,224
169,170,311,170,217
169,170,413,170,281
169,170,476,169,386
169,170,501,169,616
169,169,493,169,625
169,170,526,170,1014
170,171,486,171,582
170,171,457,170,906
169,170,607,170,608
169,169,525,169,640
168,169,468,168,632
167,169,487,168,332
169,170,351,171,336
170,171,356,171,195
169,170,328,170,525
169,170,464,170,1110
169,169,542,170,1121
170,170,423,170,275
169,171,500,170,275
169,170,469,170,1522
169,171,296,169,630
169,170,590,170,1287
167,169,568,169,707
168,169,546,169,1069
170,171,347,172,545
170,171,290,171,1610
168,170,565,170,292
168,168,326,169,958
168,169,301,170,793
169,169,506,169,1034
168,170,617,168,976
168,169,670,169,1627
169,170,582,170,773
168,170,420,169,199
169,170,268,169,231
168,169,374,169,240
169,170,357,170,314
167,168,468,168,288
168,168,541,169,1001
169,171,410,169,3901
170,171,547,170,251
170,171,491,170,1099
169,171,352,172,1464
168,168,494,169,856
170,172,347,171,538
167,168,256,169,404
169,170,244,171,520
170,172,458,172,1070
169,170,503,170,363
168,169,714,169,265
168,169,463,169,308
168,169,302,170,1113
169,170,550,169,1271
168,170,535,169,267
170,171,488,172,948
168,169,316,169,1026
169,170,444,172,484
170,170,338,171,411
169,171,334,169,325
168,169,344,168,675
169,170,636,171,344
170,172,477,171,528
169,170,493,171,259
169,170,218,169,254
169,170,503,169,472
169,169,433,171,634
167,168,386,168,609
169,170,528,170,693
170,170,270,171,781
170,172,566,172,402
168,169,522,170,974
170,171,388,172,215
170,171,283,171,444
169,170,292,171,400
170,171,362,171,209
169,170,365,170,308
170,170,533,173,390
169,170,515,170,316
169,169,468,170,2797
169,169,414,171,276
170,171,475,171,762
168,169,534,169,1256
170,170,580,170,778
168,168,298,169,617
169,170,435,171,211
168,170,332,169,418
169,169,334,171,647
168,168,468,169,813
168,169,498,168,1505
168,169,625,169,324
169,170,325,170,299
170,170,467,171,433
169,170,454,169,335
169,169,468,171,613
168,169,269,170,2525
170,172,508,170,467
170,170,450,172,398
169,170,346,170,207
168,169,344,168,431
168,169,390,169,178
169,172,338,170,295
168,168,533,170,507
167,168,511,168,718
170,171,459,171,306
169,169,438,170,467
168,169,534,170,626
168,169,503,169,436
170,171,448,171,283
170,170,524,172,290
170,171,452,171,465
169,170,507,169,426
168,168,507,169,506
168,169,484,169,225
169,171,261,171,240
167,168,384,168,252
169,171,336,170,1108
169,170,328,170,827
169,170,482,170,869
170,171,486,170,350
169,170,447,169,461
168,168,420,169,371
169,169,444,170,686
168,169,516,170,265
169,170,527,170,291
168,169,550,169,292
168,170,611,168,523
169,171,341,171,496
169,171,390,170,701
169,170,386,170,329
167,168,332,168,639
168,169,326,169,460
170,170,446,172,606
169,170,459,169,327
168,169,471,170,322
170,171,473,170,317
168,168,456,169,278
169,171,490,169,454
168,169,638,169,457
168,169,490,169,295
169,170,526,170,1246
168,169,356,169,1102
169,170,549,169,284
167,169,593,169,329
169,171,344,171,196
169,169,403,169,239
168,169,234,169,308
168,170,304,169,532
168,169,346,171,289
168,168,546,170,310
169,170,509,170,542
168,169,516,170,721
169,171,571,171,434
169,171,372,170,1042
169,169,488,169,1297
168,169,384,169,457
169,170,476,169,1385
170,171,457,171,226
168,169,253,170,335
169,170,356,170,296
168,169,446,169,407
169,170,395,169,707
168,169,303,170,514
168,169,533,169,283
169,170,370,170,462
170,171,526,171,596
169,170,556,170,1966
168,169,632,170,768
168,168,637,170,340
168,169,529,169,274
168,168,521,168,341
169,170,527,171,1063
169,169,379,169,221
168,168,412,168,627
169,170,278,170,1078
169,170,408,170,528
170,171,488,172,520
170,171,544,171,1731
169,170,527,170,1205
168,169,594,170,1066
169,169,686,170,516
168,169,390,170,514
168,169,799,169,825
169,170,570,170,348
170,172,323,171,447
168,168,239,169,358
169,170,369,169,351
169,170,249,170,323
168,168,520,169,652
170,171,467,170,690
168,169,496,168,284
169,169,513,169,316
169,170,506,170,842
170,171,220,172,754
169,171,403,169,334
169,169,448,170,304
168,168,538,168,836
170,171,504,172,309
169,169,495,170,328
169,170,501,170,980
169,172,294,170,423
167,168,294,168,191
169,169,417,169,429
168,169,370,169,755
169,169,419,170,1022
170,171,622,172,1653
168,169,370,169,517
170,171,566,171,637
168,168,462,169,284
168,169,588,168,1101
169,170,422,170,741
170,171,456,171,1014
168,168,337,169,189
169,170,375,171,215
169,169,301,169,642
169,170,405,170,241
168,169,544,170,434
170,170,481,171,281
169,170,512,170,634
169,170,485,170,310
169,169,547,170,486
169,170,334,170,301
169,169,473,169,623
168,169,482,169,284
170,171,489,170,800
169,169,268,170,369
169,171,470,170,392
168,169,579,170,380
168,169,321,169,311
169,169,359,169,452
168,169,201,169,212
169,170,250,170,214
170,170,326,171,575
170,171,311,172,565
168,168,475,169,736
169,170,423,170,683
169,170,533,169,413
170,171,437,172,467
167,167,278,167,623
168,169,546,169,309
170,171,416,172,749
168,169,316,169,393
169,171,454,170,2275
167,168,384,168,429
168,169,387,168,187
169,169,343,169,191
169,170,368,170,583
170,171,437,170,497
169,170,422,169,1079
168,169,439,169,424
168,168,402,168,426
167,168,336,168,449
167,168,310,170,303
167,167,455,168,471
168,170,471,169,653
167,167,506,169,448
169,170,422,170,271
169,170,366,170,283
169,169,567,171,507
169,170,343,170,662
168,169,376,169,331
168,169,228,168,423
169,170,427,170,674
167,168,371,168,447
168,169,594,169,692
170,172,466,172,1385
169,170,547,171,339
168,169,420,169,600
167,167,371,168,1881
170,171,468,171,488
168,169,342,168,402
168,169,342,169,211
168,169,330,169,1337
168,169,280,169,1222
169,171,540,170,302
169,169,479,169,271
168,169,505,169,300
169,170,499,170,632
169,171,523,170,1136
170,171,366,173,390
167,169,509,168,945
169,170,387,170,1002
170,171,492,170,326
169,171,470,171,428
168,169,298,170,189
169,170,356,171,573
168,169,393,169,429
170,170,374,171,635
170,170,534,172,2023
168,170,521,168,349
167,168,311,167,1062
168,169,815,169,816
169,169,561,170,308
169,170,568,170,657
169,170,454,169,293
170,172,457,170,298
169,171,385,170,294
170,171,352,171,213
168,169,341,169,342
166,167,243,167,420
169,169,392,169,432
170,171,495,171,289
168,170,524,169,350
170,170,410,171,1386
170,170,485,171,309
169,170,401,171,321
