220,221,980,221,848
219,221,1029,221,730
218,219,1291,219,1659
219,220,1258,221,674
217,219,812,218,2096
218,218,407,220,1055
218,219,1228,219,611
219,220,1204,220,1435
220,221,1326,221,5043
219,219,954,220,1249
219,220,837,220,479
219,220,930,221,1256
218,219,1160,218,681
219,220,1043,220,890
219,220,1181,220,2432
219,219,1005,220,1411
219,219,859,220,1202
219,220,1064,221,595
218,219,1087,219,543
219,222,1038,220,588
219,220,1011,220,3009
219,220,1155,220,1671
219,221,702,220,992
219,220,587,220,610
217,218,1195,218,1149
218,218,1119,219,887
218,219,1235,219,604
219,220,1009,220,790
218,218,411,219,867
218,219,864,219,374
219,221,635,220,400
219,219,898,220,905
219,220,1107,221,1158
219,221,885,219,556
217,217,1167,219,541
219,220,957,220,890
220,222,1111,222,538
220,221,967,221,477
219,220,632,220,691
219,220,1087,220,623
220,221,1007,221,663
218,219,1241,219,843
219,221,1150,220,1298
218,221,1161,219,1251
218,219,939,219,659
219,220,716,221,373
219,221,624,222,843
219,220,786,221,586
216,217,1157,218,1195
220,221,1245,222,622
218,219,1115,220,488
219,220,1060,219,1163
218,220,1100,220,583
218,219,654,218,1542
220,221,1021,221,880
220,221,895,221,592
218,219,1045,219,1234
218,219,1075,219,3516
219,220,945,220,1385
218,220,672,219,575
220,221,1049,220,973
219,220,969,221,3275
218,218,1407,221,682
218,218,1076,219,923
219,219,649,220,504
218,218,610,220,1454
219,220,1117,220,1320
218,219,656,219,552
220,220,1061,220,704
219,221,1540,220,900
219,220,1103,219,1383
220,223,1368,222,1101
219,220,885,219,2336
219,220,709,222,1235
219,219,1263,221,2098
218,219,1013,220,511
219,220,478,221,2985
219,221,649,219,1321
219,220,635,220,1055
220,221,922,221,662
220,221,1017,220,834
219,221,890,219,815
219,220,1182,219,4413
219,221,710,220,997
219,220,774,220,2771
219,220,939,221,1144
219,220,1042,221,2389
219,219,1237,219,3338
218,218,442,219,1637
219,220,1143,219,1133
218,219,1146,218,672
218,219,892,219,1561
219,220,1262,220,2475
219,220,764,221,2357
219,220,960,219,572
219,220,922,221,905
218,220,1303,221,643
218,219,960,218,2949
218,220,912,218,886
217,217,403,218,559
220,221,828,220,1243
218,219,1041,221,4476
220,221,1169,220,851
219,220,713,222,2905
217,217,1453,217,776
219,220,1342,220,2363
218,218,615,221,927
218,219,1111,219,1172
217,218,1305,217,621
218,219,707,219,462
217,218,812,217,1314
217,218,1007,218,595
218,219,1038,219,770
218,218,1137,219,602
218,218,947,219,628
220,220,875,221,529
218,219,1062,219,926
220,222,1126,221,1704
220,221,824,221,867
220,221,1152,220,951
219,220,1121,221,1159
220,221,1060,221,3894
218,218,1134,220,711
220,222,937,221,665
219,221,631,220,551
218,219,639,220,936
218,219,1092,219,946
220,221,899,221,637
219,219,970,219,607
219,220,984,221,637
218,219,1093,219,1337
220,222,938,221,444
219,220,624,219,894
220,222,961,221,550
218,219,908,219,527
220,221,1056,220,2752
219,220,1135,220,2399
218,218,1173,221,910
218,219,796,218,863
219,219,1225,219,3092
218,219,1176,219,1825
219,222,991,221,3121
220,220,905,221,793
218,219,922,219,1809
219,221,1231,221,1831
220,221,1185,222,982
220,220,1043,220,640
218,219,927,218,1284
218,218,643,220,887
219,221,856,219,431
218,219,850,219,1310
218,219,1205,221,1636
219,220,773,221,968
217,218,878,218,1084
219,219,1069,220,4995
217,218,553,220,1294
218,219,961,219,1928
219,219,1714,220,2517
219,220,972,221,1035
220,220,1031,222,409
219,220,498,220,358
219,220,698,221,592
218,218,617,219,590
218,218,1037,218,916
220,221,1121,222,898
220,221,1092,221,936
219,221,948,220,1818
218,219,1090,218,380
219,220,630,220,1063
219,219,1075,221,596
219,219,1119,220,577
219,220,1087,219,1254
219,220,1042,221,700
218,219,1137,219,1162
219,220,1494,221,1617
219,220,673,220,604
219,219,938,220,581
219,222,1835,220,2191
219,220,1144,220,893
218,219,1143,219,583
219,219,1109,221,502
218,218,755,219,462
217,217,530,219,1298
218,218,1166,219,608
219,220,1030,219,851
220,221,993,221,2380
219,220,1024,221,2522
218,219,512,220,2231
219,219,822,220,1508
219,220,1039,220,697
219,220,777,220,1490
218,219,707,220,1534
219,220,1026,219,785
218,219,532,219,427
218,219,820,219,915
218,219,1018,218,932
219,219,941,219,1251
218,219,978,219,1852
218,219,642,218,1180
218,219,686,218,853
218,218,777,219,2118
218,219,1003,219,2176
220,220,1001,222,598
219,220,888,221,1519
218,218,899,220,918
218,218,836,220,437
220,223,359,221,837
219,220,793,221,3036
220,221,936,221,1932
218,219,1182,219,548
218,219,995,220,983
220,221,1022,221,743
219,219,727,220,711
219,220,1064,220,912
219,220,900,220,1995
219,219,995,220,1382
218,219,993,218,523
218,219,706,218,1602
220,221,945,220,418
220,221,268,222,545
217,218,783,219,1200
219,220,1125,220,643
220,221,1063,222,633
220,221,1032,222,1861
219,220,990,219,544
217,218,1149,218,1041
219,220,598,220,861
219,219,894,222,637
220,221,965,220,632
218,218,1010,218,3048
219,220,1040,220,2050
218,218,1101,219,774
218,219,780,219,594
219,220,931,220,3476
219,220,955,221,1865
220,220,887,220,1381
220,220,1404,220,1176
217,217,1001,217,4851
220,220,1014,220,890
218,219,1046,219,1250
218,220,704,219,907
219,220,1547,221,2735
217,219,1047,218,550
217,218,1108,218,1516
218,218,592,219,1238
219,219,994,219,1067
220,220,923,221,817
217,218,658,218,587
219,219,814,221,421
218,220,782,219,1332
219,220,1012,220,1540
218,218,1037,220,648
219,220,1297,220,563
220,221,1049,220,944
218,219,1195,218,517
219,221,673,219,1984
219,220,999,222,5000
218,218,1077,218,1749
219,220,997,221,911
218,219,519,218,1158
219,220,836,220,717
216,216,1073,218,586
217,219,1068,218,535
217,219,1095,217,986
219,220,1082,220,1164
220,221,805,221,1516
220,220,842,220,1222
219,220,1112,220,1821
219,220,931,219,546
219,221,1042,219,539
219,221,1285,221,3063
217,218,993,217,401
218,219,582,220,992
220,221,1032,221,1196
217,217,976,220,703
218,220,1166,220,1190
218,219,1095,219,551
218,219,1128,219,1553
218,220,922,221,1263
218,219,668,219,1817
220,220,886,221,697
218,218,802,218,1272
218,219,902,218,2473
219,221,934,221,414
218,218,827,218,787
219,220,664,220,925
220,220,901,222,1195
219,220,1038,219,1268
218,218,973,219,552
219,220,938,220,602
218,219,1012,219,966
220,221,1111,223,1172
218,219,720,219,674
220,220,758,221,544
220,220,833,221,1135
219,220,1131,219,1559
218,219,1140,219,1721
218,220,1384,218,916
218,219,964,219,458
220,220,798,222,505
219,220,859,221,1929
220,220,1010,221,720
220,220,1052,221,664
220,220,1218,222,964
218,219,1132,219,678
219,219,644,220,1379
220,223,813,220,646
218,220,644,220,518
219,219,1031,219,1332
220,222,944,221,592
219,219,1281,219,2452
219,220,1210,220,819
219,220,810,221,557
219,219,670,220,1787
219,219,748,221,566
219,221,871,220,1577
217,218,965,217,1431
219,221,1031,219,1198
219,220,1030,220,1915
219,220,768,221,373
220,222,831,221,597
219,220,1023,221,590
219,220,521,219,564
220,223,1065,220,669
219,220,1185,220,2064
217,218,974,217,900
218,219,953,219,2962
219,220,1128,220,671
218,218,1222,219,936
219,219,404,221,967
219,220,1014,220,1547
219,219,1028,220,524
219,221,983,220,463
218,218,660,219,380
216,217,936,217,1837
219,220,1103,220,1631
217,218,850,219,569
219,220,906,220,1537
220,221,1056,221,527
219,219,854,221,1102
218,220,787,219,578
219,219,1068,221,931
218,220,687,220,1450
219,220,1225,219,1466
218,218,1082,219,694
219,220,1044,221,554
220,221,868,221,653
219,220,567,220,717
219,220,1119,220,1463
218,219,1009,219,946
218,219,933,219,861
218,220,2402,219,1497
218,219,779,218,850
219,219,663,220,449
219,220,894,222,1846
219,220,1034,220,865
220,221,1194,222,746
218,218,1175,219,1539
219,220,1187,220,973
218,219,719,219,598
219,220,1004,219,427
219,219,1102,221,2136
220,222,1095,221,1452
219,219,1022,219,1019
218,219,1513,219,982
219,220,563,220,693
218,219,1293,219,1029
219,219,823,221,463
219,220,827,219,524
218,219,1117,221,675
220,220,730,221,1350
218,218,819,218,597
220,221,900,221,548
218,220,1005,218,1537
220,220,1026,221,536
219,221,676,220,401
218,218,530,218,878
218,219,876,220,1218
219,220,1013,221,530
220,221,881,221,1180
219,220,1087,219,868
219,219,1011,222,710
219,220,1684,221,1646
219,220,869,220,1252
219,220,516,221,1268
218,218,656,219,2019
219,220,1087,221,1129
219,220,1115,220,729
219,220,1093,220,1912
218,220,571,219,1297
219,219,1010,219,1293
220,222,599,222,573
218,219,1088,218,552
219,221,1099,221,576
218,219,1039,220,499
218,219,1175,221,1301
219,220,793,220,482
220,221,865,221,1085
219,219,1000,221,686
219,221,481,220,807
220,222,1161,221,1334
220,222,896,221,3432
219,220,913,222,1078
218,220,863,219,2182
219,220,1153,220,573
217,218,650,218,1265
220,221,936,222,1197
219,220,1084,220,589
217,218,779,218,762
219,221,823,220,367
219,220,786,221,1839
218,219,1138,219,4016
217,217,1102,219,1866
219,220,995,220,897
219,220,722,219,1004
220,220,1026,222,544
219,221,1025,221,2737
218,219,643,219,1942
220,220,650,220,451
218,219,841,219,721
217,218,926,219,845
217,218,627,219,691
218,218,1271,220,1238
219,221,1148,220,1246
220,221,1159,221,1145
219,219,1104,221,863
218,220,873,219,928
219,220,762,221,1848
218,218,482,220,587
219,220,985,220,662
218,219,1183,218,946
219,219,1150,220,938
217,220,1218,218,717
219,219,910,221,992
219,219,927,220,428
218,220,836,219,1770
217,218,973,218,763
217,218,1038,218,2160
218,218,1024,220,698
219,220,1072,221,745
219,220,1040,221,703
218,218,1080,218,1840
218,219,830,220,709
218,220,854,220,2131
219,220,1294,220,635
218,219,730,220,887
217,218,1233,218,1745
219,219,802,221,509
218,218,305,219,1695
219,219,938,221,941
219,221,1035,222,1189
219,220,1101,219,2975
217,218,1186,218,668
218,218,726,219,1253
217,218,1099,218,836
218,219,974,219,933
219,221,1152,220,1786
218,219,1002,219,972
220,221,1100,222,1162
218,218,850,219,1470
219,220,1190,220,1045
218,219,797,219,902
219,219,1096,220,1152
219,220,1290,220,664
219,220,1042,220,801
218,219,861,219,625
216,217,984,217,413
218,219,655,218,528
217,217,1630,218,615
219,221,656,219,622
219,220,1141,220,874
218,219,1206,220,2771
219,220,727,219,2166
219,220,805,220,572
219,220,1084,220,522
220,220,668,221,3059
218,218,1101,218,1961
216,217,1108,218,677
219,221,753,220,891
218,219,754,219,1235
218,219,933,219,1188
216,217,1316,217,639
219,220,1016,220,899
218,220,1215,219,1626
219,221,1400,219,1160
219,220,836,220,461
219,219,811,221,801
219,220,1067,220,544
219,219,1054,220,521
219,220,898,220,568
219,219,1265,221,593
219,220,1170,220,2258
216,216,1221,216,2047
219,219,1073,220,3080
219,220,1010,220,591
220,223,1034,221,1024
219,219,883,220,1770
218,219,790,220,2192
218,219,1107,219,504
219,219,402,221,1189
218,220,1238,219,1510
219,220,915,220,857
219,220,1057,219,1748
219,220,707,220,486
220,220,887,222,2248
219,220,1112,221,941
218,219,992,220,691
218,219,1326,218,1174
218,219,1137,219,669
219,220,882,221,478
220,221,723,221,378
218,220,945,218,1309
219,220,887,221,517
219,219,794,220,882
219,220,1349,221,897
220,222,1309,221,520
219,220,1028,219,618
218,219,900,219,866
219,221,753,220,372
218,219,939,220,513
220,221,1120,220,553
219,219,613,221,1884
220,220,1103,222,562
219,220,1132,220,1303
218,219,655,219,518
219,220,745,221,2097
220,221,981,221,512
218,220,817,219,2341
220,221,977,221,1489
218,218,698,219,1687
219,220,1103,221,837
218,219,800,220,963
218,219,619,220,2761
218,218,1797,219,1169
219,219,1019,220,615
219,219,1128,220,2045
219,220,816,220,612
217,218,571,218,1226
220,221,963,222,876
218,219,964,218,2499
218,219,1031,220,2974
218,219,1135,220,868
218,219,682,219,2028
220,221,1088,221,851
218,219,1186,219,572
218,218,1083,221,1444
220,221,631,220,1213
218,219,1341,219,786
219,220,818,219,864
220,221,755,221,655
220,222,937,223,562
219,220,865,220,855
217,218,1084,219,574
217,218,943,218,975
218,219,1083,219,956
219,220,1135,219,415
219,220,616,221,396
219,219,875,220,2063
218,219,451,219,687
220,221,918,221,915
219,220,1145,220,2419
220,221,972,221,1480
219,219,582,220,1061
219,219,748,220,1867
219,220,1354,219,2238
219,220,1094,221,821
219,220,1079,219,1299
218,219,1485,218,756
219,219,738,222,390
220,220,873,221,1292
219,221,1262,222,476
219,221,972,220,1594
219,220,977,220,661
220,221,1223,222,625
218,218,783,218,588
219,220,953,220,499
219,219,656,221,1287
220,220,965,221,988
220,221,924,220,654
219,220,863,220,703
218,219,701,218,641
218,221,1152,219,890
219,220,958,220,714
217,218,1040,218,1752
220,221,1035,220,1258
219,219,1045,221,851
219,221,1121,220,1466
217,217,1178,218,610
218,219,1161,220,820
219,219,918,220,493
220,223,685,222,653
217,218,1027,219,486
219,221,887,219,2093
218,218,712,219,1206
217,217,1019,217,671
219,220,1097,219,925
219,220,1291,221,1141
220,222,497,221,1111
218,219,1169,220,606
220,222,979,221,856
220,220,1074,221,1246
218,219,852,219,582
220,221,1048,221,877
218,219,1145,220,666
220,221,714,221,443
219,220,760,220,491
220,221,972,222,585
217,218,858,218,907
218,219,1177,219,1122
220,221,992,222,1019
218,219,1339,220,1140
219,221,1089,220,1291
219,219,713,220,899
218,219,1021,219,1006
218,220,1084,219,1893
220,221,967,220,1297
219,220,1012,220,980
219,220,1109,220,879
218,218,712,218,1039
220,221,954,222,963
218,220,911,218,1513
218,218,653,219,1076
218,219,1000,219,1519
218,219,1063,218,1393
219,220,633,220,390
218,219,1391,220,572
220,221,732,222,595
219,220,1055,221,535
219,220,1057,220,922
220,221,1039,221,646
219,220,1110,220,944
216,217,1177,216,512
219,220,627,219,792
218,220,770,218,539
219,220,661,220,801
218,219,1052,219,680
219,220,1174,221,649
218,219,1304,219,530
217,218,1124,219,2616
219,220,748,219,1162
218,219,1149,219,3382
219,220,1054,221,1486
218,219,1281,219,1377
219,221,728,219,901
219,221,768,219,1874
218,219,1091,218,1401
219,220,1058,221,531
220,221,1056,221,1166
219,220,964,220,1249
219,220,1141,219,491
218,218,736,219,622
219,220,737,221,1533
218,219,904,219,1563
219,220,1031,219,1107
219,219,1079,220,583
219,220,996,221,1123
220,220,863,221,1012
219,220,763,219,506
220,221,1138,222,557
219,220,1049,222,2774
219,220,1019,219,664
219,219,1090,220,842
218,219,689,219,1759
218,218,705,218,457
220,221,663,221,2996
218,219,1909,220,2170
218,219,615,219,536
219,220,721,220,3244
219,220,795,219,446
219,221,1024,219,1246
219,219,948,220,935
219,220,886,220,1177
218,219,986,218,701
219,220,1172,220,1100
218,218,1138,220,910
218,218,687,218,582
220,221,1114,223,665
218,219,1190,219,1284
218,219,839,219,533
218,220,984,220,831
219,220,823,221,819
218,219,1279,219,1696
220,221,522,221,974
219,221,880,220,1186
219,219,1052,221,1537
219,220,1074,220,819
219,220,866,220,1845
219,220,1047,219,814
219,220,681,221,1229
220,221,839,220,2385
219,220,1073,220,1520
220,221,944,221,1176
220,221,683,222,2303
219,220,715,221,604
217,218,1131,218,967
219,220,927,222,544
219,220,1040,220,657
219,221,647,219,1123
220,220,674,221,2965
219,221,774,220,1178
218,218,714,218,1778
219,220,1128,220,941
217,217,1000,219,881
218,219,1404,221,906
219,219,1047,219,641
218,219,881,218,1792
219,220,274,221,823
218,219,879,219,2531
218,218,901,220,649
217,218,968,218,659
218,219,1041,220,710
219,219,958,219,2018
220,221,645,221,2118
219,220,992,220,4157
220,221,1281,220,1033
219,220,1173,221,954
219,221,1131,220,1121
218,219,828,218,2284
218,220,1172,219,936
219,219,997,220,1429
218,219,718,219,702
219,220,1069,220,1737
219,221,1322,220,3149
216,216,1098,217,548
219,221,1082,220,1871
218,218,1217,221,1113
218,219,1218,220,793
218,219,740,220,904
219,220,1210,220,983
220,221,597,220,1634
217,218,833,217,1398
218,218,1032,218,816
220,221,962,221,1178
219,221,911,221,889
220,221,972,221,752
219,220,1510,220,411
219,220,725,220,1804
218,218,1150,219,882
218,219,1246,218,645
218,220,998,219,1791
217,218,1168,219,1521
220,221,1045,222,2318
220,222,787,222,728
218,220,617,219,1806
218,218,922,219,2321
219,220,1006,220,2153
220,220,968,221,420
219,221,625,220,536
218,219,991,220,3024
219,219,1137,220,621
219,220,1073,219,504
218,220,1169,219,1208
218,218,1015,219,539
219,220,693,220,684
219,220,905,220,562
219,220,895,220,527
217,217,784,219,957
217,217,1012,218,918
219,221,1108,219,629
218,219,1266,220,1119
218,218,1136,220,1387
219,220,790,220,1697
219,220,1031,221,921
219,220,869,219,1332
219,220,684,221,1186
219,220,746,219,1290
219,219,1256,219,1018
218,219,820,219,1183
219,221,761,219,2081
216,216,1418,218,566
219,220,866,220,2076
218,219,512,219,1379
217,218,522,217,1846
219,220,846,219,690
219,220,843,221,495
218,219,1221,219,1181
217,217,748,218,1011
219,221,1040,220,1486
219,221,1102,220,1520
219,220,573,219,612
218,220,360,218,376
219,220,656,220,1044
217,218,1113,218,802
219,220,1050,220,1745
219,221,1304,219,506
218,219,731,219,519
218,219,937,219,1172
217,218,974,217,427
220,221,520,221,1518
219,221,1046,220,3046
219,219,903,220,1151
217,218,1066,220,606
219,219,817,220,888
217,217,1497,218,574
219,219,753,220,582
219,220,1044,219,982
219,220,1072,221,1238
220,221,958,221,833
220,220,1007,221,627
220,221,990,222,629
218,219,1149,219,1063
219,219,782,220,636
218,219,696,219,2445
219,219,965,220,539
219,220,1121,220,1516
218,220,1117,219,654
219,219,812,220,546
220,221,568,220,770
218,219,661,219,500
219,219,546,219,439
219,220,1025,220,1302
220,221,965,221,2054
218,219,982,218,541
219,219,919,220,513
219,220,1053,221,558
220,221,903,221,737
219,220,590,222,1615
220,221,955,220,1182
219,221,922,221,1146
219,220,957,220,824
219,220,972,219,608
219,220,1119,219,2273
219,221,830,219,417
219,220,863,219,664
219,219,897,219,866
219,220,983,220,2147
218,219,759,219,1714
219,222,1224,220,1453
218,219,1265,219,936
220,220,604,220,2897
219,221,1079,220,560
218,219,1146,220,1831
219,219,1000,220,1532
217,219,1063,218,1453
219,220,956,220,555
218,219,1107,219,634
219,220,526,221,592
220,221,967,221,884
218,219,1085,218,1225
219,219,821,220,691
220,221,1044,221,1113
219,220,511,220,1083
220,221,1022,221,559
220,222,1010,221,682
220,220,1073,221,507
217,217,1013,217,652
219,221,1320,221,628
218,219,1094,221,505
218,219,674,219,998
219,220,794,220,380
218,218,899,219,1210
219,220,931,219,2153
219,220,819,220,2131
220,220,1201,221,2630
218,219,785,220,1763
219,221,708,221,627
217,217,945,217,1294
218,218,1099,219,1500
219,220,1122,220,1114
219,220,1055,220,914
218,218,1056,219,1180
218,219,648,219,455
218,219,1014,220,1212
219,221,1188,219,1160
217,217,1016,218,675
220,220,1150,221,563
218,219,716,219,1138
219,219,1039,220,442
219,221,555,220,464
219,220,686,220,3385
218,218,669,219,856
219,220,895,220,2643
219,220,1028,220,1491
218,218,964,219,1569
218,219,364,219,576
220,221,927,221,533
218,219,1140,219,522
218,219,736,220,499
218,219,1104,219,858
218,219,1170,219,784
219,219,1077,219,2038
219,219,775,221,1908
220,221,1058,222,4825
218,219,541,219,645
220,222,945,221,1152
219,221,1025,220,1735
218,219,436,219,441
218,219,1079,220,968
217,219,959,217,2002
217,218,1266,218,511
218,219,1163,219,1286
218,218,986,218,2252
219,220,797,220,2332
218,219,1160,219,1115
219,220,1231,220,1197
219,220,989,220,630
218,218,653,219,850
219,220,894,221,895
219,220,460,220,2290
218,219,521,219,498
219,220,863,220,915
219,220,1111,221,816
220,221,978,222,1766
219,221,936,220,1261
220,221,968,220,678
217,218,778,219,597
217,220,611,219,1231
219,220,795,219,500
218,219,1065,219,657
218,219,765,218,2496
219,219,1040,220,964
218,220,1030,219,619
219,220,881,220,496
219,221,721,221,869
219,222,1114,222,871
220,221,1585,222,940
219,220,867,220,603
219,221,989,220,879
220,220,1069,221,1792
218,218,501,220,1309
218,219,961,219,567
219,221,550,220,545
219,220,1023,220,551
218,219,1146,221,786
218,218,1153,219,624
220,221,972,220,4426
219,221,820,220,1160
220,221,1141,221,1517
219,220,1147,220,1239
217,217,832,217,985
218,219,1242,219,1748
220,221,1031,221,1228
219,220,859,220,503
220,221,978,221,616
219,220,981,220,646
219,220,1257,220,829
219,219,1069,222,1006
218,219,1484,220,761
218,218,1358,218,1823
219,220,845,221,509
217,218,776,217,1347
219,220,971,221,654
219,220,1147,221,1363
219,220,643,220,692
217,217,838,217,1225
219,220,976,220,1312
218,219,1236,220,754
220,222,816,221,1052
218,219,1441,219,1261
218,218,1139,220,587
219,221,928,220,1317
218,219,620,218,1075
219,220,862,219,679
218,219,1126,219,738
218,218,690,219,1087
219,220,608,221,1101
220,220,660,221,718
220,220,1109,221,560
219,220,1363,219,919
217,218,1322,218,897
218,219,1152,218,942
218,218,1132,219,606
218,220,966,219,417
219,219,762,220,770
220,221,597,222,897
219,220,959,220,787
219,221,1067,219,2092
218,218,975,219,1435
217,218,1355,219,928
219,219,761,220,936
218,220,1037,219,1163
219,221,1053,220,531
219,220,618,221,600
218,220,958,219,932
219,219,955,220,697
219,220,1045,221,602
220,221,679,221,902
219,219,828,220,461
219,219,859,219,915
218,218,1049,219,722
216,218,1616,217,543
219,220,1029,220,576
219,219,731,220,574
218,220,833,219,892
217,218,1165,219,461
219,221,792,220,675
218,219,773,220,421
219,219,531,220,665
219,220,996,219,979
219,219,1022,220,1516
219,219,1057,221,805
218,218,1092,220,578
218,219,1442,219,1171
220,220,635,221,408
219,220,487,219,581
219,220,704,220,3245
220,220,1048,222,4266
217,218,1099,217,519
219,220,581,219,1497
217,217,1080,217,1098
