123,124,126,124,134
124,124,247,124,297
124,125,250,124,216
125,126,206,127,330
124,126,207,125,262
124,126,120,124,99
124,125,180,125,253
123,124,189,125,296
124,125,201,126,202
124,125,235,124,140
125,127,211,126,135
124,125,201,124,143
125,126,206,126,125
125,127,109,125,108
124,124,204,126,118
123,124,186,124,262
124,125,214,126,334
123,124,177,124,105
124,125,127,124,375
124,126,273,126,230
123,125,208,124,134
124,124,229,125,106
124,125,203,125,192
124,124,182,125,108
124,124,185,125,210
123,123,108,124,81
124,124,137,125,85
124,126,73,125,89
124,125,147,125,473
122,123,155,122,203
124,124,171,125,138
122,123,166,122,202
124,126,119,124,115
125,126,195,125,328
124,125,134,125,497
123,125,260,123,700
125,125,192,126,280
124,125,176,126,242
125,128,241,125,835
124,125,308,125,301
124,124,122,124,142
124,125,193,125,404
124,125,198,124,251
122,123,170,123,112
125,127,203,127,122
123,123,186,124,134
124,125,216,125,363
124,125,219,125,145
123,124,225,124,532
124,125,209,125,207
124,125,479,124,129
124,125,232,126,143
125,126,165,128,115
125,125,153,126,277
125,126,139,127,98
124,125,148,125,79
124,126,143,125,334
125,125,110,125,122
125,127,208,125,113
123,125,172,123,486
124,124,202,126,241
122,124,205,123,108
124,124,194,126,128
124,125,381,124,171
124,125,164,125,613
124,124,208,124,244
123,124,205,124,196
123,123,260,126,144
124,125,173,124,183
123,124,168,124,393
124,125,190,126,259
123,124,195,123,439
125,126,215,126,229
125,126,196,125,187
125,126,190,126,122
123,124,351,126,172
124,126,191,126,211
125,126,231,126,141
124,124,169,125,112
123,125,205,124,121
123,125,224,124,514
123,124,241,124,180
124,125,168,125,117
124,124,152,125,83
124,125,128,125,221
125,125,133,126,96
123,124,145,124,185
124,126,146,125,377
124,126,178,125,115
125,126,146,125,593
123,123,151,124,677
124,124,169,125,327
124,125,240,126,236
125,127,206,126,143
122,122,174,125,121
124,125,187,125,622
124,125,161,125,172
124,124,186,125,351
124,124,221,127,264
124,124,192,125,201
124,125,179,126,126
121,122,191,122,105
124,125,207,126,108
123,124,220,124,113
123,123,196,124,136
124,125,121,124,259
124,125,221,126,105
122,123,200,123,262
124,125,211,126,104
124,124,192,124,148
121,121,191,123,117
124,125,194,126,108
124,126,189,125,187
124,125,209,126,261
123,124,137,124,319
124,125,155,126,219
124,124,90,125,218
124,125,118,126,418
125,125,140,126,82
124,126,116,126,104
124,125,125,124,125
123,124,138,124,106
124,124,131,125,311
123,125,204,124,178
123,123,204,124,169
123,124,290,123,131
123,123,113,126,274
122,122,206,122,180
123,124,207,124,224
125,126,86,127,107
124,125,135,125,132
125,125,200,126,140
123,124,142,124,258
124,125,219,125,384
124,125,225,125,200
122,123,204,123,144
124,125,248,125,154
123,123,210,125,118
124,124,191,126,348
124,124,186,125,223
124,125,210,125,131
125,125,211,126,140
124,125,198,125,328
124,124,91,125,154
123,124,226,123,286
122,122,288,124,433
124,124,194,125,116
123,124,199,125,190
124,126,199,125,273
122,123,119,123,106
123,125,183,124,199
124,126,156,125,192
125,126,138,127,79
123,124,86,124,173
124,126,146,124,85
124,126,134,125,138
123,124,130,123,120
123,123,129,124,136
124,125,215,124,348
125,125,177,126,205
123,125,195,124,389
124,127,171,125,172
123,124,231,126,171
124,125,208,124,233
124,124,229,126,298
123,123,225,125,109
123,124,239,124,137
125,126,195,125,283
124,125,180,126,124
125,126,160,126,686
124,125,137,126,395
125,125,203,126,199
124,125,115,125,458
125,126,215,126,107
125,127,184,127,149
125,126,201,126,143
123,123,269,124,139
124,125,179,126,209
124,125,149,125,408
123,124,200,125,287
124,126,203,125,141
124,125,200,125,96
124,126,163,125,112
124,124,139,125,130
125,126,166,127,103
125,125,154,125,199
123,124,149,124,146
122,122,153,123,155
123,124,193,123,269
123,123,138,124,279
124,125,181,124,180
123,123,212,124,188
125,125,153,125,141
124,124,117,125,222
125,126,240,128,259
124,124,187,125,166
124,125,184,125,127
123,125,196,124,119
124,124,216,125,147
123,124,170,124,144
125,126,182,125,143
124,124,110,124,123
124,124,186,124,115
124,125,127,126,292
122,122,171,124,334
124,125,178,125,486
123,125,136,123,133
124,125,196,126,129
125,127,219,126,261
124,125,239,126,402
125,126,188,126,142
124,124,214,124,659
122,124,226,123,148
125,126,188,125,153
124,124,189,125,270
124,125,196,124,160
125,126,137,126,201
123,124,109,124,133
124,125,131,125,96
123,123,88,123,322
125,126,130,125,331
122,123,164,122,108
123,124,182,125,113
123,124,196,123,115
122,122,125,125,427
123,123,89,124,312
124,124,177,125,783
123,123,133,126,128
123,124,194,124,110
124,126,248,124,121
124,125,284,125,177
124,125,159,124,121
124,126,226,126,135
123,124,108,123,133
124,125,220,125,480
124,125,223,125,186
125,127,134,127,270
125,126,140,126,106
124,124,179,125,227
124,124,335,125,808
124,125,222,124,112
123,125,190,123,281
124,125,145,125,111
123,123,204,124,335
124,125,195,125,395
123,123,201,124,95
124,125,148,125,378
125,125,141,126,157
123,124,174,124,198
124,125,150,125,283
124,125,157,126,281
123,125,205,125,130
124,126,206,126,752
125,125,212,126,251
124,125,174,125,129
124,125,127,125,120
123,124,193,124,490
124,125,188,126,143
124,125,154,125,129
125,125,180,126,259
124,125,211,125,340
125,125,209,126,334
124,124,220,125,426
123,124,242,124,142
123,124,116,123,205
121,122,166,123,158
124,125,207,126,315
122,125,102,122,178
125,127,215,126,491
122,122,320,122,444
125,125,213,125,266
123,123,214,124,171
124,125,217,125,372
125,127,170,127,442
124,125,120,125,155
122,122,106,124,492
123,124,144,124,87
124,125,139,126,93
125,126,138,126,275
122,123,138,124,183
123,125,203,123,81
123,124,178,124,306
124,125,183,125,112
123,124,179,124,134
123,124,94,125,109
124,124,203,124,240
125,126,195,125,199
123,124,168,123,605
124,125,170,125,268
123,123,166,124,102
125,125,188,125,123
123,124,216,124,256
122,123,220,124,341
123,123,210,123,124
125,125,234,126,118
124,124,212,125,276
125,125,171,125,141
125,126,200,126,120
123,124,166,124,393
125,126,176,126,261
123,123,191,124,435
124,124,176,126,178
124,124,218,124,374
124,124,173,125,241
124,126,135,126,110
123,123,191,124,198
124,125,175,126,544
123,124,182,124,90
124,125,151,125,86
124,125,113,126,335
124,124,139,125,171
124,125,146,125,109
123,124,390,125,412
121,121,145,122,107
124,124,173,125,266
125,126,148,125,251
124,125,199,125,388
125,127,211,126,395
124,125,198,124,183
124,125,216,126,446
124,125,210,125,414
124,125,144,125,175
124,124,416,125,409
124,125,78,125,118
124,125,186,125,130
125,126,180,126,278
123,125,129,125,382
122,123,243,124,391
121,122,248,122,401
122,123,178,122,178
124,125,223,124,147
123,123,205,123,189
124,125,200,124,444
125,126,148,125,126
125,125,198,126,306
122,123,142,123,90
125,126,132,126,636
124,126,132,125,247
125,127,187,127,115
123,124,210,125,111
123,123,250,124,174
123,124,181,125,112
124,125,170,124,169
124,124,230,125,389
123,124,142,123,108
124,124,170,124,159
124,124,189,125,197
124,126,167,125,128
124,124,190,125,143
123,125,196,125,279
125,125,168,126,290
124,125,147,125,194
125,126,187,125,127
124,125,207,124,539
124,125,215,125,272
124,125,206,126,127
123,124,218,124,253
125,125,240,126,115
125,126,177,126,122
125,126,179,126,114
124,124,208,125,131
124,124,205,124,113
125,126,198,125,189
122,123,143,123,216
124,125,126,126,139
124,125,238,126,339
125,126,193,126,151
123,123,182,123,228
122,123,136,123,76
123,124,144,124,130
124,126,155,125,188
124,125,126,127,183
125,125,147,127,152
123,124,151,124,264
124,126,200,124,261
124,125,188,125,134
124,125,171,125,295
123,124,128,124,185
124,124,131,125,190
122,123,139,123,243
123,124,163,124,231
124,124,230,124,244
124,125,157,126,172
124,126,220,124,157
125,126,210,126,329
125,125,191,125,420
123,124,295,123,124
125,127,144,125,121
123,124,193,124,127
124,124,223,125,399
124,125,216,125,194
125,127,199,126,112
123,123,138,123,247
124,125,175,125,162
121,122,204,123,187
124,124,185,125,320
124,124,217,125,587
124,124,192,124,216
124,125,158,124,275
123,124,208,124,143
124,124,111,124,228
123,123,154,124,318
123,125,105,123,134
125,125,135,126,193
124,125,134,125,87
124,126,129,126,84
124,125,152,126,279
123,124,140,125,170
124,124,202,125,334
125,126,181,127,304
123,123,189,124,228
125,125,191,127,173
124,124,84,124,128
123,124,159,124,115
123,125,210,124,107
124,125,243,125,251
124,124,166,126,307
124,124,109,124,289
124,125,142,124,446
124,125,158,126,283
124,125,176,125,397
123,123,217,124,538
125,126,173,127,196
124,125,167,125,122
124,125,180,125,342
124,124,153,125,440
124,125,204,125,126
124,126,199,125,126
123,124,223,124,207
124,125,271,125,146
123,125,110,124,166
123,124,117,124,141
123,124,242,125,239
124,125,185,124,152
122,123,148,123,269
123,124,88,123,64
123,125,153,124,244
123,124,148,125,513
123,124,131,124,86
124,125,132,124,539
123,123,192,124,131
124,124,262,125,190
125,125,203,126,147
123,123,235,124,202
123,123,210,125,171
123,123,171,124,400
123,124,187,124,245
125,126,190,125,204
123,124,214,125,560
125,126,194,125,126
124,125,121,124,492
123,124,124,124,192
125,125,121,127,131
125,127,196,125,304
125,125,154,126,375
123,123,111,124,795
123,123,267,125,111
123,124,158,125,200
123,124,452,124,612
124,125,196,126,310
124,126,210,126,243
124,125,140,125,235
125,126,144,126,334
124,125,147,126,98
123,124,153,125,85
123,125,147,126,135
125,126,186,126,92
124,125,160,125,110
124,125,160,125,145
125,126,150,126,134
124,126,195,125,112
124,124,201,125,379
125,126,188,126,511
123,124,200,125,292
121,121,237,122,169
123,125,199,124,129
123,125,249,124,182
123,123,270,125,405
124,124,182,127,113
124,125,132,126,426
124,125,116,124,508
123,124,126,125,346
124,124,202,125,152
124,124,208,125,755
122,123,251,123,461
125,126,203,126,260
125,125,208,126,192
124,125,140,126,198
124,125,216,126,196
123,124,168,123,123
125,127,172,127,94
123,124,169,124,202
124,125,116,124,95
123,124,141,124,107
124,125,152,125,90
124,126,140,124,1013
124,124,123,124,314
124,124,208,125,319
124,126,209,125,266
125,127,217,126,328
124,125,103,124,301
123,124,275,125,242
125,127,184,125,349
123,123,241,124,455
124,125,315,125,265
124,125,192,124,605
124,125,190,127,326
125,126,163,125,596
124,125,203,125,402
124,125,190,127,180
124,125,204,125,858
124,125,170,125,789
123,124,231,123,304
124,126,163,125,87
124,125,138,125,96
125,126,139,126,138
124,125,138,125,286
124,125,123,126,376
125,126,151,126,358
125,126,82,125,85
124,125,150,124,209
124,124,180,125,121
124,124,221,126,855
123,124,216,123,135
125,126,201,126,191
125,126,204,126,352
124,125,153,126,209
124,126,154,125,190
124,125,224,126,106
124,125,197,124,145
123,123,181,124,561
124,124,206,126,182
124,126,200,126,417
124,124,207,126,613
124,125,179,125,263
125,127,219,126,289
124,124,190,126,354
122,123,161,124,127
124,125,114,125,128
124,126,222,124,517
124,126,205,125,783
125,126,214,125,195
125,125,199,126,129
124,126,169,124,114
125,125,115,127,96
125,125,139,125,92
124,125,100,126,373
125,126,137,125,134
124,124,116,125,89
125,126,110,126,96
123,125,147,124,184
125,126,128,127,106
123,123,141,126,262
124,125,146,124,479
122,123,214,124,120
125,126,181,127,115
123,123,190,126,143
123,124,251,124,468
125,125,134,125,316
125,126,200,126,188
123,125,149,124,170
123,125,108,125,130
125,126,189,128,180
125,125,246,126,135
125,125,175,127,202
124,125,226,126,399
125,125,195,125,193
125,125,188,126,254
125,127,184,126,112
123,124,198,124,177
123,124,150,124,392
123,124,162,125,329
124,124,210,125,202
124,125,217,126,103
121,122,197,122,244
123,124,83,124,457
124,125,159,125,242
125,126,209,126,143
123,123,224,125,113
124,125,207,125,1049
123,124,114,123,95
125,126,153,126,94
124,125,144,125,338
124,125,202,125,239
124,125,138,125,576
124,125,211,125,259
123,124,228,123,109
125,127,181,126,553
123,124,138,123,330
125,126,189,127,218
124,125,208,125,889
124,125,285,124,203
125,126,138,128,272
124,125,193,125,798
125,126,156,126,113
124,125,163,125,450
122,123,170,123,385
125,126,198,125,144
123,123,218,124,180
125,127,196,126,117
124,125,184,125,547
124,124,207,124,251
125,126,192,127,440
123,124,143,124,490
123,124,160,124,79
124,125,150,126,82
124,124,135,124,375
124,125,145,125,230
125,125,139,127,175
125,126,131,125,84
124,125,148,125,141
123,124,86,124,243
123,124,153,124,128
124,125,128,125,129
124,125,190,124,131
122,123,109,123,148
124,124,196,126,273
123,123,126,124,198
125,126,182,125,110
124,125,218,126,132
124,125,140,124,320
123,123,215,123,204
125,126,184,126,124
125,126,237,126,276
124,126,226,125,151
122,122,179,123,231
124,125,220,124,240
125,126,183,127,388
123,124,224,125,640
125,126,191,126,277
125,126,228,125,194
125,127,213,125,126
124,125,225,126,109
124,125,189,125,95
123,124,210,123,124
124,125,226,124,209
124,125,252,124,327
123,124,173,125,568
125,125,99,126,175
124,126,143,126,192
125,126,127,127,322
124,125,115,125,135
124,124,161,125,426
125,125,201,126,122
124,125,207,125,140
124,125,191,125,328
124,124,205,124,579
123,123,194,124,194
124,125,186,126,183
124,125,259,125,412
125,126,210,126,118
123,123,193,125,240
124,124,187,125,362
124,125,200,125,137
123,123,173,125,376
123,124,158,123,127
123,124,239,125,659
124,124,181,124,303
124,125,235,125,283
125,125,167,125,115
123,123,149,123,163
125,125,222,126,134
124,125,195,124,315
125,125,201,126,321
125,126,176,127,207
124,125,136,125,300
123,125,179,125,201
124,124,162,125,106
124,125,133,126,718
124,125,155,124,94
124,125,196,124,275
124,124,258,124,209
122,123,83,125,118
125,125,232,125,153
124,124,193,125,142
124,125,187,125,124
124,125,178,126,191
125,127,207,128,175
123,125,158,125,116
124,125,181,124,248
123,125,191,123,179
124,125,251,125,157
124,125,180,126,412
122,123,211,123,377
122,123,86,123,185
124,125,204,125,137
123,123,218,124,130
124,124,193,124,133
124,125,156,125,457
123,124,184,124,218
124,124,206,126,192
125,125,203,127,112
123,123,122,123,353
123,124,236,125,171
125,126,123,127,586
124,125,184,125,494
125,125,238,126,111
125,125,159,127,182
125,126,147,126,116
123,124,154,124,93
124,124,147,125,96
125,126,121,126,375
123,124,138,125,133
123,125,212,124,89
124,126,147,126,182
124,124,143,126,76
123,124,129,124,235
125,125,152,127,219
124,124,303,126,117
123,123,193,123,237
124,124,203,126,334
123,124,143,125,199
123,123,156,123,137
123,123,238,126,193
125,125,211,126,905
123,125,213,124,187
124,124,183,125,213
123,124,263,123,182
122,123,194,123,126
123,124,180,124,382
123,124,120,124,388
122,124,177,123,191
123,124,198,125,152
123,123,169,124,578
123,124,152,125,193
123,124,175,125,120
124,125,148,125,417
124,127,248,125,404
124,125,249,125,221
123,125,139,124,118
122,124,238,123,156
123,124,147,124,114
124,126,157,125,186
123,125,48,126,94
124,125,81,128,81
124,124,132,124,93
124,124,132,125,220
124,125,147,125,466
123,124,177,124,259
124,125,208,126,217
125,126,546,127,1613
124,124,242,125,482
125,126,193,126,241
124,125,171,124,137
125,126,192,126,135
125,126,245,127,117
124,125,127,125,132
123,124,230,123,348
124,125,283,126,266
124,125,238,126,133
124,125,309,124,510
124,124,194,124,314
124,125,505,125,319
125,125,258,127,168
122,123,297,124,417
125,126,153,126,173
123,124,298,124,334
124,126,190,125,292
125,126,251,128,281
124,125,244,125,181
124,125,236,124,113
125,127,230,126,139
123,124,225,123,160
124,125,383,125,146
125,126,121,125,97
125,127,138,126,100
124,124,150,125,135
124,126,128,125,197
124,125,70,125,117
124,124,161,124,364
124,124,182,126,294
124,125,188,125,311
123,125,255,124,138
125,126,244,126,175
124,124,225,125,287
125,125,235,126,841
124,124,221,124,597
123,123,305,124,133
124,125,222,125,235
122,123,192,123,152
124,125,216,125,781
124,125,232,126,122
124,125,245,124,432
124,125,194,125,118
124,125,266,125,144
125,127,234,127,353
124,124,261,124,230
125,126,209,125,191
123,124,252,125,476
124,125,221,125,168
125,125,193,125,206
124,125,230,125,258
123,123,192,124,411
123,123,149,125,104
124,125,133,125,83
125,127,131,126,133
124,125,138,125,89
124,125,141,125,82
125,125,171,126,177
125,126,197,127,585
124,125,206,125,125
124,125,251,125,148
122,124,157,124,176
124,125,235,124,339
123,123,222,124,113
124,125,133,125,387
125,125,186,126,141
124,125,254,124,713
123,123,215,124,201
123,124,236,125,105
124,125,179,126,395
124,125,236,125,178
121,122,216,121,401
124,125,234,126,148
124,124,239,126,155
123,124,195,123,201
125,126,226,126,197
125,125,202,126,227
124,128,159,125,270
124,125,229,125,571
125,126,199,126,397
124,124,196,124,165
125,126,222,125,253
124,126,169,125,427
123,124,179,124,128
124,126,118,124,94
123,124,127,124,132
124,124,112,125,104
125,125,154,127,145
123,124,138,124,283
123,123,118,124,81
124,125,153,126,103
125,126,152,127,309
125,125,165,126,130
123,125,199,124,323
124,125,229,125,218
124,126,234,125,346
123,125,158,124,119
124,125,217,126,332
124,125,195,126,167
124,124,148,125,142
122,124,248,123,373
124,126,225,125,922
124,124,213,126,144
124,125,207,124,299
125,126,198,126,143
123,123,183,124,123
124,125,201,125,517
124,126,314,125,123
123,123,178,123,118
124,125,215,125,159
124,125,216,127,420
125,126,249,125,132
124,125,218,125,125
125,126,171,127,118
124,126,206,126,273
124,125,152,125,248
124,124,189,126,281
125,126,122,126,328
123,124,144,123,134
124,125,138,125,128
124,124,132,124,150
124,125,147,125,183
124,124,161,125,338
123,124,171,123,292
123,123,146,123,158
124,125,157,124,170
122,122,224,123,458
124,125,247,125,314
124,124,188,125,319
124,126,216,124,272
124,125,201,126,193
125,125,180,126,208
125,125,151,126,1043
123,124,215,125,125
122,122,241,123,203
125,126,219,125,527
123,124,269,126,429
124,125,193,125,145
124,125,245,125,218
125,125,239,126,412
125,125,195,126,242
122,123,126,125,141
122,123,221,122,205
123,124,232,124,287
124,125,155,124,433
122,122,71,123,86
123,124,86,124,101
123,123,150,123,267
124,124,146,125,89
125,125,149,127,207
125,126,176,126,256
123,123,193,123,121
124,125,222,125,107
125,126,189,127,607
125,125,188,125,312
123,123,232,123,228
124,124,223,126,214
124,126,201,127,370
123,123,146,123,349
124,125,235,124,407
124,125,259,125,147
125,125,213,125,226
124,126,195,125,323
124,126,269,125,132
124,126,163,125,167
124,125,169,125,147
124,125,199,125,171
124,126,180,125,341
123,124,201,124,166
123,123,192,125,247
123,124,292,125,393
125,125,130,125,558
125,126,212,126,682
125,126,147,126,162
124,125,159,126,276
123,124,137,124,181
121,122,111,123,105
124,125,147,126,254
124,125,153,126,175
124,125,158,126,263
124,124,217,124,406
123,123,206,123,285
122,122,224,123,386
125,126,186,126,226
123,124,252,124,261
124,126,198,124,267
125,126,215,125,320
124,125,221,125,271
125,126,188,125,193
124,127,275,124,206
124,125,133,126,424
125,126,186,126,625
124,125,133,125,133
123,123,223,123,112
124,124,199,125,270
123,124,234,124,262
124,125,214,125,145
123,123,185,123,189
123,124,280,124,350
125,127,190,126,776
125,125,183,127,210
122,123,140,124,173
122,122,158,123,80
125,126,146,125,135
124,124,151,126,178
123,124,134,124,449
123,123,141,125,139
122,122,252,124,228
124,125,196,125,150
124,125,198,124,620
123,124,243,124,145
124,126,212,125,100
123,124,203,124,240
124,126,191,124,127
122,124,154,124,637
123,124,158,123,377
125,126,202,126,291
124,124,231,125,206
124,125,255,124,145
121,122,175,121,136
122,122,202,123,147
124,125,163,126,143
124,124,219,124,335
124,124,220,125,130
125,125,366,126,557
123,124,203,124,201
125,126,177,126,163
123,124,256,124,162
124,125,207,125,222
124,124,210,126,153
125,126,212,126,201
125,125,153,126,85
123,125,174,124,77
124,124,157,125,80
124,124,161,126,221
123,124,163,124,133
124,125,144,125,149
125,126,150,125,135
124,125,135,124,270
124,126,167,125,430
124,124,139,125,171
124,124,201,125,409
121,121,224,121,513
124,125,243,125,134
123,124,186,124,204
124,124,179,124,1013
123,124,172,125,392
124,124,249,124,299
125,126,159,126,108
123,125,255,124,277
124,125,237,125,106
124,125,197,127,130
124,124,212,125,227
123,125,173,125,134
125,126,222,126,118
125,125,214,127,133
124,125,192,125,336
125,125,205,126,144
123,124,199,123,214
