151,153,382,151,467
154,155,318,154,227
153,154,387,154,202
154,155,313,156,211
155,156,354,155,239
154,154,390,155,202
154,156,415,156,497
153,153,313,155,277
154,155,261,154,258
154,155,196,155,170
155,156,266,156,589
152,152,293,153,272
154,155,310,155,223
154,156,323,154,235
153,154,263,154,211
153,154,388,155,210
154,155,326,156,234
155,156,363,157,826
152,154,299,153,551
151,152,425,153,212
155,155,403,157,588
152,153,385,153,340
154,155,404,155,487
154,155,397,156,707
153,154,259,154,216
154,154,311,154,220
153,154,417,153,393
154,154,376,154,169
153,153,303,154,168
155,155,245,155,169
154,154,301,157,422
154,154,271,156,494
154,155,243,154,151
154,154,343,154,241
154,154,351,155,378
153,155,398,154,238
155,155,379,157,982
154,155,376,155,207
155,155,374,155,719
154,155,255,154,387
154,155,333,155,346
155,155,384,157,372
155,156,331,156,985
155,156,349,156,476
154,154,387,156,344
154,155,399,155,202
153,153,352,154,321
153,154,322,154,157
154,154,236,156,146
153,154,295,154,573
154,155,280,156,255
153,155,270,153,241
154,156,306,155,975
151,152,425,152,268
153,154,316,154,200
154,155,355,156,1022
155,156,409,156,376
155,156,311,156,331
155,156,345,156,453
154,155,176,154,446
152,154,367,154,255
154,154,269,155,349
154,154,362,154,590
153,154,310,154,260
153,155,319,156,377
153,154,352,154,210
155,156,305,157,201
154,155,359,154,277
153,154,119,154,359
153,154,251,154,183
154,156,252,155,189
155,155,240,157,192
154,155,268,156,483
154,155,357,155,254
152,153,321,154,219
154,156,249,155,509
154,154,235,154,530
154,155,368,155,980
153,153,416,155,222
154,155,508,155,874
154,154,382,155,214
155,156,333,157,418
152,153,319,152,322
154,155,279,155,1595
154,155,376,156,284
153,154,333,155,373
154,154,307,155,174
154,155,270,155,236
153,154,281,154,325
153,153,281,154,558
155,155,305,156,364
152,152,421,152,378
154,156,362,156,332
153,153,240,154,1076
154,155,356,156,377
153,153,262,155,501
155,156,347,157,488
153,153,302,153,257
153,154,431,154,258
153,154,362,153,476
154,154,251,155,321
153,154,393,154,253
153,154,408,154,234
154,155,359,155,255
153,154,372,155,680
153,154,279,154,619
154,155,195,155,419
154,155,256,155,280
154,155,152,155,430
154,155,314,156,211
153,155,458,154,932
155,155,346,156,858
154,156,364,154,470
154,154,162,155,867
155,157,370,157,353
154,155,389,155,292
154,155,373,155,227
154,154,348,154,641
153,153,445,155,427
155,157,414,155,516
153,154,394,154,411
154,155,369,154,1304
153,153,286,154,164
152,153,242,153,311
154,155,274,156,246
153,154,134,155,167
154,155,354,155,677
155,157,586,157,389
153,154,359,153,366
155,157,332,156,217
155,156,356,156,250
152,153,473,153,368
154,154,384,155,206
154,156,373,155,237
154,155,404,156,238
155,155,399,157,640
154,155,341,154,476
153,155,360,154,765
154,154,348,155,226
154,155,438,155,656
154,156,409,155,552
154,155,261,155,343
154,155,287,155,726
155,156,250,155,158
153,154,292,154,172
153,153,538,154,450
154,155,378,154,505
154,155,359,154,641
152,152,399,154,504
153,155,309,153,228
155,156,355,155,405
154,155,376,155,360
153,153,395,153,268
153,154,164,153,659
154,156,387,156,205
154,155,392,155,234
155,156,380,156,360
154,155,359,155,341
154,155,197,155,289
154,155,428,156,439
155,156,308,156,244
155,157,270,156,190
153,154,276,154,246
154,155,313,154,304
154,154,278,156,280
154,156,299,157,1036
152,154,346,155,447
154,155,438,156,243
153,154,363,153,226
154,155,277,156,620
154,155,366,156,260
151,151,307,152,669
153,154,427,154,424
152,153,311,153,943
154,155,324,155,616
155,156,487,156,285
154,155,540,155,499
154,154,408,156,354
154,154,409,156,497
152,153,373,154,526
155,156,231,157,507
154,154,172,155,254
153,154,256,154,263
152,154,181,153,600
154,154,361,154,398
154,154,366,156,380
155,157,369,156,300
153,154,366,154,580
152,153,409,153,734
153,153,181,154,218
154,155,373,155,347
153,154,400,154,286
154,155,365,156,515
155,157,369,156,464
153,154,393,153,228
153,154,389,154,488
155,155,375,155,452
153,154,325,155,311
154,154,269,154,167
155,156,260,155,268
155,157,283,155,160
155,157,270,156,271
154,155,275,155,721
154,156,300,155,264
154,155,355,156,223
153,153,345,154,213
153,153,423,154,206
153,154,315,153,196
153,154,410,154,436
154,154,362,156,466
154,155,305,156,475
154,157,410,155,469
155,156,398,155,538
155,155,319,156,620
154,156,417,155,262
154,156,408,155,938
154,156,402,154,216
153,154,303,154,415
153,155,424,154,306
155,156,274,155,178
154,156,228,155,268
154,154,454,155,741
154,156,401,155,720
154,155,255,154,1921
154,156,374,155,228
155,156,428,156,280
154,154,439,155,513
155,156,477,156,935
154,154,410,155,199
154,155,375,156,244
153,154,237,154,390
153,154,358,155,402
153,153,380,153,291
152,154,418,154,481
154,155,283,155,226
154,154,340,155,462
153,154,395,154,994
153,153,286,154,429
154,155,263,154,150
154,155,269,155,172
154,154,171,156,598
153,155,275,153,362
155,156,435,155,206
153,154,317,154,1179
153,153,382,154,200
155,156,375,156,980
152,153,430,153,579
153,155,337,154,973
154,155,243,156,451
153,154,311,155,380
155,155,358,156,903
154,155,393,156,208
154,155,378,155,385
154,154,365,154,500
153,153,260,154,453
155,156,244,155,242
155,157,241,156,619
152,153,185,153,154
153,154,331,154,946
153,154,343,153,225
154,155,375,155,944
154,156,345,156,260
154,154,196,154,641
155,156,366,156,647
153,153,349,154,618
153,155,367,154,736
155,156,276,157,360
153,154,468,155,203
153,153,341,155,329
154,154,247,155,490
153,154,321,153,504
154,154,422,154,192
154,154,302,154,341
154,155,288,155,322
153,154,284,154,348
154,154,265,156,796
154,155,247,155,215
154,155,305,154,443
154,156,293,155,218
154,155,391,156,350
154,155,216,156,588
152,152,443,153,333
154,155,351,155,216
154,154,373,154,2637
155,155,367,156,765
153,154,269,154,405
154,156,308,154,395
154,155,267,155,995
154,155,255,155,274
153,154,296,153,271
153,154,298,154,232
155,155,311,156,714
154,154,420,155,734
154,154,308,154,209
154,156,378,156,343
153,154,274,154,363
154,156,408,155,710
153,154,297,155,244
154,154,396,155,212
154,154,403,155,209
154,155,229,156,198
153,154,279,153,726
154,154,353,154,612
154,155,417,155,365
153,154,377,154,213
152,153,276,155,381
155,155,195,156,195
154,154,302,155,349
154,154,246,154,152
154,155,255,156,424
154,155,281,154,516
153,154,340,155,189
153,154,187,153,234
153,154,328,154,343
152,153,217,154,198
154,155,388,155,223
154,154,329,156,309
155,156,426,156,843
155,156,331,156,645
154,155,410,155,359
153,154,366,155,192
154,155,349,155,461
154,154,390,155,488
153,153,276,154,362
153,154,379,154,245
154,155,446,155,248
154,154,316,156,386
153,155,284,154,187
154,156,201,155,194
153,154,286,154,233
154,155,220,156,415
154,154,274,155,271
154,156,258,155,407
154,154,228,156,495
153,154,345,155,476
153,153,224,153,445
155,156,362,156,531
153,154,237,153,255
155,157,357,157,218
154,155,368,155,278
153,154,461,155,551
155,157,330,155,354
154,154,652,155,1170
152,153,384,152,268
154,154,387,155,560
152,153,540,153,313
155,155,353,156,193
152,152,151,153,156
154,154,253,154,160
154,155,266,155,935
155,157,234,156,331
152,154,172,152,379
154,156,345,154,249
154,154,313,154,359
152,153,347,154,491
153,154,402,154,236
154,155,395,155,1083
155,156,387,155,761
154,155,371,155,710
154,155,396,155,470
155,155,392,155,253
154,155,356,155,909
154,155,390,156,324
153,153,372,154,809
153,153,322,154,592
154,155,257,156,144
155,156,300,155,161
154,155,243,157,325
154,154,254,156,218
154,155,349,155,356
154,155,384,155,253
153,153,398,153,584
154,155,385,156,231
153,155,446,154,322
153,154,386,153,479
154,154,234,154,751
153,155,426,155,255
154,155,228,154,155
154,155,375,155,231
155,156,375,156,480
155,156,269,156,502
153,154,466,155,824
155,156,348,157,648
154,154,284,155,318
154,156,312,155,181
154,155,162,154,581
152,153,306,154,505
153,153,432,154,553
155,157,419,155,270
154,155,349,155,224
154,156,402,156,375
155,157,320,156,461
152,152,283,152,324
153,154,261,154,708
155,156,349,157,484
155,156,355,157,347
153,155,347,154,684
153,154,331,154,199
153,153,380,155,843
154,155,351,155,266
153,153,395,153,257
155,155,310,157,201
155,156,136,156,155
153,155,270,154,268
152,153,283,153,261
154,155,333,155,162
155,156,229,156,691
152,154,407,153,497
154,155,353,155,337
154,154,313,155,201
154,155,338,156,718
153,154,372,154,472
154,154,354,156,1437
153,155,406,154,215
154,155,377,155,223
154,155,365,155,229
152,153,252,153,473
153,153,252,154,196
154,154,390,154,1070
155,156,368,155,607
154,154,317,156,166
153,154,197,154,337
154,154,280,154,184
154,155,271,155,350
155,157,275,157,1005
154,155,391,156,385
153,153,372,153,235
153,154,278,153,222
154,156,364,155,840
154,155,379,154,815
152,152,454,153,340
154,156,347,155,336
153,154,437,154,279
153,155,301,154,246
154,157,377,155,492
153,154,283,155,925
153,153,395,154,254
154,155,420,155,354
154,154,281,155,516
154,155,258,155,169
154,154,265,155,336
154,154,246,155,136
153,154,235,154,990
152,153,302,153,212
154,155,395,155,336
155,155,380,155,669
153,155,293,154,501
154,155,382,155,711
154,155,386,156,247
154,155,363,154,358
155,156,365,156,221
154,155,458,154,828
153,154,398,154,1762
154,156,337,155,640
154,155,319,155,201
155,157,277,156,171
154,155,214,155,255
154,156,275,155,256
154,155,233,156,326
154,155,321,156,218
154,154,350,154,219
153,155,271,153,218
153,155,275,153,231
155,155,344,156,244
155,157,402,155,484
153,154,409,154,717
151,151,396,151,237
154,155,340,155,253
154,155,389,154,934
154,155,374,155,209
155,156,341,156,847
152,153,267,154,464
154,156,380,155,578
154,155,415,155,231
153,155,337,154,165
152,153,158,154,241
154,155,257,155,679
155,156,251,157,366
154,155,185,156,151
153,154,272,153,198
154,155,393,155,207
153,153,361,155,712
154,156,401,155,215
154,155,397,154,559
153,154,447,154,688
154,155,372,155,253
153,154,425,153,336
154,155,396,154,1498
152,152,415,152,226
155,156,319,156,242
153,155,318,156,719
155,156,273,156,263
151,152,451,152,206
154,155,281,154,419
153,154,330,155,419
152,153,296,152,149
153,154,278,153,154
153,153,128,156,263
154,156,329,154,1521
153,154,419,154,788
154,155,417,155,815
153,155,307,154,490
154,155,427,155,298
154,156,372,155,849
154,155,349,156,258
155,156,334,155,230
154,154,392,154,368
155,156,254,158,487
154,155,345,155,219
155,155,348,156,227
154,154,273,154,224
153,154,311,154,587
152,152,309,152,560
154,155,179,155,160
154,154,238,155,197
153,153,424,154,246
153,154,346,154,703
152,153,409,153,375
155,157,293,156,725
155,156,353,157,536
154,155,382,156,607
152,153,461,153,680
154,155,367,155,340
154,155,344,155,230
154,155,364,156,578
155,156,285,155,383
153,154,434,153,262
155,155,267,156,521
155,156,320,155,744
154,155,259,155,686
154,156,256,156,345
155,156,317,155,474
154,155,354,155,219
154,154,457,155,340
155,155,365,157,263
154,155,343,155,373
152,153,401,153,638
154,156,251,155,235
154,156,380,156,222
152,153,217,153,617
154,154,401,155,618
153,153,359,154,220
155,157,374,157,540
153,154,355,154,326
154,155,384,156,370
154,155,330,155,485
153,154,304,155,608
154,155,241,154,178
153,154,320,154,273
153,154,307,154,193
155,156,270,155,260
153,154,193,154,327
154,154,421,154,226
155,156,490,156,409
152,153,408,154,250
154,155,420,155,340
155,157,352,156,448
155,156,387,157,505
153,155,394,155,482
155,155,346,155,203
154,154,386,154,289
154,155,347,155,847
153,153,375,155,350
153,153,368,154,310
153,154,229,155,458
153,154,335,153,350
155,155,316,157,408
154,154,273,156,264
154,155,232,156,202
152,154,328,153,240
153,154,250,153,331
153,153,300,155,691
155,156,269,155,201
154,155,385,156,366
154,155,443,155,255
153,154,203,155,340
155,156,216,156,870
155,156,299,155,341
153,154,398,155,719
153,154,406,154,257
155,155,255,156,226
154,155,366,156,261
155,156,392,156,260
153,155,462,154,503
153,154,278,153,204
154,156,226,155,590
154,155,390,156,334
152,153,365,154,203
155,155,259,155,1191
155,156,259,156,247
153,153,345,155,433
154,156,374,155,514
153,154,312,153,682
154,156,260,154,555
154,156,361,155,214
154,155,378,156,224
153,155,369,156,345
153,154,400,154,244
152,153,254,152,235
154,155,375,154,337
153,154,415,153,941
153,155,218,155,356
153,154,324,154,716
153,154,413,154,204
153,153,307,155,214
154,155,298,154,152
155,156,197,157,150
155,156,240,156,523
155,157,273,156,145
153,153,270,154,427
154,156,284,154,324
155,156,352,156,1012
153,154,359,155,795
154,155,375,155,490
155,155,519,157,236
153,155,375,155,322
154,155,353,154,989
155,156,345,156,778
153,154,384,155,602
154,155,377,155,357
155,156,323,156,477
154,155,427,156,767
154,154,276,154,328
153,154,235,154,238
153,154,171,154,684
154,155,288,154,318
154,155,351,156,453
155,156,258,157,250
154,156,414,156,385
155,156,367,158,627
154,157,378,155,377
151,151,258,151,468
154,155,354,154,435
155,156,337,156,328
154,154,378,155,479
155,156,318,156,257
153,154,379,154,482
154,156,348,154,331
153,153,201,155,500
153,153,381,153,393
153,154,195,153,192
154,155,299,155,255
154,155,266,155,288
154,155,216,157,145
155,155,260,156,160
155,155,236,156,145
153,154,214,154,329
155,155,302,157,1536
155,156,307,156,206
155,156,370,156,225
152,152,325,154,757
152,153,222,153,202
153,153,339,153,1305
151,153,442,152,568
154,155,286,155,955
155,156,343,155,406
154,154,309,155,266
154,155,350,155,610
153,154,401,155,310
154,155,303,155,348
154,156,273,154,268
154,154,281,155,330
153,154,291,154,172
154,154,305,156,466
153,155,394,154,223
154,155,357,156,706
154,156,417,155,318
153,154,298,153,382
154,156,388,155,720
154,154,261,155,228
154,155,369,154,447
153,153,340,154,447
154,155,373,155,386
154,156,337,154,224
153,154,358,154,357
153,154,275,153,352
153,154,330,154,389
153,153,239,154,196
154,155,337,155,211
153,154,604,154,354
152,153,147,152,159
154,154,345,154,328
154,156,240,155,169
154,155,182,155,143
154,155,219,155,788
153,153,420,153,711
155,156,356,157,212
151,152,350,151,566
153,153,348,155,207
155,156,381,157,338
154,154,374,154,594
153,153,436,155,726
153,154,349,154,219
155,157,354,156,229
154,155,261,155,447
152,152,345,153,470
152,153,439,153,307
154,155,369,156,544
152,153,254,153,819
154,155,268,155,169
154,155,272,156,330
154,155,193,156,147
154,154,247,155,165
154,155,339,156,1319
155,157,212,156,251
153,153,397,154,280
153,153,358,155,248
153,154,453,154,276
155,157,405,157,211
153,154,374,154,220
155,156,354,156,367
155,156,356,157,279
153,153,429,153,712
154,156,379,155,1596
154,154,504,154,347
154,155,421,154,273
153,153,333,154,1011
154,155,253,155,263
153,154,190,154,188
153,153,227,155,150
155,156,230,156,610
154,155,396,156,389
152,154,199,154,275
153,153,278,154,715
155,156,389,156,852
155,156,364,155,717
154,155,241,154,514
152,152,266,152,795
154,155,364,155,325
153,153,311,155,636
155,155,334,155,718
153,154,163,153,210
155,157,311,156,258
155,156,312,157,344
154,155,363,156,254
154,155,251,154,275
154,155,345,155,183
155,156,112,156,169
153,154,217,154,159
153,153,256,155,166
153,154,272,155,367
153,155,339,155,203
154,157,276,155,715
154,155,398,154,467
154,155,191,155,335
154,155,406,156,277
154,155,336,155,478
154,155,365,156,824
155,156,368,156,251
153,153,278,154,211
152,153,175,153,222
154,155,439,154,459
154,155,404,156,860
154,154,323,155,1185
154,155,415,155,561
154,156,266,155,459
154,156,324,155,371
153,154,248,154,505
154,156,297,155,317
154,155,308,156,327
153,153,442,154,376
153,153,371,154,470
154,154,381,156,450
152,152,363,154,260
153,153,504,153,269
154,155,320,154,230
154,155,348,154,393
153,154,458,154,381
153,154,393,154,734
154,155,419,155,223
154,155,378,154,933
154,155,349,154,471
153,153,304,153,325
152,153,306,154,241
151,152,182,152,305
154,154,245,154,339
155,156,272,157,198
151,152,288,152,331
154,155,332,155,343
153,155,375,155,331
154,155,148,156,333
155,156,367,156,343
152,153,531,152,234
155,156,358,156,473
152,153,486,152,238
155,156,321,156,245
154,155,366,155,960
154,155,203,156,394
153,155,317,154,331
154,155,326,156,704
154,154,342,154,358
154,155,356,154,642
152,154,387,154,356
154,155,273,156,283
154,154,143,156,150
153,154,269,154,242
155,155,249,157,196
153,153,238,154,143
154,156,294,155,194
154,155,355,156,382
154,155,344,155,986
153,154,167,155,225
154,155,338,155,634
155,156,325,156,218
152,153,272,153,413
154,154,377,155,271
154,155,373,155,235
154,155,368,155,275
153,154,296,155,199
154,155,187,155,753
154,155,434,155,489
153,154,444,155,257
154,155,407,155,256
154,155,362,154,218
154,155,325,156,788
154,154,300,155,278
155,156,283,156,233
155,155,240,155,326
154,154,297,155,158
155,155,347,155,401
154,154,384,155,274
154,155,396,154,735
152,152,123,153,207
153,153,360,154,267
154,154,361,155,224
155,155,350,156,222
155,157,273,156,283
152,153,409,153,440
154,156,362,155,233
154,155,380,156,693
153,153,308,154,816
155,156,367,156,452
154,154,356,155,330
155,156,346,156,189
152,153,321,153,190
153,153,255,156,436
155,156,136,155,165
154,156,180,155,147
154,155,326,154,141
155,157,259,156,585
153,154,181,154,246
153,154,244,155,215
155,156,365,155,210
155,156,310,157,443
154,155,370,155,270
154,155,148,154,272
154,155,394,156,246
153,154,409,153,551
154,154,218,155,363
154,154,374,154,288
154,156,297,155,364
153,153,369,154,1431
154,155,424,156,260
154,155,382,154,297
153,153,160,154,468
154,154,342,155,643
153,153,295,154,183
154,156,177,155,378
154,155,272,155,518
155,156,270,156,539
153,154,373,155,466
154,154,384,155,512
154,155,420,155,250
153,154,401,154,263
153,155,377,155,600
154,154,380,155,222
154,155,383,154,350
153,153,355,154,329
154,156,364,154,244
154,156,382,156,220
152,153,347,152,191
153,154,352,154,909
154,154,369,155,452
153,154,438,153,368
155,157,280,156,181
152,152,167,153,273
154,155,232,155,157
154,154,264,156,341
155,156,335,157,501
153,153,360,154,1006
154,155,323,155,381
154,155,368,155,368
153,155,239,153,202
153,153,370,154,387
153,154,480,154,1006
155,156,331,158,257
153,154,430,154,447
153,154,258,154,248
155,155,284,156,391
155,156,414,156,237
154,155,315,156,579
153,154,393,155,274
154,155,427,155,858
154,155,337,156,544
155,156,174,157,243
154,156,241,156,269
155,155,249,156,145
154,154,235,154,166
154,155,213,156,145
154,155,278,156,251
154,155,356,155,269
153,153,379,154,1430
151,151,361,152,1302
153,155,397,154,346
152,154,430,153,448
152,153,353,154,315
153,153,222,154,254
154,155,422,155,431
154,155,340,155,358
154,155,391,154,407
152,154,408,155,223
154,155,369,158,241
155,156,279,156,192
154,155,296,155,442
153,154,155,154,321
153,154,233,155,251
154,154,218,156,234
154,154,294,155,452
153,155,413,154,320
153,154,415,154,317
153,154,404,154,831
154,155,224,155,670
153,153,361,155,364
152,153,427,153,244
152,153,405,152,566
154,155,207,155,323
152,153,343,152,948
154,155,347,155,317
154,156,269,155,712
154,156,327,157,557
155,156,328,156,334
154,154,287,156,246
154,155,303,155,180
154,155,164,155,169
154,155,278,154,138
153,154,264,154,189
155,156,292,155,224
153,154,377,154,238
154,154,363,154,209
154,155,442,156,251
152,153,423,153,472
154,154,374,156,246
151,152,373,152,587
154,155,373,155,502
153,154,342,154,210
154,154,247,156,478
155,156,464,156,1096
153,153,366,154,339
154,155,346,156,380
152,153,422,153,1152
155,156,250,156,252
155,156,183,156,311
154,154,260,154,232
155,156,243,155,424
155,156,248,157,192
153,154,212,154,346
152,152,349,154,721
154,154,233,154,241
153,154,446,153,940
154,155,211,156,488
154,155,400,155,222
155,156,364,156,251
153,154,344,154,625
154,154,251,154,571
155,156,349,155,970
153,153,414,154,208
154,154,350,156,458
154,155,408,154,207
154,155,321,156,450
152,154,281,154,438
155,155,262,155,439
154,156,206,154,151
154,155,320,155,159
155,156,286,156,180
154,155,248,155,444
154,156,340,156,364
153,154,356,153,810
151,151,283,152,717
154,155,475,155,569
154,154,315,155,477
155,157,277,155,496
154,156,341,155,320
154,155,309,155,934
153,154,311,153,356
155,156,364,155,188
154,155,352,155,566
154,155,400,156,170
153,154,165,154,507
154,156,280,155,280
154,154,248,155,158
154,155,272,155,564
154,155,291,155,1188
154,156,348,156,216
154,155,336,155,390
154,155,390,155,281
154,155,345,155,461
153,154,394,153,277
155,156,300,158,205
154,156,390,155,213
154,155,374,154,208
