223,225,677,224,662
225,226,1027,227,1406
224,225,1367,225,1470
225,226,1146,226,1693
224,225,1127,225,643
223,223,437,224,849
224,224,1276,224,3760
224,226,1001,226,1386
224,224,663,225,874
224,226,1085,226,660
223,223,1179,224,728
224,225,783,224,738
223,225,847,224,1642
224,225,1057,224,2820
223,224,1057,225,860
225,225,1063,227,975
222,223,798,223,1127
224,226,1021,225,901
225,226,738,226,861
225,227,804,226,886
224,226,787,225,674
224,225,1212,226,1339
223,224,1196,224,1195
224,225,950,226,1478
224,225,714,225,896
223,223,766,224,906
222,224,976,222,1160
225,227,1051,227,678
223,224,986,225,1471
223,224,865,224,2617
224,225,1159,225,1306
224,226,602,226,595
224,226,1013,225,965
224,225,1109,225,2765
223,224,555,224,935
224,225,770,224,1566
225,226,587,225,1585
224,225,1170,225,725
224,225,1264,225,3892
223,223,1415,224,681
224,226,1013,225,1076
224,224,1060,226,917
224,224,811,225,665
224,225,999,226,893
224,224,1108,225,990
224,226,970,225,763
225,225,1316,226,688
224,225,1092,224,422
222,223,693,224,451
224,225,686,226,1682
224,225,873,225,691
223,224,927,226,1760
224,225,1523,225,1121
223,223,1159,224,824
225,226,1112,225,615
224,225,1125,224,548
224,224,733,226,902
224,226,1019,226,1601
223,225,1336,224,672
222,223,1157,223,1794
224,224,1216,227,922
223,223,1195,223,591
225,227,1010,226,1185
223,225,480,224,1438
224,225,1010,225,1542
223,223,1278,224,645
224,225,1182,224,671
225,226,905,227,645
224,224,1167,225,643
224,226,1315,226,1583
225,227,1073,225,901
225,226,1168,226,1980
225,226,1120,225,1107
222,222,1040,222,1009
223,223,1045,224,1597
223,223,1495,224,426
225,225,856,226,1095
225,225,1149,226,622
224,225,1327,227,732
225,226,1084,226,729
225,227,1164,225,1054
224,225,1188,224,883
224,226,1113,226,622
223,223,671,224,974
223,224,743,225,882
224,224,1090,226,3778
224,226,842,225,811
224,224,1275,225,2734
221,223,589,223,1515
223,223,1038,225,1797
222,223,1327,223,610
223,225,1349,224,1850
224,226,943,225,1589
224,225,1009,225,880
223,224,724,223,4089
224,225,1118,225,1257
223,223,909,223,1633
224,224,856,224,1898
223,225,781,223,673
222,222,759,222,702
223,225,654,224,857
224,225,1191,225,1245
222,222,947,222,542
223,224,1158,225,1286
224,226,1105,225,1014
223,224,1260,224,585
224,225,764,225,514
222,224,719,223,896
224,226,1276,225,1084
224,225,1295,225,650
224,225,1075,226,599
224,224,1044,225,1565
225,226,772,226,860
224,225,1154,225,1161
224,224,739,224,530
225,226,1196,225,1112
224,225,1387,226,2062
224,224,830,225,1059
223,225,1251,224,714
224,225,1079,226,1789
224,224,719,225,1143
224,225,1097,226,1251
224,225,1446,225,1332
223,224,1091,225,915
224,225,1027,225,2303
224,226,1039,225,852
223,223,841,224,1347
223,224,921,225,1357
224,227,1163,225,618
225,227,1106,226,709
223,224,654,224,2937
224,225,886,224,1197
224,225,588,226,505
223,224,747,224,2019
224,225,1226,225,1895
224,225,1214,225,897
222,224,1289,223,575
224,225,1270,225,1741
222,223,892,223,556
225,226,1029,226,579
223,224,651,224,612
224,225,800,225,2482
224,224,669,227,710
224,225,600,225,598
224,224,1112,227,1228
224,225,776,225,506
223,223,966,225,2232
223,224,1122,225,617
221,222,1257,222,1237
223,224,875,224,1854
225,226,448,226,1261
223,225,654,224,627
222,222,1546,223,640
223,223,1336,223,979
224,224,1070,224,1526
223,224,1096,224,867
224,225,1033,225,621
223,225,998,224,495
223,225,914,224,438
224,225,1024,226,569
224,225,1076,225,736
224,225,1265,226,1270
225,226,1062,227,645
222,223,817,222,1354
223,224,1226,224,4113
224,225,1157,225,2205
223,224,1155,224,1831
223,224,1121,224,1030
224,225,515,225,692
223,223,979,224,1688
221,223,1003,222,640
224,225,1093,225,1055
224,224,846,225,722
223,224,1074,224,970
223,224,1700,224,1619
224,225,833,225,475
222,223,844,222,620
224,224,699,225,1275
223,224,1353,224,598
223,224,1067,224,578
224,226,631,225,918
224,225,1106,226,619
224,225,983,224,676
225,226,475,225,1702
225,225,1036,225,558
224,224,623,226,598
224,225,1056,225,570
224,225,1139,225,712
223,224,1084,224,635
224,226,1030,225,1909
223,223,841,223,709
224,225,956,225,911
225,226,421,226,860
225,225,980,226,2831
225,226,985,226,1858
224,226,1074,225,432
224,224,682,224,778
224,225,768,225,736
223,224,1441,224,429
224,225,789,225,1948
223,224,1294,225,2313
223,223,1191,224,649
225,226,966,227,1230
224,225,1317,226,747
223,224,856,224,594
224,225,653,227,974
224,226,1227,224,2913
224,226,819,225,1719
223,224,802,224,472
225,226,993,226,1849
225,226,987,226,598
225,226,1018,226,1216
223,224,1072,224,699
224,226,1083,224,2059
224,224,721,226,486
222,223,996,224,2449
223,225,1222,224,1505
222,223,1225,223,1502
222,222,738,222,1780
223,225,927,224,1199
224,225,741,226,1187
225,225,1120,227,758
225,226,1306,226,667
225,226,975,226,2530
225,227,1052,225,582
225,227,1273,226,722
224,225,783,226,1641
224,225,901,226,537
224,226,1214,225,1256
224,225,1085,225,878
224,225,1235,225,598
222,223,806,224,677
224,225,1056,225,2130
224,226,447,224,1954
222,223,1017,223,1505
224,225,1118,225,719
223,224,1095,223,1517
221,221,820,223,1031
225,227,722,226,389
223,224,1087,223,898
224,225,781,224,981
223,225,1083,224,766
224,224,1154,225,903
224,224,655,225,580
224,225,1096,224,769
224,225,969,225,1479
223,224,1081,224,727
224,225,890,224,910
223,224,1314,224,1497
224,225,828,225,2641
224,224,1049,226,1790
223,224,828,225,507
223,224,1075,223,761
225,225,984,225,1041
223,224,1303,223,1165
224,226,1222,225,2463
224,225,1185,226,562
224,226,1274,225,2333
224,225,795,226,585
224,226,1094,225,1897
225,226,874,226,2311
224,225,1115,225,568
223,223,807,226,385
225,227,809,225,596
223,224,676,224,1016
224,225,701,225,946
223,224,1047,224,624
224,224,1001,226,1314
223,224,615,224,577
224,224,825,224,1002
224,225,1045,224,684
222,224,965,224,2146
225,226,963,225,1718
224,224,883,224,5176
225,226,616,226,1977
224,224,1107,226,1027
223,225,827,224,867
225,227,1206,226,990
225,225,1018,225,562
224,225,1266,225,591
223,223,1176,223,756
224,224,822,224,1412
223,224,1008,224,856
225,225,1021,226,689
222,224,1243,222,922
224,225,1137,225,2220
223,223,887,224,880
223,225,794,224,435
223,224,774,224,798
225,227,1016,226,613
225,226,816,227,538
222,222,666,222,712
224,225,896,225,584
223,223,1108,224,542
225,227,1137,227,1058
223,223,904,225,2155
222,222,694,223,1608
222,222,369,223,581
224,225,1135,225,551
223,224,1617,223,1032
224,225,1096,226,609
224,225,1090,225,607
225,227,857,225,501
224,226,790,225,1297
224,225,968,224,1230
223,223,1144,223,1482
223,224,755,225,679
223,224,596,224,1577
224,225,1052,227,1006
223,224,848,225,667
223,224,956,224,581
223,223,1132,223,608
224,224,1028,224,1299
223,225,851,224,1341
225,226,1093,225,958
223,225,1101,225,567
225,227,778,226,1000
223,224,1036,225,1822
224,225,684,224,670
224,224,739,225,621
224,225,1041,226,615
224,225,1002,225,1520
224,225,1127,226,580
224,224,896,226,1746
223,224,1215,223,608
223,224,699,224,621
224,226,950,226,938
225,225,1029,227,1854
223,224,826,224,724
223,223,498,224,663
223,224,903,225,919
224,224,1153,224,1317
225,226,1007,227,653
225,227,1142,226,2317
224,225,892,225,2805
225,226,765,225,1158
224,224,980,224,561
224,225,726,225,865
223,224,1136,224,2884
223,225,1477,226,1283
225,226,1120,225,2802
223,224,1038,223,861
223,224,1010,224,1037
223,224,1203,223,2549
223,224,1109,224,736
224,225,1115,225,699
224,225,530,225,768
223,223,1193,225,666
224,225,1220,226,726
223,224,860,224,2552
225,225,1013,226,559
225,226,975,226,1136
225,227,676,225,701
224,226,882,226,1341
225,227,1300,226,536
225,225,1170,226,1201
224,225,971,226,625
224,224,961,226,703
223,224,1258,224,949
223,224,854,225,1450
224,224,1081,224,863
223,224,1121,224,953
224,225,818,224,863
224,225,976,225,1567
223,223,1183,224,895
225,225,907,226,4025
224,225,1115,225,1234
223,223,1077,224,1604
224,224,1045,225,669
224,224,1046,225,986
225,226,891,226,1000
225,226,1120,226,611
224,225,793,225,877
223,224,1148,225,1542
223,223,983,225,994
224,225,872,224,652
223,223,731,223,1746
225,225,590,227,1496
224,225,991,225,586
223,224,760,224,1215
224,225,944,224,835
224,226,879,225,1100
224,224,1069,225,1900
223,223,928,223,423
224,225,977,225,1319
224,225,840,225,1305
224,224,953,225,779
224,225,1208,225,1347
224,225,1083,226,901
225,225,994,227,1502
224,226,835,224,652
225,225,1148,226,723
225,226,1067,227,717
223,223,742,225,1527
222,222,1323,223,587
222,223,1195,223,2263
223,225,578,223,435
224,225,954,226,920
223,223,975,223,3615
223,224,917,224,2237
223,224,642,224,648
223,224,830,224,466
222,223,389,222,504
222,222,1085,223,1173
225,226,1109,225,970
225,226,1083,226,1224
224,224,1202,225,1302
225,226,1223,226,1179
224,225,724,225,655
224,224,1037,224,1007
222,222,1408,223,902
224,224,1061,224,916
223,224,1119,224,555
225,226,1137,227,723
222,223,810,223,825
223,225,855,225,1205
224,225,1102,226,885
223,224,987,224,873
225,226,1113,226,557
223,224,799,223,1049
224,224,1152,225,1183
222,223,1748,222,904
222,223,624,222,796
223,223,1019,223,612
222,224,749,224,982
223,225,934,224,533
225,226,1171,225,614
222,223,766,223,1209
224,225,1201,225,686
223,225,483,225,781
224,224,363,225,932
223,223,729,224,2240
225,225,945,227,1873
224,224,1076,226,1063
223,224,860,225,609
223,224,1234,224,765
222,224,554,223,692
222,223,1060,222,985
223,224,786,224,656
224,225,807,224,595
224,225,1078,225,872
224,224,1025,225,3096
223,223,813,224,1077
224,226,948,225,646
223,223,1010,225,1256
223,224,1161,225,585
222,222,1065,224,1215
225,225,1030,226,1304
224,225,977,225,829
225,225,654,226,1305
224,225,635,225,908
224,225,1163,225,932
224,225,1243,225,944
223,224,908,224,609
224,225,1396,225,622
223,223,959,224,1067
224,225,699,225,891
224,225,1025,225,551
224,225,1129,225,736
224,225,888,224,3200
224,224,1008,226,953
224,224,1386,225,1070
223,224,410,224,404
223,223,868,224,970
224,225,1003,224,3605
225,226,722,226,1278
223,224,1067,225,852
224,225,945,224,974
224,225,566,225,1016
225,226,611,226,985
223,224,1301,223,736
224,224,1111,226,1822
224,226,1142,227,899
223,223,990,224,2190
224,225,679,225,500
221,221,1284,222,2191
224,225,1083,225,1113
222,222,912,224,920
224,225,1122,226,569
223,223,1238,224,607
224,224,927,225,728
224,224,494,225,2044
223,225,669,225,557
223,224,1160,223,899
224,225,1239,225,942
224,225,1008,225,1843
224,224,1050,224,439
222,222,665,223,1547
223,223,1231,224,922
223,223,1068,225,545
224,224,1068,225,1012
223,224,1259,223,1296
224,226,1098,225,632
225,226,887,226,613
224,226,871,226,2607
221,222,1082,223,661
222,224,1074,222,1318
224,224,1067,225,848
223,224,945,224,979
221,222,712,221,410
225,226,718,226,1431
222,222,1209,222,935
225,225,1082,225,598
224,225,901,225,1253
223,224,1062,224,552
225,226,1043,226,599
224,224,968,224,673
224,224,569,225,505
222,224,1148,223,5299
224,224,885,226,2471
224,224,830,225,554
223,225,516,224,809
222,222,333,222,647
225,226,914,226,3177
222,223,663,226,527
223,224,1112,225,1295
224,226,1211,226,1206
224,224,903,225,1135
224,225,680,224,1714
223,224,844,224,566
223,224,1053,225,1252
225,226,1044,226,4219
224,225,1017,225,522
224,224,463,224,1058
225,226,785,225,1963
224,224,958,225,915
225,226,2157,226,1168
223,224,1164,224,524
223,223,791,223,1146
222,223,617,224,3293
223,224,476,223,972
223,223,859,225,644
224,224,986,224,710
225,226,989,225,566
225,227,911,227,1142
224,224,762,226,422
224,224,851,225,4027
225,225,739,226,1173
224,224,1119,225,610
225,226,991,227,596
223,224,1177,224,629
224,224,760,225,2134
223,224,1292,224,1452
224,225,934,226,2218
223,224,1064,225,590
224,225,1362,226,645
223,224,763,224,797
224,225,809,226,2521
225,226,1028,226,1222
225,225,1212,225,1144
223,224,1156,224,1192
222,222,1067,223,688
225,226,641,227,1683
225,226,1068,227,879
224,225,929,225,916
224,226,1122,226,2001
224,225,953,225,615
224,226,1150,225,708
224,225,373,226,603
224,225,993,225,625
223,223,877,224,792
223,224,929,224,1513
224,225,1064,226,1974
225,227,1016,227,961
224,225,973,225,527
224,225,799,225,815
224,226,908,224,561
224,224,1272,226,629
225,226,1011,225,619
224,225,591,225,2154
223,224,803,225,625
223,224,1202,224,454
224,226,791,226,3087
224,226,1028,226,640
225,226,1091,226,723
224,225,1045,225,681
224,225,1114,224,1190
224,224,759,224,1110
224,225,538,225,871
222,222,1174,222,679
225,226,1022,227,1556
223,224,1547,224,1188
224,224,952,225,587
225,225,997,226,562
222,223,1036,224,1768
224,225,1101,225,1368
223,224,1059,224,1510
225,226,1062,225,2235
223,224,1173,223,1059
223,224,883,224,982
223,224,883,224,924
223,224,1261,225,651
221,222,863,222,2383
223,224,1081,224,672
224,224,1035,224,3319
223,223,1114,224,1590
222,223,1441,222,1163
225,226,1152,228,1269
222,222,1123,224,2000
224,224,826,225,490
223,223,919,225,542
220,220,652,221,1134
223,224,951,224,1193
224,224,947,225,1265
222,223,1271,223,708
223,225,908,223,1918
223,224,826,224,702
224,225,621,224,1249
225,226,1029,225,1289
222,223,1177,223,529
223,224,861,223,698
224,226,760,225,1045
223,224,1031,224,818
224,225,727,225,1574
225,226,1043,226,1660
224,224,1044,224,580
225,225,873,226,669
224,225,1126,226,538
223,225,949,225,1170
225,226,1022,226,450
223,225,554,224,1119
223,224,905,224,630
225,226,1229,225,1558
223,223,1114,223,817
223,224,1199,224,594
225,226,1125,226,1677
225,225,850,226,1085
222,224,992,223,973
223,226,981,224,565
224,225,1066,225,785
224,225,1237,226,931
221,222,1230,221,596
223,223,1073,224,555
224,225,938,227,500
224,225,712,226,2601
224,225,1106,224,658
222,223,1219,224,520
224,226,1117,225,558
223,223,1049,223,1634
223,224,1156,224,476
224,226,822,225,396
224,225,747,225,572
223,225,1166,223,554
224,224,1057,225,846
224,225,1078,225,573
223,225,1382,224,562
225,226,1082,226,607
225,225,759,227,1279
223,224,620,223,493
224,226,781,226,1346
222,223,1212,223,1180
224,225,445,225,1654
224,225,1010,226,1633
224,225,1217,226,931
224,225,1095,226,1308
223,224,638,223,609
224,226,1178,225,1045
225,226,909,225,1258
224,224,1024,226,744
224,225,996,226,1270
223,224,978,224,437
224,224,761,224,424
224,225,881,225,668
224,224,1140,226,621
223,224,551,225,1767
225,226,926,226,566
224,225,1133,225,544
224,225,886,225,715
223,224,1045,223,518
221,222,536,222,384
224,225,776,224,568
225,226,968,227,4389
223,223,1124,225,1354
223,223,1280,224,1011
223,223,1044,225,3430
222,222,541,224,895
221,222,1248,223,2081
224,225,1146,225,1843
224,224,1078,225,2745
222,223,1189,222,598
223,224,1039,225,1184
224,226,1555,225,1275
223,225,803,224,889
223,224,869,223,701
222,222,653,223,1022
224,224,814,226,603
224,225,1180,225,591
224,225,838,225,1344
223,224,1081,224,1573
224,224,581,224,566
225,226,1200,226,571
224,226,756,226,430
225,225,638,226,582
224,225,1057,225,1857
223,223,994,224,1260
223,223,1045,223,2124
223,225,1024,224,859
224,225,649,225,407
225,227,675,227,2949
224,225,827,225,977
225,226,1122,226,858
223,224,1378,224,852
223,224,511,223,872
223,224,881,224,766
224,225,562,225,740
225,226,990,226,830
222,223,1217,223,604
225,225,704,225,886
224,225,1171,226,3206
224,224,775,225,949
223,224,917,223,873
225,226,1083,226,616
223,225,1248,225,1353
225,226,804,226,664
221,222,970,224,484
223,223,1089,224,1236
223,223,1167,223,912
224,225,824,226,648
224,225,474,225,564
224,225,823,225,1580
223,224,1214,224,578
224,226,1234,224,650
225,227,1036,226,532
223,224,1023,225,657
225,225,481,225,592
223,224,827,224,649
220,221,423,221,369
224,225,990,224,1584
224,224,945,226,1253
225,226,587,226,1213
223,223,1151,224,725
224,224,1162,225,1724
223,224,772,224,680
223,223,1233,224,620
223,224,685,224,2530
224,226,854,226,1225
223,223,997,224,613
223,224,1207,225,631
223,224,685,224,899
223,224,754,224,1423
224,225,1120,225,1184
225,226,984,225,763
224,226,1124,225,541
223,224,1003,225,1029
224,225,1186,225,670
225,227,873,225,713
222,223,750,223,901
224,226,1055,225,2586
225,225,706,227,2648
225,226,1130,226,649
223,224,862,224,1125
222,223,806,222,467
221,223,740,222,1798
224,225,1006,225,670
224,226,932,225,884
224,225,786,225,546
224,225,687,224,1839
225,226,1058,226,480
224,225,615,225,470
224,225,837,226,2189
222,223,937,223,2934
224,225,548,225,693
224,225,581,224,915
224,225,1173,226,1196
223,224,895,223,393
224,225,845,225,2867
224,224,1085,225,630
224,225,974,225,1162
224,225,1135,225,2877
225,225,632,226,688
224,225,1030,224,688
221,221,572,222,564
224,225,845,225,540
224,224,1129,225,1226
224,224,1090,225,939
223,224,1219,225,1379
223,223,818,224,602
223,223,591,226,1779
224,225,1006,225,1188
224,225,1256,225,659
224,225,1172,225,671
224,225,1179,224,505
224,224,589,226,2177
222,223,487,223,662
224,225,1049,225,950
224,225,1006,225,2451
223,223,1158,225,714
223,224,1015,224,639
225,227,1045,225,764
224,225,309,224,345
225,226,707,226,398
224,224,1116,227,900
225,226,1038,226,1035
224,225,1104,224,852
225,226,949,226,550
223,224,1196,225,645
223,225,1280,224,769
224,224,728,224,526
222,223,899,223,1012
225,228,1073,226,1558
225,226,848,226,592
224,225,1243,225,657
223,224,1211,224,571
223,224,1025,225,1295
222,223,916,224,2694
224,225,1104,224,867
224,224,1146,225,1374
224,226,1078,224,709
223,225,1039,223,942
223,224,1187,226,2793
224,225,1176,226,1314
224,225,1015,226,2493
224,225,1119,225,951
224,225,1074,224,599
223,223,778,224,1190
223,224,1237,224,1277
224,225,1043,224,571
224,225,816,225,1606
224,225,1104,225,1259
223,224,915,224,1191
223,224,815,223,501
223,224,548,224,890
223,224,1291,224,733
225,226,936,226,921
223,224,1267,223,2414
222,223,958,222,672
224,224,984,224,834
223,224,643,224,1269
224,224,652,225,676
224,226,1061,225,895
224,224,711,224,1236
224,224,1137,225,758
224,226,1125,225,937
225,226,1086,227,496
223,223,683,223,693
222,223,456,224,2472
225,225,1037,225,705
225,226,1015,225,643
223,224,1382,224,1444
225,227,1042,228,2108
225,226,679,226,1971
223,224,1025,224,1345
223,224,1285,225,1064
224,224,861,225,969
224,225,1145,225,762
223,225,1259,224,759
224,225,752,225,407
224,224,984,224,923
223,225,839,224,1601
222,223,1081,223,1118
224,225,1004,225,935
223,225,788,224,2155
224,225,885,225,416
224,225,872,225,519
224,225,1008,225,927
223,224,1219,223,875
223,224,1101,224,2490
224,225,1074,226,953
224,224,896,225,1182
224,225,859,225,640
223,223,733,224,1270
225,226,1096,226,704
224,225,1049,225,2186
222,225,971,224,666
224,225,1135,224,599
223,224,903,223,400
224,225,827,225,896
224,226,1149,224,1962
222,224,1243,223,875
224,225,1146,225,583
225,226,764,225,591
222,222,658,223,1816
223,224,738,224,2561
223,224,1101,224,1105
224,225,1007,225,641
223,223,735,225,1094
223,224,1220,224,550
224,226,991,225,526
223,224,728,224,432
224,225,1025,225,1208
225,226,1016,226,754
224,225,1121,225,700
222,223,1023,223,1032
224,224,1090,226,611
224,224,1166,224,1332
224,225,743,227,789
222,222,1263,223,628
224,225,869,224,974
224,224,1231,225,590
225,226,1066,225,538
224,225,714,225,622
224,226,986,225,1489
222,223,759,222,437
222,223,866,222,815
223,224,853,226,656
223,223,1076,225,1166
224,224,1058,225,1529
223,224,1026,224,979
222,222,1189,224,1339
224,224,639,226,803
223,223,726,224,2485
223,224,1193,224,2154
225,226,766,226,1322
222,223,876,223,547
224,225,1330,225,679
224,224,465,225,724
225,226,1097,225,628
224,224,1014,224,649
225,226,939,225,2228
224,225,1088,224,544
221,221,991,221,1091
224,225,840,225,390
223,224,471,224,1654
224,224,1202,225,1470
223,224,778,225,1153
225,225,1050,225,1072
224,225,860,225,2561
225,226,671,226,947
222,222,1223,224,1562
224,225,1051,225,740
224,224,875,224,710
225,226,917,226,963
224,225,952,225,1191
222,223,1017,223,650
224,225,736,224,552
223,224,768,225,544
224,224,1132,225,543
224,225,694,224,875
224,225,1130,225,2587
224,224,1138,225,603
224,225,1054,224,509
223,224,730,226,387
224,224,788,225,932
223,223,1229,224,545
224,225,1005,225,741
224,226,1107,225,823
223,224,556,223,565
224,225,1180,224,1095
224,224,1168,226,584
223,224,581,225,609
223,224,461,224,455
222,223,932,223,1944
224,225,2744,225,825
223,224,1398,223,1057
224,224,1331,225,1039
223,225,954,223,1316
223,223,1263,224,558
223,224,1120,224,1008
222,222,2088,222,644
223,223,1153,224,734
224,225,1300,225,3772
224,225,1353,224,945
224,224,1271,224,1690
222,224,577,224,505
223,224,996,225,1229
225,226,1409,225,1532
223,223,1294,223,1415
223,224,1315,225,1293
225,226,817,225,1000
225,226,1073,225,644
222,223,568,223,738
224,225,754,225,1420
224,225,1168,225,620
224,224,807,225,754
224,225,687,225,683
225,227,1109,226,1739
224,224,1203,224,811
224,224,952,226,3622
223,225,1110,225,988
225,226,1145,225,3906
223,223,1320,223,1050
223,224,1546,223,1717
224,227,1170,225,772
223,224,1287,224,1273
224,225,1206,226,2699
224,225,1166,226,1012
224,224,1181,225,2111
224,225,1055,226,1041
224,225,973,224,633
224,224,792,226,1990
223,224,1264,223,3336
224,225,885,226,496
223,224,886,224,508
223,225,995,224,918
224,224,1206,226,958
222,223,1195,223,1327
224,225,1155,225,1451
223,224,957,225,3757
225,227,2007,227,2001
224,225,1204,226,1131
224,225,882,225,672
224,225,1229,225,604
223,224,1197,224,617
224,225,896,225,434
224,225,759,225,1005
224,224,1074,226,733
224,224,1153,225,995
223,223,967,224,1078
224,225,737,225,941
221,222,1532,223,1966
