149,150,244,149,460
148,150,255,149,176
149,149,257,150,958
148,149,276,148,470
149,149,354,150,333
150,151,354,150,185
148,148,375,149,1567
149,150,370,150,453
149,150,336,151,213
149,150,172,150,248
148,149,365,150,657
148,149,337,149,241
149,150,351,150,342
149,150,340,150,223
148,149,440,150,524
149,151,358,150,985
150,151,390,152,138
149,150,144,151,128
149,149,276,149,316
149,150,217,150,136
149,150,213,150,170
150,151,247,152,218
150,151,298,150,220
147,148,258,148,374
148,149,298,149,1221
150,151,382,151,523
149,150,314,150,313
150,150,286,150,257
149,149,316,149,413
149,149,310,149,613
150,150,350,151,430
150,152,330,151,492
147,150,410,148,226
149,149,298,150,412
150,151,361,151,252
148,149,304,149,203
147,147,334,148,558
150,151,303,151,160
150,151,228,152,229
150,152,238,151,189
149,151,240,149,174
147,148,254,149,139
149,150,205,152,225
149,150,293,150,170
149,150,279,149,582
147,148,406,148,1079
149,149,356,151,307
150,150,494,151,454
150,150,285,150,183
148,149,434,149,366
147,148,392,147,1137
149,149,347,150,439
148,149,356,149,641
148,149,418,149,206
148,148,341,148,323
150,151,314,150,568
149,149,401,150,230
146,147,337,147,137
149,150,196,153,296
149,151,232,149,220
150,151,229,151,220
148,150,257,149,519
150,152,297,152,142
150,151,304,150,214
148,149,248,150,315
150,150,409,150,370
150,151,285,151,988
149,149,340,150,689
148,149,413,148,217
146,148,358,146,952
150,151,343,150,380
148,150,365,149,569
149,150,323,149,208
150,151,297,151,210
148,149,344,149,886
149,150,335,150,201
148,149,333,148,420
149,150,327,149,346
149,150,265,150,130
149,151,260,150,228
149,150,265,150,320
148,150,224,150,167
150,150,256,151,241
149,150,165,151,172
150,151,299,150,227
150,151,210,151,429
149,149,248,150,412
148,149,344,148,198
149,150,340,150,423
149,150,164,150,401
148,150,260,150,216
149,149,288,150,193
149,150,348,150,344
149,149,339,150,200
150,152,222,151,183
147,147,163,147,616
150,151,530,151,416
149,151,327,150,561
149,149,333,150,675
149,149,360,150,217
147,147,385,147,197
149,150,307,151,176
150,151,212,151,177
147,148,207,150,493
149,149,196,150,277
149,150,305,150,544
149,150,197,149,742
150,150,349,152,346
150,151,355,151,204
149,149,179,151,190
147,149,236,147,430
148,149,390,149,243
149,149,619,150,479
148,149,418,149,209
148,149,181,149,1405
149,150,234,150,247
148,149,370,149,247
149,151,269,150,239
149,150,200,150,420
147,148,222,148,333
148,149,388,149,878
149,150,341,151,300
148,149,230,149,385
148,149,212,150,295
149,149,268,152,717
148,149,231,149,451
149,150,365,150,342
149,149,361,149,569
149,150,340,150,435
149,150,296,150,524
148,149,394,148,334
149,149,403,150,222
150,150,340,151,241
150,150,394,151,449
148,149,356,149,553
149,151,364,151,457
147,147,373,149,175
149,150,250,150,410
149,149,319,151,190
148,149,226,149,1062
149,149,288,150,338
149,151,231,150,396
149,150,147,150,208
149,149,166,149,230
150,151,193,151,297
149,151,228,151,368
149,150,318,149,474
149,150,322,150,546
149,150,369,150,193
149,150,394,151,442
150,152,384,152,234
147,147,484,148,321
149,150,384,150,247
150,150,329,152,463
149,149,441,150,402
150,152,343,151,897
150,151,321,151,426
149,150,312,149,293
150,150,289,152,158
150,151,333,151,409
149,150,250,150,525
148,148,306,149,180
149,150,255,150,396
146,146,272,148,222
149,150,230,150,328
148,150,264,149,157
149,150,327,149,442
148,148,425,149,236
149,150,346,150,240
149,151,177,150,358
148,150,414,150,203
148,149,255,149,608
148,148,114,149,443
150,150,387,150,668
149,150,319,149,459
149,150,323,149,233
150,151,373,152,664
148,148,377,150,310
149,150,354,150,236
149,149,355,149,718
148,149,325,149,472
149,151,305,150,432
149,150,266,149,144
150,152,250,151,175
149,150,130,149,128
148,148,269,149,380
147,147,158,149,145
147,148,239,148,223
148,149,229,149,315
149,150,387,149,188
148,148,353,150,362
149,151,235,150,238
149,149,371,150,201
150,151,339,150,453
149,149,359,150,545
149,150,165,150,262
148,148,308,150,443
149,150,321,150,416
149,150,227,151,224
149,149,366,151,665
149,150,224,149,1204
146,147,208,147,337
149,150,212,150,244
149,150,378,150,166
149,150,331,150,263
149,149,255,151,156
149,150,268,150,170
150,151,300,151,310
149,150,243,151,301
149,150,226,151,302
148,150,320,149,778
149,149,225,151,856
149,149,300,150,371
149,151,329,151,205
148,150,369,150,449
149,150,372,150,210
150,151,317,152,1077
149,150,225,149,445
149,150,418,149,415
148,149,267,150,1240
149,151,301,151,469
147,148,482,148,239
149,151,346,149,290
150,152,242,151,259
149,149,155,151,171
149,150,220,150,458
150,151,233,153,298
149,149,251,150,301
148,148,329,149,318
150,151,331,151,733
149,150,270,149,221
150,150,308,151,225
147,147,364,147,933
149,150,355,151,530
149,150,446,149,190
148,149,315,149,309
149,150,344,150,303
149,150,373,150,209
149,150,331,149,302
149,150,341,150,440
149,150,357,150,237
148,150,340,150,206
150,151,313,151,250
149,151,330,150,246
147,147,298,149,252
148,149,208,149,162
150,151,259,152,153
147,149,283,149,291
148,149,253,149,388
148,148,255,149,299
150,151,232,151,207
148,149,407,149,1013
150,151,348,151,593
149,149,350,151,322
149,150,312,150,302
149,151,326,151,207
150,151,360,151,568
148,148,162,149,1785
148,150,381,149,234
149,149,422,150,310
148,149,332,149,363
150,151,350,151,199
149,151,262,150,331
147,147,291,148,681
149,149,265,150,154
149,149,288,151,313
149,150,230,150,219
150,152,258,152,1011
149,150,204,151,808
148,149,394,148,785
149,150,320,149,333
149,150,347,150,1207
148,149,350,149,233
149,151,330,149,249
149,150,398,150,560
147,148,372,148,197
149,151,374,150,341
148,149,188,149,211
149,150,321,150,428
150,151,419,151,313
149,150,150,150,253
150,151,317,151,318
149,150,369,151,418
150,152,274,151,247
150,151,250,152,537
150,151,261,152,158
149,149,220,151,247
149,150,291,150,813
150,151,379,152,556
149,149,355,150,373
150,151,287,150,608
148,149,363,149,254
150,151,327,150,361
148,148,202,150,683
149,150,369,149,183
150,152,320,152,342
149,150,369,150,804
148,149,219,149,157
149,150,355,150,203
150,152,282,151,214
149,151,327,150,1606
150,150,216,150,163
149,150,120,149,299
148,149,233,150,523
149,150,180,152,300
148,149,183,149,126
150,151,232,151,327
149,150,280,150,241
150,150,230,151,303
148,148,376,148,296
150,152,349,150,391
148,149,355,149,190
148,149,357,149,352
150,151,370,152,913
149,150,342,149,446
149,150,279,150,520
149,150,369,149,726
149,150,336,150,307
148,148,371,150,336
149,151,326,149,507
150,151,322,152,196
148,149,258,150,179
149,150,311,150,371
149,149,291,151,463
148,148,246,149,154
150,151,205,151,405
149,150,205,150,139
148,150,207,150,124
149,151,226,150,358
148,149,204,150,617
149,151,306,150,196
149,150,313,151,1119
150,151,348,150,575
149,150,289,150,529
149,149,412,151,529
148,149,327,150,247
150,150,337,151,569
149,150,350,149,247
150,151,377,152,381
149,149,218,150,316
149,149,362,150,227
149,150,254,150,228
149,150,360,150,450
149,150,317,151,246
149,150,298,150,175
150,150,203,152,133
148,149,226,149,398
148,148,246,148,137
150,151,219,151,113
149,149,244,150,322
149,149,311,150,890
147,148,264,148,498
146,146,113,148,374
148,149,418,149,546
149,149,401,151,211
149,151,144,149,222
150,150,408,150,215
148,150,403,149,237
148,149,396,149,470
149,150,363,150,897
147,148,320,148,244
149,150,328,150,198
149,151,363,150,583
149,150,344,150,693
149,151,307,152,483
148,150,298,148,319
148,149,246,150,246
149,149,253,151,180
150,150,240,151,173
148,149,211,149,165
149,150,250,150,241
148,148,184,148,144
148,150,324,148,522
148,148,327,150,405
147,148,212,147,260
148,150,243,149,560
148,149,327,148,348
150,150,488,150,231
148,149,341,149,950
150,151,326,151,208
148,148,197,150,1193
149,150,296,150,630
149,150,232,149,227
148,149,237,148,222
147,147,393,148,658
148,150,464,149,247
147,149,289,148,188
149,150,268,150,171
148,149,267,150,537
150,151,212,150,287
149,149,253,150,844
149,150,229,151,171
148,148,342,148,226
149,150,351,149,184
147,149,359,148,494
148,148,335,150,239
148,149,263,150,475
147,148,247,148,200
149,150,358,149,182
148,149,353,149,210
149,149,352,150,1147
149,150,445,151,539
149,150,436,150,323
148,148,409,149,334
149,150,347,152,414
150,151,308,151,342
149,150,314,151,194
150,150,326,150,188
148,148,258,149,152
148,150,280,148,163
149,150,255,150,318
150,151,306,152,416
150,151,402,150,351
149,150,378,150,482
149,151,327,150,233
149,151,362,150,188
149,150,405,150,196
148,150,381,150,250
147,147,425,147,356
149,150,301,151,207
150,152,278,150,228
146,147,351,147,434
150,151,317,152,663
148,149,352,148,395
149,150,380,149,296
149,150,307,150,203
149,149,325,150,278
148,150,450,149,453
149,150,280,150,696
148,149,181,149,174
149,151,406,150,366
149,150,326,150,202
148,148,406,149,223
149,150,174,151,222
147,148,345,148,426
148,149,399,149,252
149,150,472,151,356
149,151,449,150,328
149,150,259,151,210
149,149,208,150,1133
148,150,182,149,377
149,151,313,150,318
150,150,324,152,236
148,149,370,149,260
149,150,363,150,209
147,148,420,148,416
149,150,364,150,394
149,149,305,151,373
148,149,175,149,156
149,150,287,150,642
149,150,339,149,1238
149,149,329,150,621
150,151,493,151,541
148,149,200,150,390
149,150,318,150,262
149,150,297,151,447
150,151,360,150,195
149,150,379,151,273
149,150,419,150,364
149,150,325,149,489
148,149,563,149,198
149,149,356,150,246
148,148,427,149,262
149,149,339,151,335
148,149,343,150,178
150,151,237,152,180
148,149,320,150,199
148,150,314,149,197
148,150,406,149,356
150,151,250,151,208
148,148,245,149,328
149,151,347,150,327
149,150,339,150,247
149,150,282,149,351
148,149,404,148,565
149,150,321,150,598
149,151,306,150,374
150,151,437,152,410
149,150,386,150,268
149,149,349,150,214
150,151,303,151,562
149,149,335,150,204
150,150,323,150,382
149,150,321,150,891
149,151,333,150,317
149,152,253,149,414
150,150,253,151,283
148,149,256,149,893
149,151,262,150,244
147,147,293,148,306
150,150,227,152,249
148,148,309,149,474
148,149,366,149,956
149,150,393,150,504
150,151,420,152,623
148,149,323,149,549
149,149,358,151,1575
149,150,483,149,416
147,148,397,148,613
149,150,291,151,502
149,150,296,150,558
148,148,448,149,393
149,150,396,150,209
150,151,357,151,526
150,151,309,151,483
150,152,283,152,433
148,148,326,149,208
149,150,218,150,283
149,150,280,149,186
149,150,281,151,291
148,149,153,149,845
148,148,481,149,958
149,149,379,150,786
148,149,386,151,252
149,149,338,151,696
149,149,373,149,358
149,151,330,149,303
148,149,366,149,615
149,150,358,150,255
149,151,232,152,529
148,149,347,148,429
149,150,365,151,210
148,150,406,150,566
148,149,323,149,329
148,149,349,150,247
148,149,300,149,487
149,150,209,150,150
148,149,301,149,164
149,150,267,151,159
149,150,208,150,342
150,150,206,151,171
150,151,185,151,1908
148,148,303,150,373
150,152,340,151,225
149,150,322,151,390
150,150,372,151,219
150,151,356,151,562
149,150,322,149,361
148,148,471,149,461
149,150,780,150,1076
147,148,407,148,329
149,150,353,149,869
150,150,344,150,369
148,150,316,150,285
148,149,270,149,676
149,149,281,150,244
148,149,240,149,376
149,150,110,150,193
149,151,241,150,159
150,150,246,152,169
149,150,252,151,154
149,150,298,150,168
148,148,148,149,182
147,148,336,147,252
149,150,148,151,568
148,149,494,149,860
148,148,421,149,363
148,149,319,149,288
148,149,319,150,453
149,149,303,150,695
149,149,360,149,243
148,149,325,151,323
148,149,379,149,680
148,148,356,149,248
148,148,233,148,761
147,147,360,147,262
148,148,382,150,215
148,150,479,149,181
149,150,202,150,263
149,149,485,150,194
149,150,301,151,319
150,152,314,150,153
149,150,185,150,230
148,149,231,150,168
148,149,269,149,214
148,149,225,149,312
150,151,287,151,358
149,150,315,150,487
150,150,295,151,729
148,149,283,149,212
149,150,371,149,569
149,149,332,151,595
149,150,395,151,335
148,149,326,148,902
149,151,498,150,310
149,150,386,150,352
147,148,355,148,375
148,149,385,149,334
149,151,400,150,325
146,146,158,147,448
149,149,184,149,251
150,150,223,152,634
149,149,334,152,254
148,149,271,148,165
149,151,290,151,140
149,151,331,151,314
149,149,285,151,157
148,149,268,148,262
149,150,236,149,712
147,148,442,148,229
150,152,385,152,490
149,150,293,150,262
146,148,272,146,929
147,149,297,148,750
149,150,342,151,276
150,151,357,151,615
148,149,325,149,1346
148,148,450,149,217
148,150,225,149,200
148,149,270,148,272
149,149,246,150,390
148,148,522,149,556
148,149,288,149,162
148,149,220,149,140
149,151,284,150,564
148,150,191,150,149
149,150,243,151,221
148,149,199,149,250
149,151,272,150,986
148,148,395,148,568
150,150,333,151,1220
150,152,380,151,315
148,148,402,148,279
148,149,475,149,919
147,147,418,149,293
148,148,200,149,1443
150,150,375,151,760
149,149,403,151,938
148,149,349,149,523
149,149,327,150,512
150,150,232,152,331
150,150,241,150,214
149,149,239,150,458
149,150,262,150,330
148,149,357,149,275
149,150,446,150,288
149,150,338,150,720
148,150,298,150,1837
149,151,393,150,239
148,149,447,149,277
148,149,345,150,487
150,151,331,150,303
150,152,459,152,736
150,150,479,150,684
149,151,573,150,360
149,150,633,149,488
147,148,565,148,284
149,150,369,150,812
148,149,170,149,403
149,150,252,150,962
149,150,365,151,256
149,150,386,151,1437
148,148,382,150,412
150,151,442,151,304
149,150,383,150,580
149,150,246,149,441
148,150,376,150,191
147,147,416,149,844
149,150,289,151,374
149,150,380,151,228
149,149,419,150,348
149,150,376,149,221
149,150,313,151,252
148,149,343,150,409
148,148,255,149,256
149,150,240,150,665
148,149,137,148,167
149,149,170,149,489
149,149,255,149,602
150,151,313,152,298
149,151,256,150,215
149,150,355,151,199
148,148,291,151,229
148,149,320,149,723
149,151,364,150,210
149,150,362,150,223
149,149,269,150,571
150,151,322,150,198
149,149,298,151,253
150,151,387,152,431
148,149,312,149,452
149,150,250,151,634
148,149,367,148,184
149,151,337,150,194
149,149,340,150,497
150,152,342,150,386
147,147,297,149,144
150,150,235,152,172
149,150,268,150,147
148,149,277,149,222
150,151,276,151,246
148,150,285,149,140
148,149,159,148,262
150,152,367,151,238
148,149,166,150,261
148,150,335,149,584
149,150,338,150,618
148,148,198,149,670
148,148,347,150,671
149,150,353,151,741
149,151,359,149,737
149,150,159,149,261
148,149,446,149,310
148,148,355,149,358
149,150,312,149,1432
149,150,375,150,815
149,150,210,150,394
149,150,201,150,389
148,149,249,149,151
149,150,148,149,234
147,147,300,148,474
149,151,314,150,361
149,150,322,149,416
147,148,378,149,246
149,150,263,151,376
150,151,271,151,1001
149,150,295,150,313
148,149,377,149,496
149,150,370,151,201
149,150,246,150,180
149,151,351,150,352
149,150,193,149,605
149,149,349,149,235
148,149,422,150,395
148,148,345,150,223
149,150,325,149,307
149,151,338,151,222
148,149,334,148,309
149,149,275,149,331
149,150,178,149,306
150,152,234,151,229
148,149,195,149,265
148,148,339,148,253
150,151,319,150,587
147,148,381,147,339
149,151,419,149,234
149,150,448,150,374
149,149,353,149,448
150,150,363,150,208
148,150,388,149,314
150,150,349,151,466
148,150,367,149,313
150,151,538,151,249
149,150,295,151,372
145,145,270,147,194
149,151,233,150,1183
148,149,298,150,185
149,149,356,150,437
148,148,157,149,326
148,150,303,148,912
150,150,219,152,236
148,149,237,149,147
150,152,240,152,152
146,148,354,147,480
150,151,288,151,410
149,149,281,150,376
148,148,332,150,688
149,149,311,150,551
148,148,427,149,408
150,151,328,150,414
148,150,322,149,256
150,151,335,152,245
149,150,345,150,320
149,150,362,150,264
149,151,338,150,552
147,148,190,148,209
150,151,330,151,242
147,147,306,148,293
150,152,206,151,453
147,148,423,149,907
148,150,166,149,654
147,148,204,148,216
149,150,234,150,136
149,150,218,149,153
148,149,238,150,523
149,150,345,150,485
146,147,361,147,183
147,147,365,148,214
148,149,276,148,209
150,151,339,150,196
150,151,325,152,404
149,150,213,150,211
149,151,178,151,831
146,147,416,148,191
149,150,351,149,236
149,149,325,150,445
149,150,359,152,316
148,150,342,148,352
149,150,367,150,264
150,150,324,152,232
148,150,387,148,268
149,149,309,149,271
150,152,336,151,471
150,150,250,151,228
150,151,390,152,270
149,149,178,151,266
150,151,205,151,158
149,150,214,150,242
148,148,196,149,585
148,148,349,148,546
149,150,240,151,428
149,150,249,150,336
147,148,519,148,221
150,151,373,151,445
149,149,280,150,467
148,149,283,149,357
148,149,377,150,302
150,151,350,151,620
150,151,338,151,257
148,150,245,149,341
149,150,328,149,700
149,150,318,150,241
149,149,522,150,353
149,150,353,150,308
149,150,342,150,264
149,150,138,150,274
150,150,238,152,235
149,151,246,150,174
148,149,264,149,249
149,150,244,149,149
149,150,233,151,262
147,148,230,148,185
149,150,342,151,218
147,148,374,148,1086
149,150,399,151,268
149,150,373,151,220
147,148,414,147,600
148,149,206,149,248
150,150,253,152,998
148,150,352,149,235
148,149,303,149,355
148,148,354,150,338
149,151,372,149,344
148,149,159,150,193
147,148,295,148,295
149,150,387,151,237
147,149,318,148,347
150,153,288,151,232
148,148,139,148,209
150,151,288,151,154
149,150,185,150,1544
148,150,260,150,231
149,151,301,150,433
149,150,357,151,571
149,150,258,150,357
149,150,326,150,425
149,150,434,150,185
149,150,375,151,225
149,150,501,150,977
148,148,259,149,317
148,149,314,149,733
148,148,513,148,192
150,151,317,152,429
150,151,344,152,665
149,150,274,150,197
149,151,362,150,728
149,150,337,150,284
150,150,251,151,499
149,150,251,150,241
149,150,239,150,249
149,150,181,151,234
149,149,233,150,268
149,150,269,150,179
149,150,357,149,289
149,149,203,150,245
149,150,353,150,259
149,151,394,150,229
149,152,355,150,472
149,150,382,150,209
148,149,384,148,571
150,151,221,151,808
150,151,150,151,420
148,149,351,149,569
148,149,541,149,562
148,149,325,149,238
148,150,219,150,223
148,149,203,149,233
148,149,250,150,676
149,150,372,150,161
150,151,324,151,194
149,149,271,150,267
148,149,242,149,174
150,150,209,150,182
148,149,282,148,249
149,150,184,150,395
149,150,231,150,150
148,149,425,150,1316
148,149,241,149,271
149,149,330,149,729
150,151,374,152,233
149,149,352,149,446
146,148,330,147,446
148,150,316,148,233
149,150,254,151,256
149,150,313,150,874
150,151,190,150,329
148,148,307,149,358
148,148,390,149,328
148,148,390,149,254
150,150,312,151,210
149,149,374,150,567
150,151,159,151,238
149,149,277,150,265
150,151,219,151,183
150,151,236,152,303
147,148,286,147,554
149,150,344,149,316
148,149,275,149,322
149,150,263,150,351
148,149,242,149,192
149,151,307,151,188
149,149,356,150,558
147,147,310,148,470
150,150,385,150,687
149,150,181,152,741
149,150,405,151,619
148,149,368,149,484
147,149,389,148,311
149,150,292,150,199
147,148,387,147,209
150,151,347,152,579
149,150,544,150,254
148,149,320,149,318
149,150,244,151,263
149,150,238,149,141
147,148,138,148,315
148,149,260,149,543
148,149,232,149,700
149,151,338,150,336
149,150,355,149,734
147,147,397,148,215
149,149,351,150,230
150,151,213,151,197
149,149,329,150,993
148,149,293,149,230
148,150,376,150,221
149,149,360,149,596
148,148,386,149,695
148,149,488,149,628
149,149,290,150,456
148,149,393,148,303
149,150,367,150,506
149,151,268,150,202
148,149,300,149,191
149,149,295,150,641
149,149,135,150,159
150,151,221,152,146
150,150,254,152,403
150,150,348,151,1025
148,149,290,148,612
150,151,318,151,199
150,150,331,152,357
148,149,335,149,183
148,149,311,148,298
150,150,245,151,216
149,151,355,150,464
150,151,319,150,330
150,151,316,152,906
149,151,381,150,230
147,148,264,149,179
148,148,325,149,244
148,150,465,149,454
150,152,383,151,819
149,149,241,150,161
149,150,179,149,271
149,151,277,150,384
149,150,241,149,181
149,149,230,150,239
150,151,279,151,461
149,150,464,150,478
149,149,455,150,389
148,148,441,149,675
150,151,364,151,227
148,149,426,149,351
150,150,361,151,199
149,149,322,150,475
148,149,688,148,486
148,148,398,148,176
149,150,237,150,197
147,149,348,147,199
146,147,186,147,743
149,150,236,150,191
149,149,329,150,431
148,149,367,149,207
148,149,296,148,185
149,150,252,150,167
150,152,234,150,226
149,150,235,149,135
148,149,287,149,318
150,151,272,151,354
148,149,306,150,360
149,149,329,150,506
150,151,337,152,298
148,148,338,148,456
149,149,385,150,254
147,149,391,148,202
148,150,280,151,310
149,149,376,150,741
150,151,321,150,247
149,150,321,150,359
