119,120,190,120,365
120,121,203,121,131
120,121,192,122,122
118,119,238,119,94
120,121,181,121,115
120,121,132,120,414
120,120,132,122,190
119,120,190,122,171
118,118,138,120,223
119,119,173,121,100
118,119,149,120,129
119,119,129,122,85
119,119,135,120,158
119,120,45,120,65
120,121,119,121,298
118,118,143,118,166
119,119,188,120,93
119,119,188,120,320
119,119,167,121,110
119,119,216,121,354
120,121,231,121,137
120,121,288,121,122
119,120,140,122,113
119,120,108,121,298
119,120,190,121,209
119,120,209,119,217
120,122,204,121,389
118,118,183,119,150
117,118,116,118,179
119,119,167,119,320
120,121,172,121,181
119,119,99,120,397
119,120,186,120,169
119,119,143,120,367
119,120,189,120,566
118,119,190,118,121
119,120,158,120,171
118,119,191,119,137
117,118,178,118,227
120,120,232,120,120
119,120,135,120,101
119,120,183,120,116
118,120,179,120,114
118,119,178,118,234
120,123,145,121,140
117,119,142,118,204
119,121,131,120,70
119,120,123,120,88
119,120,131,121,74
119,121,116,120,151
120,122,95,120,259
120,121,149,120,154
118,119,145,119,208
117,118,175,119,442
120,121,154,122,112
118,120,194,119,111
119,120,190,121,218
120,121,159,121,101
120,121,162,121,274
118,118,76,119,154
118,119,146,118,105
118,119,250,120,218
120,120,192,121,136
119,120,134,120,177
120,121,66,121,119
118,118,176,120,277
118,118,97,119,130
119,121,186,120,218
119,120,191,120,119
120,121,182,120,118
119,119,189,120,297
119,120,87,120,149
120,122,173,120,129
120,121,170,121,111
119,119,181,119,117
119,120,156,121,127
120,121,168,121,343
118,119,200,119,334
119,119,172,119,402
119,119,159,120,179
118,120,148,119,119
119,120,103,121,113
119,119,181,120,136
118,118,164,118,75
120,122,134,120,370
118,119,106,119,122
118,118,119,121,107
118,118,128,120,215
118,119,112,120,100
119,121,209,120,103
120,120,178,120,249
119,119,177,120,104
116,117,263,117,223
120,121,161,121,195
119,120,145,119,181
118,119,183,118,1724
120,122,148,122,110
117,118,79,119,362
117,118,358,118,280
119,120,175,120,300
120,120,189,121,187
120,122,213,122,161
118,118,136,119,511
120,120,154,121,332
119,120,128,121,103
119,120,175,122,260
120,121,133,121,490
119,120,209,121,99
119,119,183,121,393
120,121,149,120,163
118,119,183,120,125
119,120,201,120,105
117,118,127,119,162
119,120,116,120,374
118,120,127,119,82
118,120,88,119,84
120,121,118,121,109
119,121,129,119,84
117,118,142,118,192
118,119,80,119,75
118,120,141,119,76
120,120,122,121,77
120,121,112,121,202
119,121,119,119,252
119,120,171,121,155
119,119,158,121,104
117,118,209,118,123
119,119,180,121,172
117,118,93,119,204
118,119,206,121,154
119,120,177,121,179
119,120,197,120,100
119,120,160,121,258
118,120,145,120,162
118,119,119,119,425
119,121,161,120,365
119,120,174,119,340
120,121,174,122,502
118,120,147,119,225
119,119,193,120,155
119,120,172,121,181
117,118,147,118,182
118,120,83,121,148
119,120,148,119,274
120,121,180,121,132
120,121,179,121,229
119,120,205,119,137
118,119,198,119,240
119,120,188,120,271
118,119,67,118,149
119,121,218,121,420
120,121,178,121,203
119,120,172,119,190
118,118,77,119,133
119,120,133,120,245
117,117,132,117,302
117,118,129,118,120
119,121,123,120,203
119,120,176,119,212
118,119,186,118,131
118,118,165,121,183
118,119,231,119,251
119,119,191,120,213
118,119,145,119,230
118,118,148,119,236
120,121,165,121,365
119,120,205,120,173
119,120,160,119,502
119,120,151,119,127
118,119,150,120,517
118,118,148,119,260
119,119,157,120,102
118,119,187,119,388
120,121,164,121,200
119,120,116,120,123
120,121,167,120,167
119,119,155,120,186
119,119,169,119,184
119,121,171,120,237
119,120,132,121,538
117,118,200,118,198
119,119,136,120,366
120,120,149,121,207
118,119,196,119,118
119,119,176,120,178
119,121,133,120,75
119,120,57,120,75
119,120,83,120,83
119,120,139,120,158
119,120,119,120,99
119,120,100,119,168
118,119,134,119,132
119,120,123,121,407
119,120,117,121,86
119,119,126,120,354
120,122,122,120,156
118,119,234,119,448
118,118,158,120,94
120,121,208,120,217
118,120,178,119,259
119,119,173,120,340
118,119,198,118,324
119,120,88,120,284
119,119,188,120,133
119,120,207,120,532
117,118,146,118,489
119,119,199,119,228
119,119,221,120,455
120,121,163,121,221
119,120,178,121,119
119,119,168,119,344
120,121,212,121,116
119,120,190,122,126
119,119,132,121,79
120,122,140,121,161
119,119,147,121,404
118,118,163,120,110
118,119,74,118,163
119,120,72,120,156
118,119,188,119,109
120,121,174,122,118
119,119,167,119,303
120,120,160,120,101
119,119,142,121,167
118,118,101,118,78
119,120,352,119,118
118,119,148,119,183
118,119,91,118,202
120,121,152,120,190
119,121,109,120,177
120,121,161,121,219
118,119,229,118,104
120,120,165,122,131
120,121,162,120,249
118,119,189,118,202
119,121,106,120,124
118,119,182,119,152
119,121,161,120,316
118,119,132,119,98
119,120,244,120,138
117,118,229,118,165
118,119,174,119,163
120,121,96,121,273
120,120,171,122,303
119,120,74,120,144
118,119,162,119,160
120,120,98,121,115
118,119,198,120,185
119,120,197,120,409
119,120,195,120,181
120,120,183,120,350
118,118,203,119,102
120,121,184,121,121
118,119,172,119,115
117,117,224,118,156
117,117,168,119,105
119,120,181,121,139
119,119,178,120,101
118,119,190,118,100
120,120,163,121,109
120,120,117,121,95
119,120,154,120,124
119,120,117,120,94
118,119,115,121,86
118,118,152,119,75
119,120,108,121,88
119,119,117,120,85
119,120,54,120,200
119,121,106,120,197
120,121,159,120,188
118,119,160,119,148
120,121,217,121,220
119,120,177,120,343
120,122,174,121,223
119,120,191,120,222
118,119,186,118,298
119,120,158,120,183
119,120,198,120,328
118,119,168,119,320
117,118,179,118,109
117,118,71,118,129
118,119,62,119,153
120,121,179,122,244
117,118,149,118,284
120,121,174,121,221
119,120,166,120,189
120,122,162,121,345
118,119,189,118,103
119,119,181,121,355
118,119,194,118,99
119,121,198,120,124
120,121,172,121,363
120,121,184,121,169
117,117,210,119,125
118,119,77,118,386
118,119,225,120,164
120,120,147,121,249
118,119,153,120,168
119,120,132,120,75
118,119,134,119,190
120,121,132,122,114
119,120,128,120,79
120,121,110,121,157
120,120,123,123,146
119,119,200,120,110
119,121,170,120,131
119,120,163,120,182
120,121,160,121,193
119,120,176,120,128
119,120,257,122,239
119,119,202,120,128
119,119,102,120,164
120,121,211,121,228
119,120,199,120,238
118,119,187,119,112
117,117,100,118,197
119,119,167,120,237
119,120,185,119,108
120,120,171,122,109
118,119,124,119,179
119,119,171,120,109
117,117,185,118,115
119,120,198,121,128
117,117,199,118,226
118,119,62,119,221
120,120,159,121,129
120,121,253,121,164
119,120,182,120,110
119,120,168,120,328
119,120,182,120,303
118,118,155,120,110
119,120,147,120,125
118,119,197,118,133
120,122,161,121,573
119,119,153,119,145
119,119,108,121,124
120,121,138,121,186
119,121,129,121,256
117,118,150,119,277
119,119,198,120,171
119,119,244,120,135
120,120,163,121,269
118,118,184,119,162
119,120,125,120,115
117,117,192,118,246
119,119,134,120,184
119,120,211,120,97
119,121,140,120,278
116,117,177,117,97
120,121,155,121,225
120,122,170,122,1133
120,121,165,122,349
118,118,198,118,172
119,119,170,121,215
120,121,139,122,123
120,120,166,121,117
119,119,177,119,136
118,119,181,118,95
118,118,162,118,158
119,120,179,120,255
118,119,173,118,102
119,120,175,120,167
119,119,167,120,170
119,120,198,120,104
120,121,158,121,141
119,120,164,121,122
119,120,174,120,142
119,120,168,121,113
120,121,178,121,345
119,120,163,120,187
119,121,152,120,56
120,121,128,120,167
118,118,181,119,511
118,119,137,119,377
119,119,145,119,116
118,119,268,120,685
120,122,164,122,182
119,120,106,120,254
118,119,177,119,223
119,119,238,120,159
118,118,221,118,105
119,121,152,119,186
119,120,177,120,291
119,121,128,119,303
116,117,233,118,148
120,121,85,121,108
118,119,229,118,494
120,120,155,121,246
118,118,178,118,218
120,121,156,122,621
119,120,127,119,150
120,120,191,120,99
118,119,177,119,393
118,118,168,118,102
119,120,188,121,261
119,120,101,120,142
117,118,192,119,338
120,121,159,121,101
119,119,176,121,506
117,118,115,117,253
119,120,196,120,75
119,120,132,120,202
120,120,83,121,99
119,120,129,120,157
119,120,136,120,125
119,120,139,122,104
118,120,174,118,325
119,120,207,120,150
120,121,146,120,118
119,120,192,120,226
119,120,187,120,451
119,120,165,120,124
118,120,166,119,272
118,119,176,119,395
120,121,141,120,236
118,118,224,119,417
119,120,167,120,116
118,118,180,118,327
118,119,185,119,173
119,120,177,120,190
119,119,161,120,125
119,120,166,120,131
119,119,102,121,571
118,120,192,118,216
119,121,171,120,870
119,120,163,121,240
120,121,152,121,375
118,119,71,119,162
118,120,296,119,436
119,119,170,121,283
120,120,134,121,176
119,121,139,121,255
120,120,120,121,116
119,120,126,120,328
119,121,120,119,159
118,120,125,119,167
120,121,133,122,252
120,121,124,121,124
120,121,122,121,76
119,120,103,119,191
119,120,169,120,294
119,120,196,120,159
119,120,214,121,530
118,119,159,119,100
120,120,191,120,127
118,119,85,120,90
118,118,178,118,381
118,118,75,118,342
119,121,203,120,180
118,118,141,119,159
118,119,182,119,100
118,118,222,118,235
119,120,215,120,135
119,121,203,120,168
119,119,122,120,193
118,120,127,119,163
118,119,208,119,135
119,119,213,120,274
118,118,182,119,295
120,121,160,121,422
118,119,179,120,194
119,120,197,121,412
119,119,144,119,120
119,119,168,121,185
119,120,140,120,341
119,121,241,121,425
119,119,124,120,168
119,121,125,119,67
120,121,125,121,158
119,121,103,120,70
120,121,124,121,168
119,121,124,119,115
118,118,165,119,133
119,119,93,120,93
118,119,153,120,604
117,119,191,119,287
120,121,160,121,109
118,119,181,119,106
119,121,114,121,75
119,119,171,119,99
119,120,152,120,105
119,120,216,121,205
118,119,145,119,463
117,117,192,118,218
119,120,173,120,224
119,119,186,119,146
119,120,199,120,328
117,119,198,118,454
119,120,155,121,111
118,120,195,120,128
120,121,151,121,99
118,118,193,119,95
120,121,216,121,554
119,120,161,119,198
119,120,203,119,125
119,120,201,120,154
119,119,197,120,223
120,121,136,121,174
118,118,219,119,200
119,119,197,121,102
120,121,181,120,471
119,121,162,121,90
119,119,151,121,348
119,120,90,121,118
118,119,153,119,87
119,120,104,119,109
118,120,112,119,250
119,120,108,121,165
117,118,154,119,313
118,119,196,119,162
118,119,203,119,126
119,119,126,121,221
119,121,168,120,1157
118,119,185,119,360
119,120,186,121,101
119,120,198,119,234
119,120,171,119,129
118,120,197,118,95
120,121,167,122,130
118,119,187,119,193
119,120,207,121,110
118,118,195,120,290
119,119,186,119,171
119,120,182,120,107
120,121,165,121,120
118,120,178,120,101
118,118,104,119,93
117,117,218,118,148
119,120,229,120,118
119,120,214,120,178
119,120,172,120,126
119,120,225,119,175
120,121,176,122,136
118,119,74,119,589
120,121,175,120,185
118,120,148,119,313
119,119,94,119,72
119,120,135,119,132
120,121,154,120,119
119,121,98,119,274
119,119,133,120,134
119,119,114,122,268
119,121,407,120,227
119,120,166,120,105
120,122,175,122,107
120,120,181,122,115
119,119,139,119,188
119,120,173,120,166
117,118,114,120,181
120,121,161,122,465
119,120,185,120,446
118,119,127,120,374
118,119,194,120,94
118,119,183,119,220
117,118,195,118,153
119,120,194,119,127
118,118,178,119,128
120,120,163,122,115
119,119,261,120,220
119,120,195,120,106
117,118,201,117,159
120,121,142,120,245
119,120,189,120,416
119,120,179,120,113
119,120,174,121,615
117,117,135,117,481
119,120,182,122,135
119,120,165,121,113
120,121,162,121,261
118,119,145,119,96
119,120,140,120,129
119,120,118,120,262
118,118,128,119,202
118,119,132,120,327
119,120,135,120,97
119,121,184,121,343
119,120,182,120,532
119,121,204,119,176
120,121,124,122,222
119,119,129,119,280
118,120,180,119,177
120,120,166,122,240
120,121,178,121,200
120,121,168,120,112
119,121,117,120,212
118,119,133,120,228
119,120,170,121,395
119,120,169,120,379
119,120,158,119,167
119,120,160,120,292
119,119,138,121,159
118,118,214,119,166
120,121,162,121,226
120,121,132,121,220
120,121,163,121,388
118,119,186,119,182
119,121,176,121,430
118,118,200,118,439
119,120,165,121,173
120,121,146,121,141
120,120,144,122,105
119,121,140,121,252
120,122,135,121,115
116,117,120,116,147
119,120,182,120,281
119,119,138,120,170
118,119,88,119,172
119,120,128,119,80
118,119,133,120,407
118,119,117,119,140
120,122,161,122,423
120,122,156,121,136
119,121,179,120,129
119,120,166,119,111
118,119,203,120,93
117,118,138,118,212
119,119,193,119,230
118,119,162,120,212
119,119,187,120,356
118,119,205,119,114
119,119,174,121,120
119,120,179,120,242
119,121,300,119,433
119,120,170,120,130
118,119,351,118,417
120,122,178,121,238
119,120,123,121,116
120,121,174,121,155
118,119,246,119,220
119,120,157,120,232
119,121,179,120,118
119,119,202,120,193
120,120,167,120,113
120,121,175,120,161
119,120,113,121,194
119,121,156,120,138
119,121,185,119,145
118,119,194,119,121
119,119,214,119,113
119,120,291,119,177
118,118,112,118,85
120,121,135,120,94
118,119,92,119,77
119,120,115,120,197
119,120,81,120,89
119,120,109,120,73
118,119,162,118,146
119,120,165,121,290
119,119,108,120,109
119,121,151,120,106
119,120,166,121,282
119,119,140,120,116
120,121,183,120,293
119,119,179,120,289
119,119,151,120,122
119,119,188,120,406
120,121,153,121,126
117,118,282,118,253
119,120,156,120,242
117,117,201,119,104
120,121,182,121,182
119,120,113,121,78
119,119,175,121,159
120,121,167,121,180
119,120,187,120,414
119,120,170,121,220
120,121,147,121,306
119,121,200,120,405
116,116,203,117,345
119,120,141,120,231
119,119,166,119,179
118,120,177,119,101
119,121,167,120,320
119,119,178,119,297
118,119,156,120,214
118,119,168,119,70
120,121,129,121,112
119,119,123,120,289
120,122,114,121,123
119,120,148,119,135
118,119,136,119,443
120,121,175,121,230
120,121,163,121,111
120,121,182,122,309
120,120,190,120,98
118,119,197,119,246
118,119,106,119,325
119,121,181,120,137
119,120,199,119,123
119,120,80,119,189
117,118,215,117,483
119,119,220,120,113
119,120,144,121,328
118,119,114,120,180
119,120,190,120,121
119,120,138,120,719
117,117,185,119,331
119,120,199,120,183
119,121,151,120,420
119,119,175,119,181
118,119,169,119,190
119,119,178,121,104
119,120,171,121,131
118,119,218,119,107
118,119,151,119,157
120,121,167,121,116
119,119,189,119,108
118,118,213,119,93
118,118,137,119,170
118,119,215,119,71
120,121,139,121,118
119,120,143,120,72
119,120,119,121,140
119,120,123,121,70
120,120,175,121,117
120,120,125,122,87
120,121,125,121,136
119,119,161,121,85
118,119,131,120,110
120,121,113,121,79
118,119,124,120,150
120,121,182,121,116
119,119,194,120,299
119,120,177,120,101
119,120,179,120,183
117,118,184,118,234
119,121,138,120,303
118,118,178,119,102
119,120,158,121,131
118,119,130,119,234
119,119,165,122,493
120,121,182,122,285
119,120,169,121,109
119,120,198,120,182
119,120,106,120,100
118,120,147,119,168
120,121,192,122,223
119,120,181,120,100
118,120,188,120,149
120,121,167,122,276
119,121,190,119,254
119,120,177,120,158
120,121,177,122,114
118,119,208,121,102
119,121,144,121,122
119,121,206,120,270
120,121,166,121,632
120,121,172,121,118
118,119,150,119,338
120,121,154,121,267
120,120,130,121,226
117,118,162,118,151
118,119,129,121,83
120,121,102,121,343
117,117,141,119,79
120,121,168,121,228
120,121,162,121,100
119,120,157,119,167
120,121,174,120,361
119,120,201,120,146
119,119,96,120,717
119,120,164,120,186
119,120,196,121,132
120,121,149,120,319
119,120,185,121,118
118,119,177,119,242
119,120,174,121,180
119,120,189,119,165
120,121,207,121,348
119,119,151,120,112
118,119,194,119,106
119,119,173,122,247
118,120,243,118,175
120,121,185,122,98
119,120,169,120,105
117,118,152,118,165
119,120,172,120,113
119,119,109,119,430
119,121,165,121,116
117,118,222,117,341
118,119,189,119,587
119,119,178,120,252
119,120,125,120,97
120,121,126,121,189
119,119,122,120,91
120,121,140,122,71
118,118,146,119,99
118,118,175,118,103
119,119,135,121,85
119,119,108,120,283
120,120,147,121,94
120,121,170,122,121
119,120,159,120,276
119,120,138,120,147
119,119,160,121,184
119,119,156,121,180
120,122,185,122,444
119,120,193,120,142
119,120,218,120,98
119,121,167,120,162
119,119,124,120,94
119,120,149,120,156
118,118,321,118,305
118,118,160,118,177
118,118,196,119,129
118,119,106,119,106
118,119,181,119,172
119,119,168,121,128
120,120,186,121,166
119,119,188,119,392
119,120,169,120,113
119,120,180,120,714
119,119,221,120,404
119,120,155,120,639
119,119,188,121,267
119,120,156,121,325
119,119,114,120,259
119,121,57,121,132
119,119,117,120,97
118,120,107,118,76
118,118,120,118,74
119,120,131,121,201
118,119,141,119,399
116,117,143,119,245
119,121,170,120,153
117,118,157,117,390
120,121,171,121,152
117,118,149,118,82
119,119,240,121,224
120,121,186,122,134
119,120,162,119,161
119,120,186,120,482
119,120,262,121,292
117,118,206,118,119
119,119,153,120,104
119,121,164,120,260
118,118,195,119,107
120,121,168,121,195
118,119,117,119,281
119,121,181,120,190
118,118,209,119,164
119,120,193,120,218
118,118,174,118,109
118,119,131,119,117
119,120,154,120,95
119,119,194,121,123
120,121,117,121,161
118,119,168,119,111
119,119,81,119,216
119,119,192,119,184
119,119,153,120,336
118,118,158,118,134
119,120,189,119,348
119,119,87,120,190
119,119,148,120,73
119,120,132,120,91
119,122,118,120,91
119,120,108,120,80
120,121,110,121,92
119,121,138,119,97
118,118,126,119,91
118,119,188,120,393
118,119,194,120,271
120,121,174,121,483
119,120,172,121,100
118,118,179,118,124
120,120,141,122,170
119,120,135,120,128
119,120,177,119,414
118,120,143,119,423
118,119,158,120,100
120,121,190,122,471
119,119,156,121,97
119,120,191,120,338
120,121,127,121,296
119,119,150,121,97
120,120,180,121,172
119,120,185,121,427
118,119,119,119,121
119,119,225,119,292
119,120,211,120,423
119,120,186,119,107
120,121,205,121,105
118,119,82,120,159
119,119,150,120,374
118,119,117,119,204
119,121,182,119,351
120,120,126,120,101
118,120,157,118,55
120,121,118,120,245
118,120,130,119,72
119,121,125,120,78
119,120,128,121,73
120,121,119,120,89
119,120,159,119,100
119,120,180,119,384
119,119,172,121,482
119,120,194,120,223
119,120,95,120,361
120,120,178,121,179
118,118,121,119,104
119,120,194,121,162
119,121,239,120,154
117,118,194,118,208
119,120,278,121,156
119,120,162,120,374
119,121,163,120,315
120,121,200,121,190
119,120,137,120,332
119,119,160,119,169
120,122,191,121,247
120,121,169,121,191
119,121,224,119,424
119,119,199,120,121
118,119,162,118,380
120,121,139,121,322
119,120,134,120,108
118,119,158,118,320
119,120,157,120,464
119,120,163,120,89
119,121,114,120,252
120,122,130,123,210
118,119,65,119,194
118,119,122,119,245
120,121,157,122,524
118,119,169,118,170
119,119,203,120,103
120,121,167,120,113
119,120,190,119,164
119,120,193,120,111
119,119,153,121,140
118,119,172,119,111
119,119,144,120,284
120,121,175,121,281
119,119,177,120,239
117,117,191,119,114
119,120,152,122,177
119,120,209,121,187
118,119,171,119,110
118,119,195,119,100
118,119,214,119,107
119,120,200,120,123
120,121,168,121,292
119,120,192,120,138
120,120,173,122,203
119,120,170,120,177
119,120,213,120,557
119,120,201,120,196
118,119,165,120,108
120,120,183,121,240
119,120,110,120,125
118,119,70,119,109
117,118,224,120,222
119,120,217,119,221
120,121,137,120,97
120,121,84,121,142
118,119,141,120,128
119,119,127,121,359
120,120,117,121,81
118,118,47,119,62
119,120,142,119,213
119,119,185,120,377
118,118,172,118,164
120,120,177,120,340
119,120,219,119,129
119,119,171,120,117
119,121,189,122,97
119,120,174,119,226
119,120,197,120,231
119,120,177,120,234
120,121,165,121,126
120,121,160,121,256
119,121,194,119,142
120,120,165,121,152
119,119,184,119,222
120,121,92,121,163
119,120,124,120,275
119,120,219,119,162
119,120,178,119,122
119,120,186,120,228
119,119,146,120,409
120,121,79,120,214
119,121,170,119,113
120,121,157,121,108
117,118,121,117,178
118,118,156,120,197
119,121,183,122,113
119,119,149,120,169
119,120,156,121,161
119,120,324,120,302
118,119,195,119,452
118,118,157,120,69
118,118,130,120,75
119,119,116,120,354
119,120,141,120,120
119,119,122,119,76
118,118,108,119,85
120,120,151,121,175
120,121,142,121,350
117,118,169,119,298
