209,210,945,212,968
209,209,705,209,454
209,210,884,210,489
208,209,840,209,760
209,209,881,209,745
207,208,1033,207,1033
209,210,883,209,756
209,210,754,209,396
208,209,777,210,757
209,211,919,209,490
208,209,857,209,1524
209,209,663,209,735
210,211,768,211,1599
210,211,798,212,548
210,212,745,211,341
207,208,616,208,784
209,210,905,211,1311
209,211,971,211,813
209,210,892,210,1304
209,210,583,210,1495
209,210,1628,210,722
208,208,780,210,369
209,210,757,210,545
208,209,596,209,479
209,209,914,209,959
207,208,746,208,598
209,210,922,209,516
207,207,980,207,2885
208,208,824,209,713
209,210,709,210,342
210,211,574,211,1875
209,210,790,210,588
208,209,875,208,2150
208,209,891,209,1734
209,210,1008,210,2116
208,208,532,208,570
208,209,726,208,1083
209,209,1049,210,712
210,211,789,211,1614
210,212,474,212,495
210,211,953,211,1596
208,208,937,209,1282
209,210,691,210,781
209,211,687,209,466
210,210,821,211,1318
209,210,607,210,477
209,211,749,210,444
209,211,890,210,1320
210,211,883,210,3375
209,210,620,209,1630
208,209,1213,209,976
210,211,896,211,483
209,210,910,211,719
209,211,641,211,1073
209,211,807,211,1140
209,209,944,210,434
208,209,561,208,2387
209,211,610,211,437
208,209,835,209,1438
208,209,991,209,1006
209,210,842,210,1145
209,210,1096,210,491
209,210,812,210,1377
209,210,607,210,1834
208,210,716,208,625
208,210,980,210,1061
210,210,873,211,535
209,210,792,210,765
209,210,896,210,1615
210,211,788,212,1519
208,209,789,209,1238
209,210,515,210,565
208,211,909,210,884
210,211,828,211,1414
209,210,758,210,582
210,211,865,210,595
210,211,969,210,695
208,211,710,208,424
209,209,769,211,389
209,210,610,210,519
210,211,806,211,501
209,209,987,209,2535
209,209,892,209,524
209,210,860,211,439
209,210,704,210,835
209,210,732,211,972
209,210,679,210,395
208,209,863,209,515
209,210,937,210,2193
208,209,735,209,1017
208,209,859,209,602
210,210,799,210,605
208,209,900,210,1601
210,210,805,211,1361
208,209,804,208,3358
208,209,691,208,897
208,210,719,210,1353
209,210,836,210,499
209,210,767,211,528
210,210,776,212,923
208,209,745,210,549
209,211,1280,211,840
208,210,821,209,1076
210,211,781,212,2715
209,209,848,210,612
209,210,874,209,1053
209,210,395,209,1379
207,208,1101,207,444
209,210,724,211,589
208,209,992,209,582
209,210,1013,211,626
208,209,899,209,1600
210,212,937,210,520
207,208,947,208,1006
209,211,390,211,759
209,210,818,209,442
209,210,456,211,482
208,208,1046,208,502
208,208,937,209,1636
209,210,904,211,537
210,211,788,212,1105
209,211,746,211,531
209,210,581,211,1178
209,209,592,210,443
210,211,523,211,499
209,210,506,210,1524
209,210,704,210,770
209,210,619,209,797
210,211,840,211,432
209,210,932,210,1378
207,208,662,208,484
207,208,633,210,694
209,209,551,210,1553
209,210,812,211,494
208,209,898,209,1259
209,210,867,211,1271
210,210,811,211,461
208,209,776,210,1009
209,210,827,211,874
208,209,554,209,793
209,210,760,209,1056
208,208,902,210,579
208,209,583,209,606
209,210,845,210,487
209,209,1302,209,1583
209,210,667,210,1373
208,210,744,208,523
210,211,614,210,834
209,211,847,210,1641
209,210,814,209,570
209,211,970,210,570
208,209,930,210,495
208,209,940,209,798
209,209,790,210,717
208,210,893,209,750
207,208,831,209,378
208,209,739,210,999
209,211,873,210,494
210,210,880,210,1520
209,210,796,210,834
209,210,844,210,1315
208,209,929,209,965
209,210,431,210,747
207,208,542,209,368
209,211,1197,209,989
210,211,821,212,605
208,208,414,208,1542
209,209,815,210,2097
209,210,882,209,573
209,210,885,210,1345
209,210,535,210,332
210,211,641,210,2427
209,209,955,210,999
208,209,1099,210,751
208,209,737,209,441
209,209,885,211,540
209,209,908,209,463
206,207,915,207,367
208,210,668,209,370
208,209,789,209,995
209,209,703,210,724
209,209,877,209,526
209,209,788,210,1113
207,208,425,210,472
209,210,797,210,2125
209,211,809,209,1174
208,208,437,208,399
207,207,769,207,541
209,210,845,209,480
209,210,583,210,833
207,208,991,208,1935
208,209,1064,210,726
209,209,775,209,728
208,209,922,209,582
207,209,758,208,363
208,208,569,210,420
209,209,846,210,1771
208,208,711,210,2168
208,208,929,210,1031
207,207,847,208,474
209,210,470,210,564
210,211,845,212,954
208,209,622,209,702
209,211,795,209,750
209,209,815,211,1336
209,209,871,209,1861
209,209,826,210,2141
208,208,887,209,2156
209,210,647,211,630
209,209,869,210,498
208,209,970,209,730
210,211,1033,211,652
208,209,826,210,671
207,207,1190,208,446
210,212,807,213,1335
209,210,815,211,387
209,212,249,212,582
210,211,609,210,639
208,208,722,209,444
209,210,785,210,1572
209,210,1136,211,744
207,208,842,208,2020
208,209,859,208,2515
209,211,629,210,678
210,211,710,212,863
210,210,563,212,377
207,207,925,208,503
208,209,983,208,443
209,209,813,209,532
208,210,920,209,474
209,210,767,209,725
208,210,930,211,1194
208,208,386,209,1514
210,210,791,211,496
209,210,879,210,582
208,209,1062,209,526
209,209,919,211,505
209,211,912,210,1902
209,210,767,210,526
210,211,793,212,1341
209,211,383,211,402
209,210,576,210,1129
210,211,833,211,1134
208,209,1004,210,528
208,209,1071,209,763
208,209,750,209,740
208,209,1859,208,749
209,210,899,210,3257
206,208,1393,207,1631
210,210,887,212,1703
207,207,577,208,4033
209,209,1125,211,1340
208,209,593,208,359
210,211,860,212,1270
209,210,624,210,1950
208,208,959,209,1095
208,208,627,209,889
209,210,1018,211,1364
209,210,859,210,417
210,211,445,210,356
209,210,577,211,826
210,210,861,211,1127
209,210,1007,209,623
207,208,816,209,1126
208,209,940,209,514
210,210,464,212,2356
209,210,931,209,469
208,208,376,210,361
209,209,447,211,1169
208,208,906,210,1398
209,210,958,209,1948
209,211,931,209,509
209,210,484,210,2741
207,208,735,208,739
209,210,687,209,544
209,210,821,210,1211
210,211,931,210,471
208,209,938,209,2509
210,211,665,213,573
208,208,659,209,526
208,210,920,210,559
210,211,832,212,432
208,208,697,208,568
208,210,480,208,937
209,210,943,210,1112
209,210,909,210,835
209,210,724,210,709
207,208,1101,208,629
210,210,852,211,1209
209,210,957,210,527
208,209,783,209,708
209,209,594,209,464
209,209,924,210,783
209,210,824,210,2403
208,210,878,209,1050
209,210,927,210,523
209,209,951,210,775
209,210,919,210,959
207,208,557,208,564
208,208,701,208,693
210,210,954,211,828
210,210,877,211,485
208,209,939,208,447
209,209,481,209,1669
208,210,768,209,1018
207,207,1056,207,619
208,208,1090,209,624
209,210,458,210,381
207,207,631,209,993
209,210,908,211,533
208,209,1201,210,832
208,208,820,208,544
210,211,822,211,1560
209,210,832,209,1960
209,210,789,210,439
208,209,292,209,322
209,210,687,210,638
210,211,1015,210,814
208,209,1008,209,503
210,211,795,211,798
207,208,1095,208,491
208,208,712,209,1706
209,210,949,209,1316
206,207,757,207,755
209,209,764,210,468
209,211,912,210,740
210,210,911,211,3912
209,210,1036,210,1538
210,210,819,210,506
208,209,728,208,377
209,210,352,212,347
210,211,761,212,1239
209,210,831,209,557
209,209,985,210,729
210,211,947,212,534
208,208,690,210,410
207,207,798,207,2637
210,210,727,210,397
208,208,683,208,799
208,209,633,209,561
208,209,620,209,768
209,209,931,209,1178
210,210,1011,210,640
209,210,789,210,1854
208,209,831,210,1356
208,210,686,209,333
208,209,640,209,1947
209,210,894,210,2274
209,209,870,209,808
208,209,786,208,1987
208,209,920,209,704
208,211,953,210,331
208,209,341,209,267
209,209,561,211,910
208,210,1030,208,1335
209,210,1027,210,1111
207,208,1088,209,1056
209,211,1037,210,794
208,208,1135,209,579
209,211,805,210,1339
209,210,711,210,1919
209,209,968,211,567
210,211,864,212,948
208,208,854,209,555
210,211,936,210,476
209,209,507,211,605
210,211,524,211,500
208,208,828,209,1510
209,210,745,210,605
208,210,798,209,747
210,211,955,212,476
209,209,781,210,1437
208,209,885,210,896
207,209,984,207,440
209,210,973,211,1931
209,210,706,211,395
208,210,839,210,680
208,209,507,210,484
208,209,850,210,805
208,209,786,209,540
210,211,1364,211,1094
205,205,1062,206,1189
208,210,801,210,576
209,209,953,209,772
208,209,749,208,4255
208,209,1070,210,3515
209,210,989,210,763
208,208,1125,209,758
210,212,702,213,367
209,210,692,210,809
209,209,688,210,1616
209,210,1029,210,1018
208,208,619,208,478
209,211,1068,209,1035
207,207,596,207,836
209,210,979,211,1290
208,209,232,208,1014
209,209,738,209,1445
209,209,883,209,582
208,209,1001,209,485
208,209,800,208,591
208,209,755,209,513
209,209,779,210,641
209,212,879,211,1759
209,210,412,210,346
210,211,454,211,406
208,209,597,209,709
209,210,672,209,669
209,211,950,209,546
210,211,1027,211,543
209,210,915,210,1019
209,209,970,209,563
209,210,913,210,547
209,209,964,209,963
208,209,497,208,359
208,210,623,208,5317
207,208,763,208,568
209,210,538,210,1072
207,208,933,208,612
209,209,591,210,496
209,209,836,210,460
209,210,445,210,538
208,209,1066,211,2778
209,210,833,210,606
208,209,954,211,783
209,210,906,210,1152
208,208,1018,210,1041
208,208,605,210,1971
210,211,818,212,1294
209,210,955,209,563
210,212,1036,210,531
209,210,1012,210,775
208,209,930,209,572
207,208,767,208,1388
209,209,853,211,396
209,209,669,210,759
210,211,748,211,490
210,211,964,211,1374
209,210,827,209,903
209,211,940,210,633
210,211,1254,210,1608
208,209,1014,209,1284
209,211,565,210,353
209,210,469,209,1037
208,209,667,209,1116
208,208,1052,208,1597
208,210,931,210,1330
208,208,638,209,1387
208,209,705,210,1172
208,209,415,210,978
209,210,370,210,871
209,210,696,209,1171
209,209,945,210,548
209,210,980,210,1886
208,209,1075,210,522
207,208,768,208,579
209,210,767,210,3044
209,210,973,210,549
208,208,962,210,608
209,209,923,210,462
209,211,908,210,1548
208,209,1180,208,727
210,212,886,211,2202
208,209,756,210,750
210,211,730,211,703
208,208,491,209,734
210,211,876,212,1388
210,211,792,212,810
208,208,859,210,2179
209,210,1233,210,458
209,210,860,209,623
209,210,621,211,931
209,210,538,210,1719
209,209,617,209,626
209,210,703,210,382
209,209,862,210,859
209,209,936,210,2502
209,209,920,210,987
210,211,603,211,761
209,210,963,211,843
210,211,871,211,1105
208,208,721,209,1460
209,210,923,210,590
208,208,960,210,1694
210,211,895,211,926
210,211,606,211,577
209,210,682,211,1386
208,210,921,208,863
209,210,954,210,471
210,211,837,210,1359
209,209,1005,210,2146
209,211,800,210,887
208,209,675,209,1926
208,208,846,209,971
207,208,795,208,748
208,208,956,209,828
208,209,906,211,518
209,210,736,211,705
207,207,1045,209,766
209,211,856,210,752
208,209,356,208,1873
208,209,330,209,457
209,211,1002,210,724
209,210,927,211,485
209,210,589,210,479
210,210,841,210,613
209,209,960,209,1413
207,208,900,208,1350
208,209,708,210,381
209,209,868,211,436
209,210,951,210,543
207,209,573,208,705
208,210,857,208,4150
208,208,918,209,484
209,211,740,210,490
208,209,655,208,321
209,212,596,210,1413
210,211,913,211,624
208,209,1048,208,562
210,211,873,210,718
210,212,808,211,1050
208,209,1112,209,816
209,210,968,211,1077
208,210,745,211,337
208,210,406,209,532
208,209,983,210,834
210,211,1062,212,1897
210,211,1041,211,876
208,209,513,209,482
208,209,987,209,1362
209,210,862,210,679
209,209,597,210,798
208,208,463,210,585
209,211,849,209,773
209,209,695,209,1601
209,210,868,209,544
210,210,838,211,466
209,210,509,210,461
206,207,614,207,484
207,208,1060,207,1010
209,209,921,211,918
208,208,864,209,474
209,210,936,209,1350
209,209,603,210,1203
208,209,762,208,1059
207,208,574,208,1670
208,208,960,209,482
209,210,700,210,1023
209,210,772,210,765
209,210,833,210,835
210,211,728,212,1252
209,211,845,211,518
208,210,654,208,1426
209,211,912,211,577
209,210,1099,210,490
209,209,630,210,380
209,210,627,210,538
209,210,804,210,1138
209,210,1002,212,991
209,210,906,210,1017
209,209,775,210,713
209,210,455,209,718
209,210,906,210,815
210,211,841,210,355
207,208,730,207,687
209,210,454,210,393
207,208,654,208,583
208,209,1016,209,1246
208,209,830,209,1051
207,207,551,208,679
209,210,880,210,532
209,210,830,210,473
209,210,873,211,717
208,209,452,210,921
207,209,591,208,722
209,209,913,210,520
210,212,878,211,966
209,211,996,212,528
210,211,845,213,464
208,209,1014,209,2941
209,210,592,211,388
208,208,645,209,654
209,211,735,211,1014
208,209,894,209,1605
209,210,865,210,463
207,208,1026,209,508
208,210,736,209,950
208,209,973,210,1016
209,209,706,211,632
208,210,1049,208,1091
209,209,843,211,1020
208,209,688,210,548
207,208,651,209,437
208,210,918,210,1600
209,210,980,209,644
209,209,1043,209,2531
209,210,729,210,343
209,209,886,210,1049
208,208,654,209,507
209,210,913,209,520
209,210,703,210,615
207,208,354,208,357
210,211,492,211,426
208,209,944,209,1822
208,209,555,210,460
208,210,318,209,556
208,209,681,209,929
208,209,854,208,1079
210,210,842,212,1115
209,210,821,210,4444
209,209,756,211,463
208,208,682,210,730
209,211,631,209,919
208,208,832,210,529
208,209,1467,209,988
210,212,467,211,1701
208,209,995,209,457
208,209,1024,210,592
209,210,911,210,998
209,210,417,209,517
206,206,905,208,450
209,210,910,211,3368
209,210,848,210,730
209,210,840,209,573
210,211,889,210,1166
210,210,845,210,2387
209,211,813,210,1210
209,210,887,210,1253
210,210,821,210,776
208,209,962,209,983
208,208,659,208,622
210,211,927,210,1666
208,209,430,208,488
209,210,910,210,539
210,210,944,211,451
209,210,951,210,1957
209,210,886,211,1862
208,208,586,209,528
209,210,877,210,452
208,209,444,210,373
208,210,625,210,483
208,209,870,209,560
210,212,886,210,918
210,210,913,212,1475
209,209,946,209,708
209,210,761,210,1093
210,211,854,211,1040
209,210,598,210,736
210,212,690,210,854
208,208,1055,211,1095
208,209,927,208,1301
208,209,966,209,1043
209,210,914,209,986
207,208,449,208,1553
208,209,489,209,336
210,210,589,211,625
210,212,834,211,564
206,207,455,207,520
207,208,717,209,1020
209,210,864,209,881
207,208,767,208,572
209,210,958,210,796
207,207,501,207,524
207,207,932,209,374
208,208,578,208,581
209,210,652,210,793
207,208,486,208,719
209,210,975,210,354
209,209,902,211,496
208,209,903,209,548
208,208,455,209,803
209,210,516,211,895
208,209,845,209,688
210,212,889,211,1169
208,209,574,210,844
209,210,773,210,1762
209,210,845,210,518
209,211,855,209,449
210,211,585,211,555
208,209,1034,208,475
208,208,648,209,1164
208,209,792,210,2505
209,210,875,211,1143
209,211,1152,209,1175
208,209,656,208,564
210,210,959,211,592
210,211,819,211,1271
207,207,609,208,837
209,210,803,210,337
209,209,578,209,601
209,210,1092,209,1312
208,209,933,211,750
208,209,627,210,1423
209,210,934,210,478
209,210,841,209,1043
208,209,807,209,513
209,209,1033,210,449
208,209,455,209,352
210,210,427,211,2572
209,209,893,209,496
209,210,982,210,519
210,212,478,211,472
209,210,554,210,890
210,211,839,211,1039
209,210,936,209,1006
208,209,629,209,1397
210,211,897,210,1777
209,210,707,211,503
209,209,737,209,532
209,210,984,209,988
209,212,921,210,1895
209,210,808,210,2886
209,211,690,211,745
209,211,670,211,658
208,208,1010,210,2272
209,210,870,211,448
208,209,592,209,1238
209,209,443,210,995
208,209,693,209,1129
209,210,779,209,2067
209,209,776,210,1567
209,210,914,210,584
208,209,895,209,3406
210,210,618,211,932
209,210,954,210,1379
209,210,880,209,2459
209,210,846,211,492
208,209,977,210,1878
210,211,894,211,2025
209,210,818,210,456
208,209,974,209,713
208,209,601,209,550
209,210,659,210,560
208,208,987,210,1786
208,209,656,209,747
209,210,902,210,853
208,209,714,209,1909
208,209,900,209,538
209,211,832,211,516
209,210,789,210,721
208,208,790,209,798
208,208,666,209,472
209,209,938,210,832
208,209,1013,208,423
208,209,618,208,1540
208,209,449,209,1290
210,211,854,210,2546
208,208,551,209,1329
208,209,924,208,1316
210,210,650,211,448
208,209,652,209,656
208,208,700,209,552
209,210,767,209,994
209,210,864,210,790
208,209,1008,210,3176
209,210,636,210,973
208,208,935,210,495
209,210,681,210,974
209,210,649,209,923
209,210,779,211,443
208,208,1055,209,456
209,210,679,211,921
208,210,694,210,469
209,209,571,212,593
209,209,1000,210,2682
208,210,636,209,740
208,209,699,209,429
208,208,1013,210,808
208,209,742,210,558
209,210,875,210,2020
209,211,885,209,1652
210,211,857,211,991
209,210,754,210,442
210,211,602,212,959
208,209,835,209,1628
209,210,917,210,1511
210,211,782,212,1000
209,209,395,209,1546
209,211,717,211,516
209,210,762,210,451
207,207,497,208,590
209,209,769,210,804
208,209,646,210,938
208,208,953,208,519
209,210,835,210,809
209,210,1067,210,1605
210,212,808,212,465
208,209,744,208,1020
210,211,639,211,430
208,210,912,208,1110
207,208,589,208,770
210,211,862,211,867
209,210,580,211,1317
209,211,905,210,811
210,211,731,211,1294
209,211,909,210,394
210,211,739,212,699
208,210,944,209,1364
208,209,859,210,454
208,209,986,209,1057
210,211,808,211,857
209,210,545,211,867
209,211,804,211,1510
209,210,810,209,723
209,210,539,210,661
207,208,940,209,521
209,211,854,210,815
210,212,868,211,440
209,209,606,211,1279
209,210,979,209,439
209,210,816,211,603
209,210,933,210,1114
209,210,709,210,606
207,207,595,208,1213
209,210,858,210,1688
209,210,649,211,3931
210,210,883,211,541
207,208,735,209,438
208,208,772,208,1814
208,209,909,209,1233
208,209,732,210,1254
210,210,873,210,1242
209,211,1036,211,490
208,209,1075,209,1413
210,211,786,211,414
209,209,634,211,2213
209,209,813,210,787
208,208,461,209,707
209,210,1273,211,826
208,209,782,209,1008
208,209,941,209,1238
208,209,826,210,408
209,209,696,210,770
206,207,482,208,466
209,211,918,210,857
209,209,964,210,822
208,209,1055,209,1110
207,207,955,207,442
209,209,879,210,524
208,208,742,209,660
208,210,715,209,1395
208,210,939,209,1008
209,211,834,210,497
208,209,1082,210,484
209,209,984,211,494
210,210,777,211,682
208,210,804,209,1034
209,211,1165,210,767
208,208,513,209,733
208,209,570,208,997
209,210,998,210,794
209,209,987,210,1041
210,210,830,211,777
209,211,820,210,1117
207,208,791,208,1593
210,210,751,210,1124
208,209,792,209,1802
209,211,891,209,1024
207,207,1281,207,531
208,208,845,209,751
207,208,315,207,1413
209,211,862,211,1032
209,210,439,210,568
207,207,362,208,1002
207,208,877,207,594
209,210,802,211,2035
210,212,377,211,494
208,208,857,209,1306
209,209,764,209,1374
208,209,966,209,873
209,210,643,211,1071
209,210,729,211,474
209,209,844,210,1027
209,210,903,210,784
209,211,956,210,541
210,211,839,211,763
208,208,740,210,2250
207,208,572,208,548
209,210,616,210,1712
208,209,860,209,474
209,210,756,211,704
207,207,748,207,1623
208,208,944,209,1011
209,211,652,209,608
210,211,924,211,389
208,210,591,209,393
208,209,724,208,1139
209,210,875,210,534
209,209,917,210,529
210,211,857,211,476
208,209,742,210,455
209,210,856,211,735
210,210,779,213,597
206,207,994,208,1945
209,210,612,211,386
209,210,550,210,627
208,208,936,211,738
209,209,861,211,2114
209,210,872,210,2277
210,210,723,211,2119
208,208,528,210,2162
208,209,960,210,1741
208,209,716,210,816
208,209,590,208,1056
209,209,873,210,2088
208,209,444,210,565
208,209,425,209,1584
209,210,1340,210,1739
210,211,828,211,1336
209,210,440,210,638
208,209,862,211,1058
210,211,821,211,1453
209,210,590,210,606
209,209,655,210,1352
208,209,507,210,1045
209,212,972,210,959
210,211,852,212,1292
210,211,710,211,3551
208,208,490,209,418
209,209,530,209,936
209,210,741,210,2725
209,210,771,211,2065
208,209,923,210,510
209,210,1006,210,1891
206,207,426,207,322
209,209,736,210,1105
209,209,920,211,2589
208,208,848,209,486
207,208,407,209,812
210,211,825,211,1358
209,209,803,210,429
209,210,454,210,792
209,210,735,211,436
209,210,629,211,579
209,210,541,211,582
209,211,813,210,591
207,209,509,208,461
208,209,647,209,2005
208,209,784,209,591
208,210,787,210,1090
210,211,663,212,698
208,209,463,210,441
209,210,659,210,1091
210,210,814,211,1626
208,209,1012,208,871
210,211,881,212,492
208,209,950,209,758
209,210,943,209,914
208,208,548,209,368
208,209,431,209,562
208,209,852,209,441
210,211,541,212,474
209,209,1006,211,660
207,207,601,208,546
209,209,711,211,1369
208,208,870,209,451
209,210,867,210,1540
208,209,791,209,724
209,210,625,210,725
209,210,886,210,748
208,209,901,209,539
208,209,883,208,1294
209,209,873,210,494
210,211,911,210,501
208,210,945,208,1298
208,209,787,209,716
209,210,497,210,932
210,211,664,211,613
210,213,869,211,1010
209,210,897,211,453
209,209,462,212,605
208,208,977,209,440
209,210,856,209,792
209,210,1068,210,591
207,208,777,208,312
209,210,335,211,606
209,210,598,211,438
210,210,855,211,1036
209,210,809,210,767
209,210,832,210,720
210,212,839,210,781
208,208,1313,209,2665
210,211,713,211,1267
208,209,935,208,1543
209,210,869,209,503
207,208,815,207,1889
208,209,770,210,772
209,210,1009,210,454
208,209,793,209,1335
209,210,357,210,1739
209,209,1613,209,541
208,209,912,210,2465
209,210,960,210,551
209,210,962,210,1410
210,211,835,211,1158
208,209,805,210,448
207,207,976,208,1347
209,210,910,210,1137
210,210,797,211,452
209,209,650,210,1023
