174,176,400,175,487
174,175,620,176,1464
173,173,616,175,669
174,174,534,175,533
174,176,488,175,800
174,175,359,175,236
175,175,353,176,857
174,174,508,174,344
175,177,834,175,1480
174,176,490,176,611
175,177,397,176,673
173,175,581,173,463
174,175,576,176,502
173,174,676,174,366
173,173,463,174,1275
173,175,620,175,309
173,174,396,175,226
173,173,415,175,1390
174,174,357,176,268
172,173,589,174,477
175,176,586,176,375
173,174,576,173,881
174,175,537,175,1229
173,174,435,174,313
174,175,337,175,329
175,176,633,177,1658
174,175,486,176,322
173,175,540,174,964
174,176,237,176,365
174,176,348,175,203
172,173,418,174,470
174,175,457,175,267
173,174,382,174,370
174,175,505,175,744
174,175,570,175,345
173,174,501,175,646
174,174,529,176,308
174,174,511,175,448
174,175,569,174,285
175,176,506,177,888
173,174,611,174,240
174,175,513,175,714
174,174,510,176,515
173,173,430,173,226
174,175,249,175,857
172,174,297,172,449
175,176,561,176,323
173,174,409,174,1094
173,174,425,175,266
174,175,560,176,347
174,175,463,175,915
174,174,651,176,554
174,174,515,177,1502
174,175,552,175,330
173,173,565,176,772
174,174,338,175,488
175,175,360,175,901
175,177,281,176,212
174,175,441,174,549
173,174,438,174,789
173,174,252,173,451
173,173,238,175,451
174,174,505,174,807
174,175,326,175,974
173,174,507,173,444
174,176,610,176,681
174,174,557,175,377
174,174,266,174,796
174,175,445,174,294
173,173,470,175,943
174,175,365,175,1053
174,175,533,174,361
174,174,561,175,474
173,174,514,175,303
173,174,551,174,297
174,175,499,176,434
173,173,505,174,471
173,176,638,173,293
175,175,483,175,314
174,175,560,176,524
174,175,336,176,459
174,175,669,175,780
175,176,175,176,275
173,175,426,174,274
173,174,346,173,315
173,173,159,174,583
174,175,359,175,400
175,176,521,178,319
175,177,311,176,330
175,176,495,176,381
174,174,524,174,1678
174,175,883,175,350
175,177,662,176,1035
174,175,643,176,363
175,176,572,176,1371
173,174,646,174,491
174,174,405,175,533
173,174,384,176,345
175,176,369,176,560
174,175,499,174,328
173,175,528,173,526
174,174,669,174,338
174,175,551,175,314
173,173,605,174,945
174,174,524,176,383
175,175,508,176,335
173,173,600,173,363
172,173,525,174,906
173,174,666,174,717
174,175,466,175,694
174,176,307,174,457
174,175,318,175,568
174,174,588,175,503
173,174,407,174,477
174,174,438,174,307
171,172,531,171,404
172,174,539,172,327
174,175,491,175,391
173,173,517,173,1352
174,175,572,176,382
174,175,503,176,308
175,176,523,177,308
173,174,376,176,1095
173,174,536,174,705
174,175,333,175,563
173,174,217,174,714
174,175,577,175,518
174,177,480,175,886
171,173,598,172,642
175,175,559,176,731
174,174,462,174,1315
175,176,552,176,329
173,173,585,174,354
174,176,504,176,348
175,176,446,177,1596
172,173,113,174,225
173,175,447,174,205
173,174,304,174,328
175,176,484,177,278
172,173,569,173,330
174,174,454,176,778
175,176,534,175,303
174,175,494,175,275
173,173,529,173,654
174,175,482,175,284
174,175,391,175,320
174,175,488,174,281
174,175,576,175,1364
174,175,435,176,541
175,176,522,176,223
173,174,247,173,225
174,175,368,175,277
173,174,340,175,1220
174,175,533,174,489
174,175,477,175,938
174,176,511,175,300
174,175,567,175,530
173,174,501,175,268
173,173,555,175,448
172,172,702,172,1252
173,173,452,173,348
175,176,601,176,353
173,175,409,174,653
174,177,381,176,490
172,172,283,173,200
173,175,212,174,410
174,175,375,176,465
175,176,495,175,374
173,174,492,175,442
175,177,507,177,582
174,175,491,175,474
173,174,583,174,331
175,176,495,176,839
174,175,480,176,577
173,173,565,175,537
174,175,424,175,522
174,176,500,175,318
173,174,595,174,867
175,175,407,176,749
174,174,384,175,848
174,176,490,174,327
174,175,642,176,312
173,173,626,175,478
174,175,396,175,295
175,176,559,177,505
173,173,538,174,2055
173,174,339,174,643
174,175,602,175,1239
175,176,519,177,521
173,174,648,174,759
174,175,431,175,205
174,175,195,175,266
175,176,283,176,358
175,176,524,178,479
175,176,533,176,758
174,175,573,174,473
174,174,526,175,330
175,176,554,177,305
172,172,477,173,717
174,175,502,175,854
174,174,725,175,489
174,174,608,175,291
174,174,715,175,625
174,176,393,174,280
174,175,408,176,199
174,175,378,175,804
174,175,366,176,253
174,176,510,175,625
174,175,568,176,339
173,173,338,175,1000
173,174,407,174,742
174,175,521,175,515
174,175,375,176,645
173,175,572,173,2008
175,176,301,175,497
174,174,553,175,727
173,173,443,175,265
174,175,353,175,687
173,174,395,173,243
173,175,424,175,312
174,176,381,175,479
174,175,504,175,555
172,173,512,174,1023
175,176,516,177,334
174,175,522,176,1035
174,175,567,175,332
175,175,579,176,626
172,174,643,172,539
174,174,382,176,333
174,175,525,174,458
174,175,458,176,915
174,176,395,175,343
174,175,409,175,558
174,175,556,175,345
173,174,611,174,365
174,175,407,176,685
173,174,292,175,849
173,174,668,174,675
172,172,384,172,305
172,173,531,173,293
175,177,275,176,392
175,176,514,176,470
174,176,497,175,1795
172,173,386,173,233
174,177,375,174,353
172,173,434,174,236
175,176,403,176,463
174,174,366,176,294
172,174,517,174,800
173,174,573,174,359
174,175,536,176,1456
174,174,355,175,312
174,175,384,176,850
173,174,585,173,755
175,175,563,177,1040
174,176,417,176,276
172,173,564,172,398
174,175,422,175,561
174,175,400,176,254
175,177,361,177,1368
174,175,536,175,292
174,175,450,176,658
174,174,752,176,2721
175,176,506,176,347
175,176,539,176,569
174,175,592,175,667
173,175,617,173,507
173,173,618,173,485
174,174,280,175,244
174,175,419,175,762
175,177,454,176,1033
174,174,402,175,481
173,173,548,174,632
173,174,619,175,319
174,176,577,174,1155
175,176,466,176,2215
173,173,406,173,946
174,175,522,176,324
172,174,451,174,588
173,173,320,174,196
173,174,466,174,199
173,173,345,174,305
174,175,578,176,1401
173,173,460,174,370
173,174,481,174,1014
174,176,541,174,1340
174,174,487,175,445
175,177,650,175,434
175,175,500,177,491
174,175,494,175,493
173,174,561,175,896
173,173,404,173,831
174,174,507,174,557
175,177,560,177,367
172,173,417,174,275
174,175,587,175,673
175,176,481,175,815
174,175,592,175,887
175,176,510,175,859
174,175,544,174,373
173,174,586,174,452
172,172,502,173,1705
175,176,392,177,574
175,175,398,176,591
174,176,479,174,1917
172,172,329,173,680
174,175,468,175,301
174,176,474,175,1773
172,173,644,173,1317
174,174,573,176,352
173,175,568,174,808
173,174,547,174,431
175,176,362,177,227
174,174,338,175,316
173,174,410,174,206
173,174,431,174,558
174,176,472,175,499
174,175,515,176,2938
174,175,494,175,313
174,174,411,174,299
175,176,334,176,1196
175,177,476,175,388
174,176,620,176,667
175,175,516,176,1076
173,173,276,174,229
173,174,399,175,453
175,175,405,177,337
172,172,663,173,346
174,175,361,175,291
175,176,466,175,319
174,175,537,175,277
174,176,329,175,448
174,175,501,175,688
174,176,518,176,528
174,175,518,174,312
174,175,566,176,647
174,175,620,176,630
174,175,559,176,501
175,176,470,176,479
173,174,380,175,561
173,174,458,174,379
173,174,441,175,713
175,175,535,176,332
174,174,452,175,1469
173,175,443,174,302
173,173,419,174,456
174,175,496,175,375
173,174,374,174,326
173,174,458,175,1517
175,175,335,177,501
175,176,525,175,314
174,175,561,174,411
174,175,406,177,595
174,175,364,176,384
173,173,355,174,1197
173,173,359,174,1522
175,176,431,176,653
175,176,496,176,286
173,174,390,174,345
175,176,498,177,328
175,176,519,176,358
174,174,413,175,403
174,175,550,174,369
173,175,460,174,312
173,174,578,175,708
173,173,577,174,268
174,176,287,175,580
172,172,298,174,218
174,174,283,175,274
174,175,428,175,203
174,175,497,175,340
172,172,598,173,625
173,173,541,174,390
175,176,562,176,870
173,173,900,174,1366
174,175,559,175,1212
175,176,563,176,503
174,174,453,174,1330
172,173,470,173,317
171,172,432,172,801
174,174,455,175,257
174,174,219,175,220
173,174,642,175,1181
175,176,295,176,501
172,174,343,174,446
175,176,505,176,656
175,175,501,176,801
175,176,399,176,338
174,176,560,175,355
174,175,518,175,354
174,174,633,174,1072
173,173,583,173,221
174,175,340,176,337
174,175,209,174,228
174,175,388,175,1460
173,175,243,174,243
174,175,542,175,859
175,177,365,176,294
173,173,598,175,332
174,174,533,175,450
174,176,320,175,618
173,175,598,173,481
174,174,595,175,478
173,175,567,175,406
174,175,518,176,388
174,174,515,175,1075
174,175,368,175,331
172,173,299,173,334
172,173,230,173,246
174,174,343,174,1086
175,176,921,175,1231
172,173,436,176,348
173,174,596,174,297
173,174,656,173,654
172,172,313,172,366
174,174,518,176,451
174,176,523,175,895
173,174,468,173,667
174,174,477,175,300
173,173,489,173,247
174,175,389,176,484
175,177,376,175,326
173,173,150,175,250
174,175,481,176,471
174,175,500,176,1149
173,174,365,174,773
174,175,599,175,1007
173,174,462,173,838
174,174,458,175,457
173,175,449,174,289
174,175,522,175,308
173,175,477,175,320
173,174,554,175,623
175,176,410,175,246
174,174,385,176,473
173,174,417,175,200
171,172,312,172,414
174,176,536,176,401
172,174,250,174,355
175,176,493,177,503
174,175,496,175,393
174,175,513,175,316
173,174,369,174,324
174,175,562,175,809
174,175,532,175,2685
174,175,430,175,375
174,174,473,175,642
175,176,427,176,264
174,175,372,174,857
174,175,303,175,696
173,174,495,174,1362
175,176,537,175,873
173,175,457,176,323
172,173,280,173,313
175,176,504,175,299
175,176,513,177,1820
174,175,512,175,1047
174,176,293,176,612
173,173,433,173,489
174,175,356,175,810
173,174,548,173,475
175,175,528,176,810
175,175,343,176,458
173,173,560,174,280
173,174,337,173,456
174,175,541,175,439
175,176,594,176,312
174,175,561,175,286
173,175,550,175,693
173,174,602,175,218
174,175,530,175,295
175,176,511,176,2090
173,174,364,174,227
174,175,415,174,311
174,175,645,176,2002
173,173,574,174,496
173,173,580,174,285
173,175,452,175,314
174,175,586,174,760
173,174,358,176,788
174,175,517,175,354
173,174,697,173,637
174,177,585,175,323
174,174,395,176,419
174,176,416,175,279
174,175,402,175,936
174,174,425,176,846
174,175,601,175,326
173,173,381,174,620
174,176,216,176,337
175,176,463,176,1215
174,174,396,175,625
175,176,864,178,402
174,175,384,174,334
174,174,457,176,864
173,174,260,175,703
175,176,447,177,607
173,173,401,175,1267
174,175,495,174,318
174,175,513,175,380
173,173,478,174,1677
173,174,566,173,274
173,175,556,173,704
175,176,362,177,305
173,174,545,174,782
174,176,472,175,335
174,175,555,174,292
174,175,498,175,465
174,175,582,175,909
173,174,259,173,714
173,173,412,175,971
173,175,180,174,633
173,173,494,173,489
173,175,563,174,323
172,173,474,173,360
173,174,274,174,488
173,174,250,174,489
175,176,484,176,289
174,175,483,175,330
172,173,544,173,302
173,175,604,175,492
173,173,437,174,358
174,175,385,175,340
174,174,442,174,458
173,174,451,174,257
173,174,499,174,237
172,172,467,173,449
174,175,353,176,388
174,176,349,174,460
173,173,463,175,292
173,173,490,174,309
173,174,597,174,677
172,172,603,172,697
175,175,414,177,864
175,175,335,175,492
174,175,539,175,1139
174,175,470,176,303
173,174,628,174,939
174,176,534,174,723
174,176,391,175,344
173,173,400,174,217
175,176,173,176,298
175,175,443,176,641
174,176,557,176,514
173,174,441,174,493
174,177,396,176,314
175,175,479,177,708
174,175,530,176,343
175,175,621,176,324
174,175,523,174,1005
174,175,411,175,1046
173,174,524,174,289
174,175,342,175,1358
173,175,374,174,198
173,173,341,175,378
174,176,228,176,304
175,176,477,176,279
173,173,587,174,1205
174,175,501,177,822
172,173,474,173,449
174,175,347,176,276
174,175,531,175,303
174,174,492,176,975
173,173,570,174,307
172,173,566,173,611
174,175,380,176,473
172,172,361,172,287
174,174,318,176,380
174,174,200,176,802
173,174,380,174,305
174,175,580,174,2062
174,175,509,175,350
174,175,446,175,318
173,174,235,174,644
174,175,437,175,314
173,175,351,175,707
174,174,319,174,839
174,175,304,175,931
173,174,467,174,776
175,176,556,175,240
174,174,382,174,215
173,174,384,174,470
173,174,374,174,281
174,175,502,175,811
175,175,588,175,374
174,175,592,175,541
174,174,465,176,1167
175,176,492,176,503
175,176,511,176,461
174,175,496,176,294
173,175,509,174,1440
173,174,637,174,351
172,173,498,173,732
174,174,348,176,262
174,175,340,177,498
174,175,367,175,329
173,174,1270,174,1004
173,174,509,174,479
174,175,444,175,672
175,175,502,176,1137
174,175,559,175,673
174,174,527,174,692
173,174,637,175,277
174,175,569,174,325
174,175,517,176,471
174,175,376,176,830
172,173,408,172,575
173,174,495,175,300
175,176,497,177,1017
173,173,487,174,278
175,176,461,176,335
171,172,468,172,323
174,175,485,175,471
173,174,515,173,822
173,174,462,174,523
175,176,472,177,525
174,174,506,174,480
175,176,512,176,496
174,174,504,175,283
174,175,387,176,233
175,176,353,176,344
173,174,412,175,241
172,174,247,173,245
174,174,537,175,544
174,175,553,175,361
174,175,554,176,1038
175,175,515,176,507
174,174,517,175,295
173,175,340,175,358
174,175,550,174,634
173,174,546,173,469
174,175,302,175,498
175,175,505,178,614
172,172,407,174,320
175,175,480,175,250
173,174,401,174,213
174,175,294,175,327
175,176,375,177,516
175,176,480,176,361
173,173,342,174,936
172,173,610,172,278
173,174,501,174,356
172,174,496,173,1152
173,174,690,173,308
174,174,572,175,1796
174,174,519,175,552
173,173,453,174,602
175,176,426,175,567
175,175,338,176,484
173,173,480,173,593
173,174,272,174,446
174,175,526,176,668
172,173,773,174,1305
173,174,544,174,849
174,175,496,175,831
174,174,416,176,321
172,174,547,172,711
173,175,494,174,1113
174,175,556,176,831
175,176,425,177,397
174,175,358,175,997
171,172,765,171,472
174,175,606,175,331
174,176,523,176,1282
174,175,441,175,717
172,172,532,173,480
173,174,594,175,667
173,174,526,174,392
175,175,503,175,463
173,173,548,174,960
173,173,420,175,471
172,172,520,173,238
174,174,198,175,846
172,172,322,173,255
175,176,444,176,640
175,176,512,175,316
174,174,283,175,343
175,176,419,175,1010
175,176,495,176,479
172,173,355,174,933
173,173,251,174,364
173,174,648,174,773
173,174,430,173,316
174,174,566,175,282
173,174,467,174,443
174,176,423,176,242
173,173,441,174,361
175,176,289,175,395
174,175,322,177,234
175,175,409,176,451
175,176,466,176,224
173,174,330,174,319
175,175,548,177,306
174,176,594,175,348
173,174,278,173,334
172,174,587,173,343
174,176,499,174,838
174,176,543,175,294
173,174,521,174,1368
173,174,525,173,370
174,175,580,174,639
175,177,436,176,268
173,174,381,174,373
174,175,404,175,246
173,173,317,174,212
172,173,488,173,286
175,176,407,175,528
175,178,525,176,1723
174,175,442,175,441
174,175,515,175,316
172,173,534,174,1357
173,174,504,174,487
173,174,472,173,450
174,174,610,174,868
173,174,465,174,430
174,176,341,175,1139
174,174,361,175,284
172,174,248,173,373
172,173,494,172,558
174,174,719,175,820
174,174,705,177,1813
173,173,530,174,631
174,175,334,175,485
173,174,592,173,333
175,177,481,175,1152
175,176,616,176,655
174,176,352,176,445
174,175,402,175,326
173,174,346,173,371
173,174,436,174,817
173,174,528,175,517
174,175,520,174,393
173,174,416,175,274
174,175,379,174,810
172,173,492,173,956
174,174,546,174,282
174,175,533,175,318
174,175,425,174,525
173,174,597,173,622
172,173,629,172,372
173,174,394,174,626
172,174,156,173,490
173,174,410,174,529
174,175,486,175,328
174,175,981,174,281
174,175,436,175,359
175,176,510,177,507
174,175,489,175,559
174,175,426,174,373
173,174,629,173,346
172,173,520,173,801
174,175,525,175,962
174,176,306,175,306
173,174,543,173,602
173,175,369,174,278
175,176,421,177,382
174,174,397,176,891
173,176,599,173,673
174,174,581,176,304
173,174,552,174,734
174,176,599,175,465
174,175,479,175,1801
173,174,539,174,1005
174,176,614,175,799
173,173,590,174,284
174,174,526,176,422
173,174,219,173,251
174,175,399,175,214
172,173,219,173,344
174,175,476,175,515
173,173,467,174,658
175,176,523,177,279
174,174,548,176,634
175,175,541,175,496
173,173,576,174,458
175,176,535,177,299
175,176,491,175,452
173,173,280,176,303
175,175,565,176,363
174,175,553,174,1020
174,175,525,176,823
174,175,360,176,261
175,176,388,175,733
175,176,405,176,633
173,175,553,175,649
175,176,591,176,545
174,174,415,176,316
173,174,625,173,654
174,175,586,174,1673
174,176,583,175,289
173,174,513,174,615
173,174,619,175,653
173,175,533,174,358
173,174,414,174,369
174,174,331,175,235
174,174,284,176,483
174,175,485,174,1572
175,176,357,177,311
172,173,539,172,530
175,176,529,176,317
175,175,535,176,290
173,174,703,173,295
173,173,461,175,468
174,174,527,176,634
174,174,556,175,348
174,175,524,175,614
172,173,321,173,560
173,174,447,174,501
171,173,319,171,560
175,175,367,177,517
174,175,450,175,514
174,175,441,176,525
172,173,311,174,463
174,175,515,176,1003
173,174,610,175,392
174,175,504,176,510
173,173,455,174,519
174,175,373,175,231
173,173,480,175,421
175,177,474,177,890
173,174,521,174,326
174,175,489,175,205
174,174,472,174,704
175,177,386,176,388
173,174,424,173,1499
174,175,596,177,279
175,176,543,175,280
174,175,547,176,333
172,174,599,173,305
171,172,388,172,287
174,176,527,175,358
173,174,541,174,329
174,174,642,175,715
171,172,615,172,929
175,176,582,175,589
175,176,408,176,2454
174,175,465,175,299
174,175,516,176,1571
174,175,512,175,2008
173,173,512,176,291
173,174,465,173,827
174,174,566,175,986
175,177,514,176,313
173,174,425,174,250
173,173,414,173,379
174,174,157,176,251
174,175,447,174,633
174,175,346,174,364
174,175,550,174,313
174,177,553,177,491
173,174,401,174,457
174,175,561,176,944
174,175,638,175,2543
174,176,603,175,696
173,175,535,174,1027
174,175,471,176,226
173,174,408,174,213
174,175,333,175,437
172,173,390,174,1549
175,176,490,177,469
175,176,521,176,1221
175,176,598,175,1143
173,173,389,174,361
173,174,494,173,347
174,176,506,175,724
175,176,348,176,465
174,175,499,176,294
173,173,569,176,575
175,176,353,176,248
173,173,411,175,353
174,175,415,175,608
174,175,522,175,697
174,175,374,175,649
174,175,519,175,325
173,174,531,173,464
174,174,475,175,334
173,174,593,174,544
174,175,449,174,332
174,174,636,175,930
174,175,541,175,805
174,176,556,175,515
175,175,575,175,303
174,175,347,174,1186
174,174,399,176,245
172,173,432,173,458
173,174,475,174,523
174,176,464,175,556
172,172,630,172,806
175,175,578,175,1068
174,174,1085,176,1549
174,174,545,175,620
173,173,680,173,463
175,176,599,176,1470
174,175,680,175,352
174,175,658,175,402
174,175,436,175,917
174,175,355,174,483
175,175,482,176,723
175,176,672,175,956
174,175,700,176,816
174,174,661,174,359
175,175,584,177,380
174,174,639,174,598
174,174,577,175,436
174,175,554,175,423
175,176,541,175,1209
174,175,458,175,1176
172,173,345,174,368
174,174,460,175,690
174,174,308,175,381
174,174,458,175,325
173,173,500,174,366
174,174,595,176,791
175,176,557,176,437
174,176,824,175,851
173,173,576,175,389
174,175,662,176,819
174,174,557,175,1567
175,177,587,175,878
173,174,372,174,406
175,176,345,175,952
174,174,563,176,851
174,174,472,175,1125
174,175,479,175,291
173,174,612,175,758
175,176,672,175,344
175,175,606,176,550
175,176,553,176,488
173,173,756,174,418
173,174,695,174,712
173,174,686,175,389
175,175,540,176,378
174,175,612,174,337
173,174,251,174,543
172,173,1164,173,1622
175,176,527,175,574
173,174,276,173,417
173,174,395,173,1034
172,173,802,174,1075
174,175,455,175,593
174,174,706,174,497
173,173,439,174,1026
172,173,694,173,843
174,176,761,176,536
174,175,601,176,452
173,174,491,173,977
174,175,822,175,809
174,175,498,175,1492
174,174,1392,176,630
172,172,559,174,585
174,175,476,175,2356
174,175,663,176,937
173,174,832,175,1150
173,174,599,174,433
174,175,804,176,662
175,176,620,175,1432
175,176,641,176,322
174,174,513,175,923
174,175,748,177,613
174,175,563,175,340
173,175,505,173,556
173,174,364,174,254
175,176,433,176,405
174,174,439,176,336
173,174,586,173,463
175,176,615,176,735
175,175,521,175,888
173,173,669,175,333
175,176,597,176,554
175,176,550,176,442
174,175,541,175,316
175,175,534,176,837
173,174,545,174,798
174,175,620,175,308
173,174,568,173,1200
174,175,253,175,448
174,176,454,175,524
174,174,439,175,316
175,176,503,176,348
174,175,681,175,544
173,173,659,174,1046
174,175,545,175,430
174,175,604,176,534
175,175,583,175,374
173,174,687,174,1821
175,176,509,177,1447
172,173,317,174,381
172,172,487,173,762
173,173,439,174,624
173,174,495,174,252
175,175,401,176,322
174,175,436,174,1397
174,175,504,175,516
174,175,630,175,1207
174,174,709,176,546
172,174,773,173,375
175,175,623,175,1181
175,175,321,176,545
175,175,582,176,1201
175,176,846,176,788
