115,116,159,116,100
113,114,122,113,195
115,116,173,115,826
112,113,207,114,286
113,114,174,114,131
114,114,122,116,133
113,114,172,114,456
115,115,152,116,99
115,116,136,116,192
115,115,211,115,331
113,114,191,115,94
115,115,120,116,422
114,115,163,115,343
114,114,130,115,409
113,113,112,114,92
115,117,176,115,281
113,114,174,114,86
114,114,157,115,99
114,114,154,116,190
114,115,176,116,88
113,113,158,114,120
115,116,164,117,103
113,113,130,114,88
114,115,157,115,121
114,116,161,114,90
114,114,163,114,104
115,115,134,117,87
114,117,133,117,66
113,114,125,115,87
114,115,76,115,62
114,115,102,115,79
114,115,107,115,284
113,113,95,114,77
115,116,172,117,179
112,112,106,113,85
113,114,140,115,196
114,114,175,115,217
115,115,129,116,91
114,115,161,115,87
114,115,174,115,171
115,115,142,115,193
115,116,136,117,211
115,115,178,116,218
115,116,174,117,92
113,114,162,114,110
113,113,100,115,192
114,116,148,116,258
114,115,138,115,460
114,115,149,115,104
115,116,151,116,541
113,114,225,114,91
114,114,180,115,72
113,114,169,114,359
114,115,79,116,101
114,115,153,114,114
114,114,113,114,615
114,114,171,115,238
114,115,178,116,214
114,114,122,116,122
114,115,169,115,137
112,113,167,113,143
114,115,350,115,216
114,116,92,115,396
115,115,167,116,89
113,114,157,113,88
115,115,132,115,241
114,115,121,115,85
115,116,116,116,83
115,115,121,116,151
114,114,113,115,196
113,114,97,113,104
113,114,93,113,85
112,113,138,113,96
114,115,146,114,100
113,114,137,114,120
113,115,207,113,111
113,114,173,114,88
114,115,177,115,146
115,116,159,117,325
115,116,142,116,247
115,115,190,115,479
115,116,152,117,148
114,116,136,115,141
114,116,146,115,289
115,116,130,116,273
115,116,98,117,208
115,117,166,116,171
113,114,168,115,149
115,115,154,117,231
114,116,150,114,120
113,114,143,114,148
115,115,170,117,171
113,114,141,113,120
113,114,146,114,214
111,112,174,112,200
115,115,154,116,120
114,116,80,115,353
113,114,161,114,436
113,113,161,115,145
114,115,152,116,89
114,115,162,115,214
114,116,194,116,144
112,113,81,114,322
113,114,140,114,123
113,114,130,113,215
114,115,83,115,82
115,115,109,117,112
114,115,109,116,189
114,114,94,115,158
113,115,79,114,66
115,116,152,115,88
115,116,93,115,109
114,115,139,116,239
114,115,168,115,90
109,110,210,110,233
114,114,161,114,173
113,114,164,114,188
113,113,200,113,226
114,114,151,116,126
113,114,162,114,136
114,115,166,116,90
114,115,172,115,101
114,115,98,115,401
113,114,161,114,82
114,115,148,115,173
113,114,92,114,303
115,115,138,117,269
114,114,139,115,125
114,115,163,115,233
114,115,206,115,139
114,116,168,115,196
114,115,130,115,105
114,116,126,115,140
114,114,204,116,425
114,117,147,115,199
112,114,134,114,314
111,113,136,112,217
114,115,87,114,142
114,115,165,115,101
113,114,176,115,87
114,115,174,115,91
114,115,131,115,314
114,114,119,116,85
113,114,121,114,85
115,116,130,116,92
115,116,109,116,88
114,115,114,115,304
114,114,88,115,139
113,114,69,114,215
114,115,127,116,70
115,116,121,115,120
114,115,134,116,88
112,113,154,114,523
114,114,186,116,263
113,115,113,114,144
114,114,136,115,111
113,114,156,114,219
114,115,154,114,104
115,116,105,115,104
114,115,181,116,682
115,118,120,115,114
113,113,149,114,382
115,116,175,117,104
115,116,159,116,110
113,113,89,115,194
115,116,137,116,104
114,114,156,114,110
113,114,228,113,99
113,114,174,115,89
113,114,129,115,250
115,116,166,117,157
114,116,158,115,104
114,115,143,115,307
114,115,117,115,310
114,115,152,114,342
114,115,129,115,83
113,113,197,114,151
115,116,140,117,174
115,116,131,116,114
114,114,294,114,209
114,114,133,115,100
115,116,148,117,238
115,116,171,115,582
113,114,153,115,115
113,114,116,114,116
114,114,75,115,115
114,115,113,114,114
115,116,104,116,144
114,115,114,116,79
114,115,121,115,221
113,113,105,115,133
114,114,156,115,104
115,117,112,116,154
114,115,63,114,156
114,115,46,115,62
113,114,108,114,181
113,113,98,115,109
114,115,149,114,139
115,116,132,116,202
113,114,172,114,146
115,116,96,117,111
115,117,140,116,161
114,115,150,116,99
114,115,136,115,165
113,114,155,114,148
115,116,153,116,744
114,115,211,116,135
114,115,207,115,189
115,115,176,115,154
114,115,161,116,109
113,114,173,113,214
113,114,132,116,108
115,117,149,116,122
115,116,182,116,105
113,115,125,115,111
112,113,123,113,150
114,115,114,115,238
114,115,151,116,222
115,116,160,116,309
114,115,109,115,161
114,114,154,115,188
114,116,139,116,155
112,113,168,112,91
113,114,119,114,154
114,115,131,115,147
115,116,154,116,180
114,115,167,115,110
113,114,95,114,93
113,114,94,114,140
113,113,239,115,206
112,113,119,113,148
114,115,55,114,64
115,116,110,115,79
113,114,127,113,79
114,115,121,115,119
114,114,122,116,262
114,115,117,116,147
115,116,114,116,74
115,115,111,116,143
114,114,119,115,88
114,115,134,115,141
115,116,99,116,88
114,115,104,114,136
113,114,149,115,353
114,115,177,114,276
114,115,130,116,153
112,113,116,114,350
114,115,189,116,96
115,116,161,116,92
115,115,166,115,94
115,116,140,117,105
114,114,165,115,321
114,116,180,116,227
112,112,72,112,99
112,112,184,114,115
114,115,157,115,117
114,115,175,115,311
114,115,111,114,92
114,115,140,115,193
115,117,164,117,161
114,115,155,115,130
114,115,166,115,193
115,115,152,116,447
115,115,126,115,185
114,115,164,114,144
114,115,161,115,90
113,114,186,115,190
114,114,194,115,151
113,114,147,115,401
114,115,142,116,191
114,115,235,114,208
114,115,107,115,99
114,114,135,114,132
115,116,159,117,127
113,114,71,114,134
114,114,85,116,308
115,116,113,118,67
114,115,85,115,213
115,115,91,116,70
113,114,107,114,105
114,114,110,115,114
114,115,177,115,191
114,116,150,115,200
113,114,120,114,84
114,114,170,116,99
114,114,136,115,150
115,115,143,117,280
111,112,140,114,304
114,116,144,114,152
115,116,191,115,224
114,114,153,114,305
114,115,166,116,410
114,115,130,115,206
114,115,76,114,213
111,111,148,112,82
113,113,176,116,94
112,113,114,112,108
113,115,156,114,192
114,115,138,115,89
115,116,148,116,144
113,115,178,114,152
113,114,138,114,85
113,114,172,113,252
112,113,145,113,426
113,113,159,115,123
114,115,118,116,115
112,112,141,112,190
115,116,162,116,111
114,116,169,114,204
115,116,203,116,103
113,114,106,114,98
114,115,137,117,157
113,114,139,114,202
115,116,149,116,92
114,115,138,114,85
114,114,130,115,121
114,115,116,115,81
114,115,108,115,65
114,115,106,115,117
114,116,43,116,73
114,114,112,116,320
114,115,102,115,114
114,115,127,115,136
115,117,115,116,292
114,116,101,116,437
114,115,168,115,262
115,115,138,117,142
113,114,150,115,233
114,115,183,115,331
114,115,162,114,109
115,116,128,116,105
115,116,172,117,135
115,116,143,116,154
115,117,166,116,147
114,115,155,116,115
114,116,205,114,337
113,113,139,115,239
114,116,166,115,181
114,115,150,115,92
115,116,161,116,88
114,115,77,115,475
114,115,164,116,427
115,116,149,115,193
115,116,149,116,99
113,113,154,115,209
114,116,167,115,285
114,115,185,114,86
114,114,161,115,110
115,116,142,116,104
114,115,152,115,108
114,115,166,116,110
113,114,138,115,90
114,115,146,116,413
114,115,163,115,171
114,115,137,116,182
113,114,85,114,65
114,115,108,116,268
114,114,111,114,160
115,116,111,116,265
114,114,110,116,295
114,114,111,115,233
115,116,111,116,66
113,113,90,115,107
113,113,91,113,103
113,113,95,113,68
113,113,106,114,149
115,116,65,116,361
113,115,141,115,256
115,117,138,116,87
113,114,199,116,252
115,117,159,116,92
114,116,108,115,104
115,116,107,115,94
114,114,136,115,216
113,114,138,115,93
113,114,213,115,469
114,115,138,115,100
114,115,142,115,301
114,115,182,115,102
115,116,153,117,91
113,113,153,114,187
112,114,181,112,100
114,115,153,115,113
114,115,156,116,109
113,115,126,114,221
115,115,164,116,115
113,116,154,115,88
115,116,164,117,174
114,114,172,115,881
115,116,158,115,333
114,116,147,115,345
114,115,287,116,170
114,115,158,115,92
114,115,120,114,208
114,115,143,115,327
115,116,159,117,109
114,114,163,115,261
115,116,157,116,91
113,115,172,115,73
114,115,128,115,147
115,115,114,115,86
115,115,130,116,144
113,114,122,114,155
113,113,60,115,97
114,115,102,116,111
113,113,80,114,106
115,115,159,116,241
114,114,154,114,101
114,115,148,115,115
115,116,137,115,86
114,115,156,115,144
114,114,149,117,163
115,117,143,116,95
113,114,112,115,387
113,113,123,115,88
114,114,171,115,299
115,117,133,117,165
113,114,167,114,151
114,114,171,114,95
113,114,174,114,331
112,113,124,112,117
115,116,182,117,124
113,113,158,113,176
114,115,169,115,97
113,113,175,115,265
113,114,118,116,283
114,114,143,116,95
114,116,174,114,154
114,115,142,115,104
115,115,169,117,288
115,116,160,116,318
113,114,148,115,189
114,115,156,115,302
113,114,145,115,308
114,115,158,115,94
113,114,213,114,103
114,114,118,114,104
114,115,176,115,89
113,114,164,114,323
113,113,208,114,170
113,113,107,114,161
114,114,119,116,158
115,115,100,116,262
114,117,93,115,71
115,115,112,116,87
115,116,105,115,148
113,113,104,115,155
114,114,108,116,356
115,116,151,116,299
115,115,166,116,152
114,115,217,116,197
113,114,146,114,160
115,116,152,117,340
113,114,58,114,206
114,114,157,115,103
114,114,143,114,538
114,115,168,115,589
114,114,166,115,93
114,115,160,115,201
113,113,166,113,98
114,114,168,114,316
114,114,83,115,204
114,115,195,114,127
114,114,158,115,209
113,114,127,113,205
115,116,145,115,87
114,115,156,115,452
113,115,177,115,102
114,115,151,115,752
115,116,137,116,121
113,114,162,113,138
115,115,163,115,119
114,115,145,116,99
113,114,116,115,148
113,114,104,114,383
113,113,149,115,75
114,114,123,115,78
114,116,127,115,76
113,114,205,114,84
114,116,93,116,79
114,115,130,114,235
115,117,113,117,109
113,114,102,114,134
114,115,154,115,155
114,115,138,116,138
114,115,108,116,135
114,114,165,115,107
113,113,143,114,92
114,115,185,115,149
114,114,140,115,238
114,114,147,116,106
114,115,163,115,103
115,116,162,115,307
114,114,164,115,155
114,114,153,115,112
114,114,187,115,89
114,115,124,114,96
115,118,154,116,110
115,117,154,116,220
113,114,183,114,116
112,113,152,113,97
114,115,195,116,94
114,114,115,115,104
111,112,191,113,103
114,115,151,115,492
113,114,102,113,551
113,114,169,114,184
115,116,155,116,94
115,116,137,117,233
113,115,47,113,166
113,114,150,114,87
114,115,160,115,580
114,116,111,114,327
114,114,113,114,106
114,115,169,116,156
113,114,99,114,113
114,114,234,117,349
112,114,95,113,106
113,113,131,115,79
113,113,101,114,79
114,115,103,114,124
114,115,189,114,212
112,113,87,114,71
114,116,103,115,81
113,114,123,114,97
114,115,124,115,144
114,115,159,116,240
114,114,143,114,192
113,114,227,113,152
114,114,161,115,210
115,117,145,115,152
115,116,150,117,501
114,116,160,115,99
115,116,157,116,321
114,114,145,114,105
114,115,158,115,153
113,113,108,115,416
115,116,157,116,106
114,115,105,116,172
115,115,184,116,261
113,114,143,115,278
114,115,155,114,460
115,116,155,115,142
114,115,217,115,211
113,114,154,114,221
113,114,177,113,110
114,115,160,114,354
114,115,152,115,319
115,115,170,117,94
113,114,149,116,97
114,115,181,115,238
113,115,177,114,223
115,116,146,116,102
114,115,159,115,156
113,114,158,115,76
113,114,114,113,82
113,114,109,114,66
112,113,119,114,79
113,114,115,115,64
113,114,101,115,188
114,115,89,114,99
115,116,61,116,141
114,116,94,114,132
113,114,110,113,77
114,115,130,114,170
114,115,151,116,96
113,113,139,114,150
114,115,130,114,104
113,113,148,115,104
113,114,174,115,358
113,114,172,114,350
114,116,115,116,94
113,114,159,114,142
113,113,123,114,306
112,113,138,113,320
114,114,152,116,182
115,116,164,115,88
114,115,171,114,161
114,114,204,115,111
114,116,157,116,105
113,115,172,114,435
113,114,127,114,123
115,116,153,115,138
113,114,171,115,312
114,115,153,114,126
115,116,139,116,100
113,114,184,113,184
114,115,162,115,253
113,114,127,114,86
114,115,89,115,125
114,115,154,116,410
113,113,197,113,203
114,114,147,114,474
115,116,136,117,68
113,114,241,114,430
114,116,94,115,220
114,115,98,116,110
114,114,108,114,115
112,113,84,113,276
114,115,114,116,72
112,113,115,113,514
111,111,173,113,81
114,115,139,115,141
113,114,178,113,92
114,115,169,116,98
114,115,162,116,223
114,116,83,115,228
113,114,164,114,398
112,113,216,113,378
114,115,163,115,227
113,113,83,115,93
113,114,160,113,207
114,115,159,115,156
113,114,190,116,250
114,114,155,114,265
112,113,183,113,110
113,113,166,115,73
114,115,153,116,313
113,115,142,115,329
113,113,146,115,300
113,115,100,114,199
114,116,132,115,265
114,115,159,115,168
114,114,167,115,334
114,115,130,115,104
112,112,187,114,119
113,114,234,114,327
113,113,136,114,136
114,116,155,115,103
114,116,193,115,136
114,116,147,115,185
113,114,101,113,87
114,116,109,114,82
114,115,118,116,354
114,114,105,115,114
114,116,168,116,155
114,115,92,116,226
114,116,129,115,131
113,114,147,115,286
113,114,120,114,105
113,114,160,114,92
113,113,176,114,195
113,113,188,114,110
113,113,180,114,141
112,112,73,113,127
113,113,175,113,321
113,114,237,116,197
113,114,145,113,210
112,113,96,112,287
114,115,173,115,103
114,115,179,115,190
114,115,113,115,406
115,116,176,116,207
113,114,179,114,480
114,115,109,116,107
114,115,176,114,330
113,114,111,116,257
114,115,137,115,138
114,115,168,115,210
114,115,150,114,306
114,116,178,116,166
114,115,155,114,365
112,113,189,113,211
113,113,158,113,108
115,116,150,118,224
113,115,168,114,182
114,115,210,115,121
113,114,73,114,70
114,116,125,115,115
115,116,108,116,84
113,114,117,115,115
114,114,100,115,296
114,115,133,114,94
114,116,164,115,87
114,115,147,115,223
114,115,197,115,397
115,116,146,116,113
114,114,207,114,164
114,115,191,114,97
115,116,161,115,424
113,114,83,114,131
115,116,104,118,124
115,116,144,115,74
115,117,151,115,414
114,115,201,114,106
114,114,117,114,116
115,116,181,116,405
113,115,156,115,370
113,115,193,114,172
115,116,144,117,125
114,116,177,115,250
114,116,152,115,161
113,114,76,114,525
114,115,150,116,274
114,115,165,116,326
114,116,175,115,265
113,114,163,114,322
112,113,191,113,249
113,114,177,115,157
114,114,156,115,441
114,116,174,115,138
113,114,79,114,114
114,115,151,115,95
114,115,114,115,153
113,115,83,114,329
114,115,63,115,65
114,115,114,115,146
113,113,103,113,135
114,117,104,116,80
115,116,140,117,102
114,114,161,115,154
114,114,203,115,135
114,114,172,116,185
113,114,129,113,93
113,114,89,115,203
113,113,176,114,197
114,115,150,116,102
115,115,204,116,82
114,115,151,116,307
115,117,151,117,173
113,114,174,113,222
114,114,158,115,280
112,113,257,113,631
114,115,124,115,241
112,112,162,113,170
114,115,94,115,124
114,115,222,114,174
115,115,178,116,330
113,114,151,113,97
113,113,136,113,239
115,116,166,117,97
114,115,151,115,139
114,114,166,115,123
114,115,146,115,85
114,115,185,115,287
114,115,175,115,111
113,114,114,114,144
113,113,206,113,110
114,115,170,115,289
114,114,144,116,476
114,115,113,114,506
114,115,142,115,229
112,114,79,113,102
115,116,82,117,188
114,115,40,115,74
114,115,69,115,84
113,114,108,114,125
113,115,143,114,198
114,115,167,117,90
114,115,148,116,89
114,114,110,116,168
114,115,145,114,310
113,114,123,114,327
115,116,148,117,306
114,114,189,114,92
115,115,169,116,621
113,114,205,114,244
115,116,174,115,218
115,117,162,117,117
114,115,137,116,199
114,115,174,116,153
114,115,164,114,90
114,115,151,115,322
113,114,215,114,295
114,114,153,115,85
114,116,156,116,268
113,113,200,115,229
114,114,176,115,622
113,114,154,114,245
115,116,145,117,303
114,114,131,115,161
113,114,204,113,131
114,114,152,115,488
113,114,125,114,100
114,114,148,115,247
114,115,122,115,172
114,116,135,114,72
112,112,62,113,203
115,116,139,116,90
114,116,111,115,69
115,116,119,117,112
113,113,127,114,181
115,115,115,116,74
114,115,101,115,68
113,114,70,114,70
115,115,132,118,97
114,114,144,116,188
115,116,138,116,101
111,112,92,112,253
112,113,195,113,285
114,115,172,115,163
115,115,151,115,302
115,116,150,116,200
115,116,140,116,187
113,114,98,114,89
114,116,179,116,256
114,114,180,115,95
113,114,173,115,726
112,112,177,113,285
114,114,168,115,175
115,116,208,115,120
113,114,186,114,429
115,116,102,117,67
114,115,158,115,120
115,116,193,115,115
114,115,97,115,84
113,114,117,115,138
114,115,157,115,270
114,114,116,114,160
113,114,97,114,191
113,113,193,114,204
114,116,157,115,145
114,115,161,115,88
113,113,144,113,141
113,114,104,113,258
115,116,130,116,111
115,116,157,116,98
115,116,100,117,124
113,113,129,114,76
115,116,107,117,154
115,116,106,117,123
113,114,113,114,246
114,115,120,115,333
115,116,124,116,351
112,114,152,113,100
115,115,178,116,294
114,115,146,115,106
114,115,138,116,166
113,116,108,114,123
113,114,181,114,146
115,116,172,116,324
113,114,175,114,284
115,116,149,116,87
113,114,198,115,523
114,114,176,115,219
113,114,160,114,167
114,115,79,114,258
114,114,121,114,106
115,116,142,117,96
113,115,179,116,202
114,114,152,116,288
114,115,107,115,147
115,116,145,118,351
114,115,172,115,305
115,116,117,117,444
112,112,163,113,139
114,114,169,116,129
115,116,215,116,115
115,116,146,116,358
114,115,148,114,91
115,116,147,116,113
115,115,155,119,220
115,116,200,116,134
112,113,163,113,85
115,116,119,116,89
115,116,102,116,130
114,116,99,115,64
114,115,117,115,143
114,116,114,115,78
115,116,109,115,87
114,115,97,114,101
115,116,102,115,83
113,114,141,115,67
115,116,116,116,93
113,114,154,115,283
112,112,145,112,259
114,115,111,116,121
114,115,170,114,282
115,116,140,116,146
115,116,166,116,92
115,116,182,116,142
114,116,164,115,122
114,114,171,115,72
114,115,130,115,218
114,115,108,115,421
114,115,117,116,165
115,116,149,116,266
113,114,156,114,254
114,115,105,115,102
114,114,165,115,316
114,115,172,115,143
114,116,180,115,92
115,117,178,116,171
115,116,228,116,87
114,115,164,115,156
114,115,143,116,108
113,113,174,114,428
114,115,157,115,218
115,116,161,117,364
113,114,160,115,192
115,116,145,116,254
112,113,182,114,104
114,115,247,115,158
114,115,170,114,126
113,115,96,115,125
113,113,87,114,139
114,114,91,115,148
113,114,104,114,222
113,115,110,114,180
114,115,109,115,67
113,115,116,114,99
115,116,123,117,78
115,116,122,116,199
114,115,118,115,176
114,114,183,114,435
114,115,67,115,144
114,115,148,115,111
115,116,156,117,109
114,115,84,117,198
115,115,246,116,149
113,116,159,114,215
114,115,113,116,481
114,115,168,115,110
113,113,175,114,87
115,115,142,115,252
115,115,158,116,110
115,115,164,115,117
114,115,174,115,178
114,114,162,115,275
114,114,112,115,105
113,114,113,114,424
115,116,147,115,102
114,115,175,116,99
114,115,215,114,225
113,114,146,114,347
113,113,123,113,120
114,114,106,115,258
114,114,146,116,184
113,114,138,114,276
114,114,123,115,253
115,116,116,117,88
115,116,155,116,88
113,113,89,115,85
114,114,208,116,317
114,115,118,116,357
113,114,105,114,105
113,114,99,115,147
113,114,108,114,335
113,113,87,114,61
115,115,60,115,143
113,114,194,114,190
114,114,72,115,147
114,114,155,115,161
114,116,117,116,103
114,114,156,115,232
113,114,80,113,96
114,115,161,115,213
114,114,133,115,87
113,113,144,115,135
112,113,172,113,96
113,115,142,113,268
115,115,147,116,199
114,114,91,117,134
113,114,147,115,402
115,115,86,117,108
113,114,133,114,270
113,113,149,114,135
115,115,199,115,302
114,114,151,115,110
112,113,195,113,284
114,116,150,115,385
113,114,50,113,122
114,115,153,115,216
113,113,98,114,85
115,115,180,116,135
114,115,119,115,103
114,115,141,115,235
115,116,137,115,248
115,116,110,115,88
114,115,181,116,220
115,116,153,116,226
115,117,225,117,212
114,115,140,115,460
114,116,144,114,208
114,115,99,114,74
115,115,227,116,375
114,115,84,114,142
114,115,128,115,66
114,116,87,115,65
115,116,123,117,228
113,114,165,114,82
113,113,97,113,282
113,114,204,115,273
115,117,204,117,295
114,114,172,114,110
112,113,201,113,576
113,113,140,114,107
114,116,150,115,160
115,117,152,116,206
114,115,131,115,221
115,117,170,117,103
112,113,150,113,109
114,116,189,115,185
112,113,107,113,395
114,115,115,114,90
115,116,178,117,88
114,115,160,116,373
114,114,173,115,293
114,115,164,115,152
112,114,135,113,100
