164,165,354,166,309
163,163,539,164,834
164,165,448,166,276
164,164,451,165,1318
164,165,225,165,311
163,164,185,164,273
165,166,296,166,627
165,165,295,167,445
163,164,309,163,371
164,164,446,164,385
164,165,419,164,264
164,165,545,166,248
163,163,306,165,394
162,163,416,163,534
164,165,466,164,303
163,164,479,164,226
163,164,499,165,561
164,165,307,166,416
165,166,469,166,244
164,165,425,164,269
162,162,487,164,920
165,166,334,166,329
165,165,277,166,285
165,166,221,167,404
164,165,332,165,929
163,164,450,164,708
164,164,300,164,1831
164,164,455,165,296
164,164,412,164,872
163,164,533,164,466
163,164,512,164,967
163,164,380,164,375
164,165,711,165,518
164,165,443,166,1056
164,165,246,165,366
164,164,224,164,695
162,163,435,163,817
164,165,375,166,394
164,166,437,166,280
164,164,440,164,261
163,165,411,164,441
164,164,474,165,294
165,165,414,166,257
163,164,378,165,407
163,164,402,164,1721
163,164,530,163,273
163,163,471,164,302
164,165,518,166,310
164,164,376,164,499
164,164,223,166,191
164,164,208,165,287
164,166,357,166,273
163,164,345,164,327
164,164,359,165,544
162,163,494,163,235
164,165,408,165,399
165,166,325,165,542
162,163,343,164,715
164,165,484,165,266
164,165,595,165,404
164,165,424,164,607
163,163,250,165,267
163,164,435,165,709
162,163,309,162,238
164,164,484,164,606
163,163,345,165,306
164,165,302,165,230
163,163,366,164,209
165,166,332,165,204
164,165,282,166,662
163,164,419,164,233
165,165,422,166,1144
162,163,258,162,230
164,165,488,165,271
163,165,464,166,356
163,163,496,164,417
164,165,244,165,266
164,165,409,166,706
164,165,208,166,2369
164,164,529,165,613
165,167,475,165,392
163,165,471,163,455
164,165,316,165,222
162,163,252,162,541
163,164,156,164,333
163,163,191,163,222
164,166,460,165,526
165,166,537,165,375
163,164,482,164,475
163,163,399,165,479
162,162,367,162,607
163,164,367,163,1416
163,165,514,164,299
163,164,472,164,922
164,164,515,165,725
165,166,486,166,560
162,163,355,164,816
164,165,481,165,2138
163,164,305,164,375
163,164,504,164,321
165,166,425,167,506
162,164,461,162,281
165,166,533,166,663
163,163,563,163,440
163,163,387,163,649
164,165,282,166,440
161,162,610,162,444
165,166,346,166,1035
164,165,149,165,415
164,165,491,166,345
164,165,472,165,320
163,164,457,164,318
164,165,449,165,264
163,164,391,164,182
164,165,307,165,423
162,164,300,162,277
164,164,311,164,291
164,165,376,164,1109
164,165,398,165,287
162,164,343,163,562
165,166,427,166,430
165,166,471,166,487
165,166,357,165,945
164,165,325,166,718
163,163,540,163,560
163,165,676,165,343
164,164,510,167,238
164,165,363,166,283
163,164,451,164,229
162,163,467,162,251
165,165,393,166,324
163,164,381,164,781
164,165,325,164,224
164,165,389,165,267
164,164,475,165,423
164,165,502,165,1208
164,165,336,164,1604
163,164,524,164,270
164,165,426,166,256
165,166,435,166,424
164,165,498,165,317
163,165,532,164,1908
164,165,465,166,938
163,163,267,164,509
162,163,178,163,324
163,164,327,164,230
164,165,324,167,253
164,165,544,166,283
165,165,448,165,345
163,164,448,165,1185
164,165,455,166,569
164,165,484,165,1763
164,166,396,165,272
164,164,539,165,651
164,165,595,164,263
164,164,370,165,276
162,162,338,163,385
164,166,502,165,381
163,164,366,165,299
163,164,330,164,186
164,165,256,164,266
165,166,310,165,217
164,165,325,164,916
163,164,446,164,623
164,166,340,164,544
162,163,457,163,428
164,165,405,165,929
164,165,441,165,618
164,165,442,166,623
163,164,309,164,574
164,164,472,164,550
164,165,439,164,1487
163,164,452,164,487
164,165,324,165,425
164,165,187,166,388
164,165,331,166,323
164,164,366,166,237
163,164,456,165,541
164,165,446,164,1058
164,165,248,166,324
163,163,489,165,311
163,165,460,165,893
165,167,390,165,1003
165,167,378,167,775
165,166,242,167,300
164,164,624,165,664
162,164,384,163,1718
164,165,337,165,321
161,162,263,161,318
164,164,244,164,214
164,165,306,165,362
163,163,486,164,331
164,165,366,166,297
165,166,395,166,598
163,163,384,165,1786
164,165,473,166,1344
164,165,406,164,873
165,166,370,166,476
163,164,476,164,298
164,165,459,165,734
164,165,430,165,783
164,165,319,165,221
164,165,334,166,421
163,164,233,165,469
163,163,379,163,251
165,166,375,166,599
163,164,334,165,443
164,165,515,164,396
163,165,474,164,248
163,163,496,164,395
163,165,458,164,1638
162,162,286,163,709
164,164,424,164,451
165,165,464,166,270
165,165,396,166,443
165,165,331,166,559
164,164,464,166,206
164,165,341,165,715
164,164,341,164,211
164,164,220,165,174
164,165,298,165,294
163,165,264,163,543
164,166,476,165,1099
165,166,499,166,275
164,165,529,166,1220
165,166,433,165,380
165,165,488,166,721
165,167,375,165,733
163,165,436,164,617
164,165,313,165,278
161,161,528,162,246
163,164,530,164,304
163,164,372,165,728
164,165,279,166,410
162,162,281,163,535
165,166,376,166,520
163,163,479,164,578
165,165,378,166,258
163,164,437,165,486
165,165,445,166,262
164,166,463,166,395
164,164,391,165,452
163,164,470,165,741
164,165,327,164,577
163,164,777,164,346
164,165,437,165,283
162,165,332,163,411
165,166,507,165,838
164,166,261,166,388
164,164,245,164,374
165,166,307,167,806
164,165,219,166,245
165,165,518,168,1006
164,166,592,164,543
164,166,405,166,788
164,167,450,166,243
164,166,409,165,445
164,164,474,165,693
164,164,462,165,334
164,164,319,165,600
164,165,513,165,1178
163,164,459,164,238
164,165,393,166,218
164,165,405,164,337
164,165,331,165,325
163,164,296,164,308
164,166,325,165,986
165,167,247,166,263
164,164,242,165,653
163,164,459,163,317
164,164,371,165,633
165,165,382,167,412
165,165,422,169,876
165,166,230,166,262
163,164,520,164,257
163,163,442,164,282
163,163,440,164,624
163,163,316,165,342
165,165,486,166,288
164,165,513,164,768
164,165,289,165,427
164,166,158,165,222
162,163,544,163,931
164,164,454,165,727
163,164,508,164,435
163,165,482,165,266
165,166,281,166,342
164,164,520,165,599
164,166,404,165,484
164,164,486,165,230
162,163,408,163,770
162,163,376,162,1248
164,165,545,166,502
164,164,409,166,531
164,165,482,165,300
163,164,325,164,170
164,164,297,165,181
164,165,358,165,469
163,164,353,164,476
163,164,508,164,253
162,163,538,162,835
163,164,552,163,774
164,164,299,166,372
163,163,323,165,302
164,164,464,165,316
164,164,478,164,408
165,166,412,166,438
163,164,485,164,620
164,165,482,165,451
164,164,473,165,422
163,164,541,165,320
164,165,420,165,332
163,164,338,164,272
164,165,369,165,391
164,165,311,165,529
164,164,348,164,241
164,165,424,165,453
165,166,552,166,296
164,165,367,166,610
162,164,545,162,707
165,166,540,165,1026
163,164,505,164,262
161,162,664,165,689
164,165,425,164,286
164,164,483,165,324
163,164,432,165,253
165,166,515,166,262
163,164,489,165,213
163,163,338,165,332
164,164,253,166,173
165,166,384,165,303
165,165,391,167,365
164,165,532,165,597
164,164,432,165,269
164,165,432,166,622
163,165,399,164,2443
163,163,411,163,231
163,164,424,164,282
163,164,502,164,427
164,165,387,166,289
163,164,508,164,375
164,165,441,165,231
162,163,291,162,302
164,166,265,165,396
164,164,305,164,228
164,165,343,166,168
162,164,362,163,493
164,165,458,165,517
164,165,350,165,317
164,164,292,165,286
165,166,400,166,600
165,167,478,166,317
164,165,248,165,887
164,165,533,165,314
164,166,444,165,613
165,165,453,167,459
164,164,369,165,279
164,165,430,164,311
163,164,452,164,375
162,163,238,163,472
165,165,392,167,382
163,165,253,165,186
164,165,138,165,395
164,165,326,165,181
164,164,284,164,793
164,165,370,165,355
164,165,497,165,446
165,167,430,165,886
164,165,556,165,261
163,163,438,164,563
162,162,273,162,307
163,164,471,164,292
164,166,482,165,743
165,166,412,166,285
164,165,469,166,256
163,163,514,163,282
164,166,320,166,1422
164,164,274,165,881
165,166,288,166,609
163,164,259,164,572
164,165,441,164,283
164,165,426,165,320
164,165,467,164,259
164,165,275,165,465
162,163,451,162,287
164,165,403,165,490
165,166,434,166,304
164,165,474,164,248
163,163,499,164,441
162,162,917,163,1452
163,163,477,164,333
163,164,365,165,496
163,163,363,164,304
162,162,370,164,994
163,164,236,164,207
165,166,181,166,398
164,165,416,166,581
161,162,219,162,415
164,165,341,165,742
163,163,391,164,455
162,163,201,165,268
164,165,408,165,253
165,166,417,166,560
164,165,399,164,578
164,166,529,166,864
164,165,413,164,394
164,165,438,165,574
163,163,455,164,404
162,162,482,165,522
162,163,477,163,414
163,164,327,164,192
165,165,314,167,438
163,164,669,164,427
164,166,527,165,256
164,165,488,166,821
164,165,549,165,529
165,165,418,166,467
165,166,355,166,324
162,162,461,163,318
162,164,463,163,306
164,165,366,165,456
164,164,405,165,243
163,165,608,164,494
164,165,572,165,279
163,164,326,164,1070
164,165,332,164,606
162,162,237,163,190
165,166,321,166,286
165,166,329,166,396
164,165,457,165,777
163,164,489,164,753
164,166,453,165,878
164,165,348,165,537
164,165,378,166,1185
164,165,430,166,703
163,163,476,163,641
165,166,407,165,452
165,166,453,166,619
164,165,429,165,224
165,166,371,166,435
164,164,268,165,600
164,165,268,166,313
165,166,299,166,287
165,166,417,167,325
164,165,467,165,253
163,163,412,163,396
164,166,457,166,421
163,163,406,165,285
164,165,487,165,266
164,167,260,164,1262
165,166,488,167,394
164,165,424,166,596
164,165,484,166,412
162,163,207,163,455
163,163,455,164,577
164,164,462,165,231
165,166,324,167,988
164,164,341,164,269
165,166,298,166,176
164,165,288,166,344
162,162,355,164,536
164,164,265,164,425
164,164,450,165,598
163,164,382,164,265
164,164,663,166,308
163,163,550,163,732
164,165,497,166,610
164,164,253,164,539
165,167,343,166,627
164,165,340,165,733
165,166,435,166,495
163,163,369,164,564
163,165,316,164,338
164,165,220,165,389
165,166,287,165,171
163,164,351,164,322
164,166,285,164,269
165,165,449,166,804
163,164,225,164,268
163,164,521,163,335
164,165,454,167,308
163,164,563,164,638
164,165,442,165,596
164,166,555,165,820
164,164,392,165,309
164,166,366,165,536
165,166,455,166,969
164,165,372,164,290
165,166,433,166,465
165,166,320,166,619
163,163,235,164,402
164,165,263,164,412
165,166,405,165,421
163,163,570,165,526
165,165,431,167,630
165,166,340,168,461
165,165,447,166,283
164,165,358,165,465
165,166,443,165,324
165,166,450,165,670
164,165,477,165,1073
165,167,552,166,494
164,165,511,166,395
164,165,538,164,749
163,164,235,163,378
165,166,292,166,309
164,165,311,165,229
163,163,346,164,640
164,164,511,164,1054
163,164,451,165,299
163,164,439,163,454
163,164,204,164,578
164,165,448,166,260
164,164,480,164,556
163,164,506,164,417
165,165,494,166,271
162,163,455,162,815
164,165,403,164,299
165,166,396,166,279
164,165,546,164,939
163,164,322,163,206
163,164,273,164,564
165,166,327,165,180
163,164,227,165,193
164,165,333,165,436
165,166,410,167,422
163,165,349,164,1354
163,164,473,165,249
164,164,349,165,926
164,164,475,165,1056
164,165,506,166,1307
164,164,429,166,568
162,162,515,162,317
162,163,414,164,258
165,166,433,167,239
163,164,341,164,208
164,165,336,165,172
163,163,217,164,233
165,166,291,166,600
165,166,302,166,1047
162,163,477,164,672
165,166,457,166,766
164,166,443,166,557
164,164,460,164,279
163,164,318,164,293
165,165,507,166,263
165,166,466,165,528
164,165,427,166,495
163,164,310,164,582
164,164,440,164,832
164,166,482,166,242
163,164,492,165,344
163,164,305,163,336
165,165,317,167,340
162,163,390,164,319
164,164,424,165,281
164,165,412,166,443
164,165,373,165,621
164,164,396,165,656
164,165,424,164,861
164,164,437,166,342
162,164,466,164,635
163,164,458,165,298
164,164,343,165,695
164,166,323,165,1567
165,167,349,165,432
163,163,297,164,539
164,165,325,165,215
164,165,320,165,172
163,164,314,164,310
165,167,311,167,2019
164,164,490,164,690
163,165,350,164,540
164,165,524,164,615
164,165,443,165,625
163,164,453,163,487
164,164,433,165,894
163,164,395,164,607
163,163,589,164,308
164,164,457,165,873
165,166,325,166,198
164,164,327,164,712
163,164,356,164,274
165,167,246,166,248
164,165,532,164,739
163,165,450,163,1629
165,165,494,166,757
165,167,344,166,1287
164,165,462,166,416
163,164,419,164,533
164,164,136,165,411
164,164,463,166,406
164,165,535,165,587
163,164,393,164,312
164,164,315,167,172
163,165,302,164,170
164,164,323,164,163
164,165,312,165,196
164,165,423,165,524
163,164,491,165,1338
163,164,344,165,455
165,165,447,167,552
164,165,500,165,1004
164,165,519,165,270
164,165,448,164,243
164,165,394,165,883
164,166,439,166,1203
163,163,332,164,267
164,165,481,165,273
165,166,362,166,182
163,164,327,163,417
164,165,398,165,1052
165,165,512,166,244
164,166,433,166,282
164,165,459,164,929
164,166,560,165,391
164,165,467,166,723
163,164,535,165,431
165,165,372,166,753
163,164,346,163,736
164,165,350,164,762
164,164,467,165,310
164,164,560,165,1327
161,163,338,161,288
163,165,314,164,1362
165,166,336,166,773
164,166,403,165,712
163,165,277,165,549
163,164,265,163,1041
163,163,243,165,959
163,163,335,163,399
164,164,453,164,461
165,166,375,167,308
164,165,555,166,399
164,164,416,164,421
164,166,460,165,272
165,165,515,166,264
163,164,223,165,447
165,166,343,167,375
163,164,269,164,572
162,163,282,164,234
163,165,375,163,727
164,164,348,165,269
164,165,449,164,616
165,166,460,166,1396
163,163,423,163,380
164,166,560,165,379
164,165,495,164,265
164,165,454,166,264
163,165,511,164,523
164,165,465,165,317
164,165,440,164,255
163,165,150,164,626
164,165,232,166,780
163,164,378,165,464
165,165,290,166,224
164,164,340,166,553
165,166,439,167,1779
163,164,472,164,695
164,165,478,164,729
165,167,456,166,572
165,166,460,168,461
164,165,538,165,841
163,164,417,164,841
162,163,416,162,921
165,166,302,166,186
163,164,216,165,317
164,166,315,165,396
165,167,326,166,380
164,165,437,165,1205
165,166,447,166,261
164,165,435,166,245
165,165,448,167,886
163,164,562,164,859
163,164,513,164,620
164,164,442,165,442
164,164,493,165,504
165,165,395,166,774
163,164,652,164,621
164,166,294,166,185
164,165,272,165,411
163,163,294,165,349
164,165,316,165,220
165,166,412,165,301
164,165,454,165,548
164,164,175,165,259
164,165,467,166,1029
164,165,404,165,415
164,165,484,165,455
163,164,441,164,407
163,164,391,164,317
162,162,356,163,247
162,164,531,162,246
165,166,432,166,291
165,167,457,167,407
164,165,377,165,292
164,164,420,165,214
164,165,373,165,567
164,165,353,164,309
164,166,323,165,194
162,164,135,163,359
164,166,306,165,416
164,164,465,164,260
162,163,622,162,946
164,164,432,165,951
164,165,453,164,441
164,166,250,165,727
163,163,436,164,634
164,167,804,166,1716
164,165,467,166,539
164,166,608,165,937
163,163,419,164,204
164,165,374,164,211
164,165,415,165,429
164,165,312,164,1207
165,166,526,165,649
164,164,517,164,373
164,164,453,164,490
163,164,373,165,978
165,166,502,166,329
164,166,294,165,657
163,164,782,164,457
165,165,672,167,2183
163,164,624,163,601
165,166,483,166,269
163,164,561,164,299
162,163,443,164,1194
165,166,325,166,561
163,164,313,165,480
163,163,457,164,859
164,165,498,164,1060
164,166,363,165,277
163,165,486,164,1582
165,165,454,166,1209
164,166,445,165,950
162,164,383,163,414
163,164,307,165,1025
163,164,402,163,241
165,166,339,166,393
164,164,337,166,207
165,167,326,167,230
164,165,311,166,515
163,163,357,165,376
163,164,333,165,448
164,165,472,165,332
160,161,499,162,443
163,164,539,164,552
164,164,608,165,682
164,165,388,166,1355
164,166,390,166,253
164,165,1168,165,1040
164,165,462,165,1287
163,165,419,164,417
164,165,329,165,390
164,164,174,166,174
164,164,377,166,506
164,165,560,164,329
163,164,501,164,418
163,166,458,165,266
165,165,421,165,561
164,165,481,165,672
164,165,327,167,684
164,166,247,165,306
164,164,395,166,530
165,165,329,167,1033
164,165,545,165,592
163,163,621,165,536
164,164,507,165,1168
163,164,409,163,252
163,163,320,164,272
164,165,246,166,1706
164,166,470,165,648
165,167,566,167,766
165,166,454,165,619
163,164,560,163,324
164,166,481,164,416
163,165,428,164,299
165,166,448,166,294
165,165,479,166,413
165,166,377,166,270
162,162,365,163,605
163,163,368,163,279
165,165,442,166,251
165,166,463,167,724
164,164,444,165,238
164,165,332,165,340
164,165,370,166,252
164,165,350,164,411
163,165,301,164,218
164,164,498,165,387
163,164,608,164,314
163,165,611,165,383
163,164,233,163,277
165,165,441,165,602
163,164,467,163,407
165,165,477,166,356
164,164,439,165,1829
164,164,354,165,238
164,164,540,164,247
163,164,662,163,933
164,165,361,166,285
164,166,364,166,293
164,164,325,166,218
163,164,348,163,376
164,164,462,165,606
163,164,419,164,265
164,164,520,166,843
163,164,301,164,592
164,165,528,166,802
162,163,548,163,369
164,165,283,165,251
164,165,453,166,386
165,166,398,166,622
162,162,525,164,1434
164,165,533,166,287
163,166,415,164,801
165,165,387,166,302
163,164,360,163,239
164,165,357,166,731
162,163,234,163,258
162,162,498,164,339
165,167,504,165,647
165,166,630,166,280
165,165,393,165,318
163,163,464,164,304
162,163,526,163,684
164,164,419,165,244
163,164,592,166,266
164,164,468,164,299
164,164,321,166,595
164,165,487,165,270
164,164,469,166,1048
164,165,293,165,327
164,165,421,164,252
163,164,323,163,379
164,164,318,166,254
164,165,353,166,1844
163,165,373,164,1161
164,165,400,165,343
165,166,435,167,492
163,163,444,165,696
165,165,466,165,788
163,164,303,165,603
164,166,450,165,504
164,165,501,166,853
165,167,468,166,548
165,165,431,166,1124
164,166,348,165,213
163,163,455,163,214
164,166,330,165,309
164,165,325,165,505
163,163,512,163,1309
163,164,488,164,1074
164,166,488,166,325
164,165,335,164,329
164,165,410,166,463
164,165,445,165,370
162,164,432,164,578
164,164,499,164,273
164,165,368,164,1105
165,166,484,166,480
161,162,576,162,571
165,165,485,165,250
164,165,347,164,757
165,166,302,166,319
165,165,266,167,523
164,164,406,165,494
163,163,339,164,320
162,163,517,163,396
164,164,405,165,398
164,166,593,165,458
164,165,457,166,636
163,164,509,164,359
164,164,303,164,527
163,164,457,166,559
164,166,471,165,645
164,166,489,165,232
163,164,359,164,265
164,166,446,166,457
163,164,555,164,410
164,165,277,166,334
162,163,345,163,340
162,163,199,164,390
162,162,288,164,207
163,164,463,164,289
164,165,592,165,779
164,165,465,164,675
164,165,503,164,1174
162,164,450,162,309
163,166,295,163,254
164,165,449,165,263
165,165,461,166,709
164,165,438,166,435
163,165,505,164,815
164,164,501,165,615
162,163,428,162,217
164,165,175,164,340
165,165,316,167,623
164,164,309,165,207
164,164,299,164,221
164,165,384,165,684
163,163,512,164,725
164,165,240,165,274
165,166,438,167,1205
163,163,292,164,281
163,164,196,165,669
163,163,323,163,271
162,164,347,164,600
165,165,441,167,308
164,164,432,165,411
165,167,395,165,701
164,165,419,166,571
165,165,331,166,303
164,165,336,166,716
164,166,306,166,335
165,165,273,165,780
163,164,254,165,257
165,166,329,166,248
162,163,436,163,646
165,166,426,167,890
164,164,319,165,379
164,165,432,165,395
165,166,410,166,415
164,165,443,165,536
164,165,451,164,241
163,164,493,164,345
163,164,315,165,540
165,166,409,166,247
164,164,443,165,254
164,165,364,165,196
163,164,363,165,588
163,164,334,163,407
165,167,317,166,658
163,163,432,164,1139
163,164,436,164,434
163,164,451,164,647
164,164,505,165,917
164,164,485,165,1124
164,166,449,167,497
163,164,612,163,402
162,163,397,164,861
163,164,368,163,248
165,165,402,165,723
164,165,336,165,340
164,165,402,165,339
165,166,477,165,214
164,166,410,166,236
162,163,610,163,536
164,165,444,165,429
164,165,508,165,374
164,165,426,165,899
163,164,310,164,660
165,166,480,167,464
164,165,551,166,1713
165,166,591,165,341
162,163,354,164,1041
163,164,583,163,367
163,164,480,164,1109
165,165,569,166,269
164,164,416,165,496
164,165,552,165,451
164,166,340,166,327
163,164,271,164,297
163,163,390,165,374
164,166,438,166,289
164,165,490,166,318
164,165,461,164,319
164,165,375,165,456
164,164,309,164,468
165,166,415,166,990
164,165,453,165,417
163,164,480,163,836
164,166,413,164,277
164,164,451,164,512
165,166,484,165,838
164,165,462,165,453
164,165,383,165,416
164,166,295,165,1310
164,164,429,164,974
164,165,253,166,313
165,166,429,168,1280
162,163,594,162,265
164,164,442,164,782
162,163,491,164,1053
164,165,443,165,705
165,165,431,167,268
164,165,758,165,408
165,166,269,166,579
163,164,325,164,681
165,166,282,167,227
165,166,328,166,187
164,165,306,165,295
164,164,313,166,1018
165,165,411,167,283
164,165,410,164,442
164,166,474,165,438
164,164,348,165,1413
164,164,496,165,301
165,165,309,166,330
164,165,306,166,666
