204,204,588,206,514
204,204,994,205,539
204,204,891,205,1464
202,202,579,202,1203
205,206,958,206,861
203,204,794,204,738
203,203,681,205,466
204,205,622,205,955
203,205,639,205,2151
204,205,889,205,450
204,204,916,205,761
203,203,670,203,430
204,205,1357,207,1451
203,206,987,204,553
203,204,776,205,958
205,205,652,206,363
204,205,656,205,355
205,206,424,206,1390
204,205,776,205,1307
203,203,614,204,992
203,204,983,205,772
202,204,445,204,1759
203,204,951,204,1502
204,204,781,205,853
204,205,597,204,754
204,204,737,205,414
205,207,885,206,596
205,206,796,207,818
204,206,857,204,499
203,204,872,204,811
205,206,826,205,471
205,206,821,207,500
204,205,1270,205,860
202,203,707,203,1291
203,204,795,204,559
204,205,951,206,556
203,205,306,205,533
204,205,727,206,448
204,206,886,205,849
203,204,529,204,961
204,205,806,206,1346
203,203,676,204,672
205,205,547,207,879
204,207,1036,205,691
203,204,587,204,999
204,205,769,205,1221
204,206,889,206,704
203,204,525,204,1034
204,205,842,205,1567
203,205,718,204,517
204,205,660,205,1604
203,203,502,205,1523
202,203,746,202,3165
203,203,832,204,468
202,204,756,202,1566
205,206,764,206,366
204,206,451,206,1375
204,205,873,206,1263
205,206,782,207,429
204,205,985,205,1380
203,204,963,204,437
204,205,691,205,1225
204,206,918,205,1926
204,206,427,205,1322
203,203,446,204,488
203,204,897,204,433
205,207,567,205,763
204,205,1926,205,1600
204,205,547,205,581
205,206,823,206,1739
205,206,607,205,784
203,204,628,203,708
203,204,1144,204,2298
204,205,751,204,822
204,204,906,204,1829
204,205,561,205,1011
203,204,786,204,495
204,205,689,205,549
204,205,622,204,1393
204,204,893,204,1831
204,205,804,205,812
204,205,646,205,950
205,207,827,206,499
203,204,358,203,467
204,204,458,205,558
204,205,766,205,536
203,203,732,204,876
204,205,530,204,393
204,204,1094,205,2674
204,206,608,205,1723
203,204,974,203,966
203,203,703,203,1319
205,205,806,205,907
204,205,546,206,344
204,205,587,205,2142
204,204,535,204,518
204,205,833,206,556
203,203,623,204,517
202,204,713,204,658
205,205,785,206,546
203,204,739,203,761
204,205,765,206,679
203,205,778,204,361
204,205,469,205,312
203,204,781,204,726
205,206,838,206,473
203,203,541,204,523
204,204,787,204,710
205,205,875,207,475
204,205,821,207,794
205,205,801,206,973
204,204,870,205,1903
203,204,839,204,1002
204,205,676,205,560
204,205,964,205,1349
202,203,356,204,877
203,205,748,205,670
203,205,971,203,460
202,202,506,204,699
203,204,796,204,768
204,205,787,207,482
204,205,806,204,500
203,204,627,204,1325
204,206,878,206,996
205,207,868,206,1049
204,205,500,206,1604
204,205,826,205,489
204,206,838,204,1071
205,206,693,205,1000
202,203,658,203,851
203,203,258,204,1177
204,205,795,205,538
204,205,713,204,1823
205,206,832,205,566
205,206,916,206,584
204,205,794,204,472
204,204,844,205,533
204,206,765,205,1061
202,203,397,203,1465
204,205,424,205,455
202,203,1030,204,488
204,205,873,205,475
204,205,880,204,963
205,207,736,207,440
204,205,836,204,1070
204,205,771,205,457
204,206,1120,206,421
204,204,563,205,880
204,205,506,205,1255
203,203,896,205,2582
203,203,595,205,408
202,205,532,203,766
204,204,920,205,2235
203,204,1077,204,821
204,205,661,205,385
204,206,431,205,611
204,205,619,204,585
202,202,912,202,965
204,205,827,206,493
202,202,942,203,968
204,205,796,206,425
204,206,780,206,1987
202,204,747,202,327
204,205,502,205,350
203,204,489,204,1156
203,204,928,204,1382
204,205,744,206,1584
204,205,800,205,3202
204,204,716,207,496
204,205,701,205,1455
204,205,591,205,1480
202,203,946,203,955
205,207,915,207,1468
203,204,813,203,669
203,204,677,204,1917
204,206,758,207,561
204,204,585,205,719
203,204,532,205,932
204,206,765,205,1298
203,204,576,203,1260
204,206,832,206,492
203,205,941,204,507
204,205,465,204,1986
203,205,563,204,1059
202,203,471,203,373
203,204,642,203,778
203,204,862,203,1709
203,204,738,204,1209
204,205,802,205,427
203,203,499,204,539
204,205,966,204,538
204,204,457,205,703
202,204,539,204,1010
205,206,575,205,401
201,201,676,202,484
204,206,508,205,445
204,205,769,205,514
203,204,883,205,675
204,205,819,205,468
205,206,802,206,434
204,205,608,205,1213
204,206,816,204,678
204,205,579,205,382
203,205,600,204,316
203,204,628,204,686
204,205,765,206,1318
204,206,777,206,723
205,206,802,206,710
203,204,943,205,1271
204,205,843,204,478
204,204,792,206,698
204,206,723,205,408
204,204,628,205,862
202,202,924,202,407
203,204,941,203,1729
203,204,506,205,435
203,204,908,205,421
205,206,862,206,1767
203,204,513,204,465
204,206,821,205,2051
204,205,728,205,554
202,203,843,203,454
204,205,772,205,463
204,206,765,205,553
204,205,844,205,438
203,203,617,203,1704
204,205,996,204,678
202,204,951,202,709
204,205,526,205,1078
204,204,729,205,1712
203,204,938,204,450
203,204,730,205,1710
204,205,704,205,1195
204,205,862,205,462
204,204,838,205,1361
202,203,726,204,1577
203,204,853,204,1650
203,204,719,204,498
204,205,729,204,786
205,205,893,205,1394
203,204,1000,204,435
203,203,855,205,577
205,206,522,207,538
205,206,630,206,713
204,204,324,205,460
205,205,985,206,526
204,205,953,205,809
203,204,928,204,1415
205,206,941,205,546
205,206,883,207,1502
203,204,453,204,344
203,204,639,204,556
203,204,565,204,1663
203,205,435,204,1400
205,206,806,207,467
204,206,899,204,420
204,205,728,205,535
202,203,1111,203,1052
202,203,741,204,504
205,207,565,206,539
204,205,597,205,740
205,206,640,205,426
203,205,846,204,647
204,205,1168,204,1685
202,202,845,203,1287
203,204,731,204,1405
203,205,787,204,377
204,205,546,205,862
202,203,683,202,891
204,206,759,205,1712
204,204,582,205,478
202,203,846,203,1981
204,206,822,205,487
204,205,815,205,1528
204,205,531,205,517
203,204,430,203,405
204,205,468,205,471
203,203,825,205,1752
204,205,807,206,945
203,204,602,205,675
204,206,642,206,974
205,208,652,206,623
203,205,874,204,510
204,206,598,205,408
204,205,572,205,413
205,205,528,207,458
203,204,800,205,417
203,204,634,204,718
205,206,764,206,963
202,203,514,203,543
204,204,767,206,447
203,205,663,204,4670
204,205,715,206,3219
203,204,848,204,700
204,205,873,206,465
203,203,658,205,915
205,206,804,206,2347
203,203,735,205,330
204,204,584,205,381
203,204,820,204,1486
205,206,664,207,1115
203,204,825,203,428
205,206,881,206,804
205,205,780,206,1513
204,206,730,206,838
203,205,636,204,339
204,206,609,206,695
204,206,674,205,2492
203,204,698,203,508
204,207,723,206,461
203,204,955,204,433
205,207,885,206,483
205,206,900,206,814
203,204,640,204,369
202,204,665,202,361
203,205,774,204,769
203,204,458,203,999
203,204,569,205,1779
204,205,845,205,523
202,202,752,203,671
201,202,1032,201,395
203,204,672,205,757
204,204,786,204,998
204,204,403,205,467
203,203,554,204,1054
204,204,814,205,1080
204,205,550,205,753
205,206,623,205,1195
204,205,957,206,1860
202,203,567,204,779
203,203,803,205,454
205,206,703,206,341
204,205,388,205,849
204,204,864,206,549
203,203,955,204,1406
205,206,782,207,1535
202,204,562,203,613
203,204,1175,206,897
203,203,587,204,1953
205,205,752,205,602
204,204,636,206,449
202,202,754,203,562
204,204,894,206,784
203,204,537,203,774
205,207,748,206,990
204,205,1096,204,2631
204,205,764,206,675
204,205,1179,205,479
204,205,1158,206,751
204,205,691,204,763
204,205,701,204,822
203,204,871,204,681
204,205,913,204,1179
203,203,618,204,2090
205,206,779,206,659
204,204,877,205,509
203,203,902,204,1358
203,204,713,205,765
203,203,697,204,344
204,205,830,205,523
205,206,998,205,717
204,206,947,204,623
203,204,1085,204,566
203,205,1000,204,1039
204,205,860,205,1777
205,205,928,205,949
204,205,335,206,1024
203,204,545,205,844
205,206,869,205,700
204,206,856,206,2644
203,204,755,203,430
204,205,941,206,1493
205,205,829,205,602
204,205,900,206,505
203,203,824,204,864
203,204,929,204,1136
204,205,1000,205,529
202,203,1061,203,2056
205,206,809,206,1092
203,204,804,204,1613
203,204,765,204,546
203,204,902,203,649
205,206,441,206,2424
204,204,1008,206,1098
204,206,406,205,501
204,204,919,206,542
204,204,1080,206,1758
205,206,1130,207,892
202,203,839,202,1070
203,204,905,204,604
204,204,595,204,372
202,203,967,203,1043
203,204,983,205,1600
204,204,894,206,563
203,204,1009,204,540
204,205,1104,206,1321
203,204,1118,205,676
205,206,844,205,519
204,205,1003,204,494
203,203,592,204,650
203,204,496,205,508
204,206,739,205,1366
203,204,893,205,585
203,204,591,204,819
204,204,861,205,551
202,203,1013,203,870
204,206,870,206,789
203,203,1016,204,2926
204,205,719,205,417
204,205,642,207,443
204,206,883,204,1089
204,205,793,205,881
204,205,557,205,2355
204,205,1006,204,518
203,203,634,205,1525
204,204,853,205,1028
202,203,960,202,406
205,206,458,206,408
202,203,905,203,727
205,206,614,206,535
204,205,1045,206,1112
203,204,801,203,933
204,205,1045,205,508
204,205,1024,204,589
205,206,982,206,548
203,204,670,203,2221
202,203,911,203,444
204,205,697,205,361
204,205,763,205,553
204,205,901,204,1143
204,206,594,206,1105
201,202,1250,202,1056
203,204,823,203,1463
204,204,646,206,1204
204,204,588,205,912
203,204,631,204,907
203,205,951,204,1120
204,205,939,205,638
205,206,890,205,462
204,205,862,204,854
203,204,938,204,664
204,205,650,206,1672
203,204,968,203,509
204,204,612,205,722
204,204,379,204,1338
203,203,806,204,1858
204,205,957,205,2025
204,204,779,206,800
204,204,851,206,537
202,203,880,203,619
204,205,862,205,579
203,204,800,204,386
204,205,394,205,997
204,206,783,206,446
204,206,839,205,712
203,204,901,205,805
204,204,829,205,1649
202,203,858,203,1206
203,204,976,205,1275
204,205,442,204,4020
203,204,501,204,501
203,204,1320,203,1569
202,203,883,203,1636
204,205,855,206,414
204,204,608,205,973
203,204,571,204,443
205,207,816,207,566
203,204,628,206,695
204,204,885,206,499
205,206,987,206,627
205,206,763,207,2626
203,204,898,204,456
205,205,535,206,339
204,205,493,206,303
203,203,600,205,738
204,205,781,204,507
204,206,753,206,1455
202,202,930,202,438
204,205,812,205,501
204,205,626,206,785
205,206,871,207,1181
204,205,662,207,378
203,204,468,205,345
204,205,585,205,787
202,203,705,203,485
203,203,356,204,781
203,204,393,204,325
204,205,837,205,437
203,205,933,204,1468
204,204,695,206,1332
204,206,939,205,1189
204,205,590,205,525
204,205,560,205,1023
202,204,948,203,1158
202,202,797,203,413
204,205,824,204,1000
203,204,582,203,671
204,205,916,204,1451
203,204,1032,204,877
205,205,616,206,389
204,204,580,204,565
205,207,979,206,733
202,203,648,203,697
204,204,750,206,1732
203,204,890,204,469
203,204,935,206,507
204,204,904,204,1027
204,205,651,205,318
204,205,521,205,580
205,207,540,206,376
204,205,572,205,666
203,203,918,204,549
202,202,829,202,450
204,205,842,205,478
204,206,630,205,929
204,204,508,205,583
204,205,995,206,512
203,205,633,205,430
202,203,744,203,768
204,205,670,206,494
204,205,372,204,801
203,204,929,203,503
205,205,821,205,447
204,205,913,205,466
203,204,974,204,1538
204,205,881,205,1209
204,205,971,205,593
203,205,676,204,899
202,204,785,203,420
205,207,911,206,804
204,204,973,205,1013
204,205,966,206,1430
204,205,874,206,464
205,206,804,207,449
202,203,934,203,493
204,204,654,205,1064
204,206,269,206,374
204,205,819,205,1554
205,205,503,206,1034
202,202,788,203,1677
203,205,953,204,736
203,203,621,204,1595
203,204,941,205,431
204,204,645,206,2367
205,206,754,206,1191
203,204,804,205,947
204,205,733,204,833
204,205,791,205,974
205,206,853,205,799
203,203,694,204,339
204,205,425,205,690
205,205,423,206,847
203,203,847,204,696
202,203,766,203,433
204,204,1102,206,2776
204,205,667,206,475
203,204,854,204,707
203,203,1307,204,401
205,206,538,207,683
203,204,790,204,475
203,204,948,204,724
204,205,738,205,503
203,204,624,203,768
205,206,939,206,758
204,204,858,204,451
204,206,805,205,1282
201,202,905,204,489
204,206,631,205,863
203,204,502,203,434
203,203,746,204,425
204,205,823,207,466
203,204,488,204,415
203,204,819,204,667
204,204,728,205,651
204,204,936,205,794
203,204,868,204,723
205,206,736,206,969
204,205,593,204,345
203,206,547,205,1500
204,204,743,204,437
203,204,991,205,776
204,205,796,205,2721
205,205,829,207,541
203,204,843,204,1205
202,203,688,203,356
202,203,471,202,297
204,205,808,205,1059
203,203,412,204,571
204,204,858,205,1593
202,203,765,203,807
204,204,860,205,492
203,204,826,204,1441
204,205,823,205,838
204,205,422,205,398
204,204,607,206,506
205,207,778,205,1477
205,206,548,205,410
202,202,651,203,956
203,205,995,203,921
202,204,782,203,484
204,205,720,204,1693
203,204,685,205,1279
204,205,708,204,475
202,203,1671,203,1408
203,203,1021,204,456
204,206,867,205,484
203,204,702,204,1456
204,204,553,205,1582
203,206,631,204,374
205,206,563,205,1091
205,206,421,206,760
204,206,361,204,737
204,205,1278,205,725
204,205,614,205,958
204,204,691,206,698
203,203,833,205,972
203,204,914,203,1496
204,205,294,205,1430
204,206,836,206,1958
203,205,881,204,448
203,204,766,206,532
203,203,610,205,1012
204,206,894,205,906
203,203,832,204,1761
203,205,530,205,251
205,206,406,206,397
204,204,884,204,799
204,205,780,205,1324
202,202,628,203,1237
205,207,941,207,419
204,205,834,206,2545
204,205,834,205,368
204,204,595,205,684
204,205,716,206,801
203,203,563,204,1286
204,205,808,205,2086
204,206,890,206,1794
203,203,1115,205,1380
204,204,622,204,756
204,206,473,205,472
203,204,748,204,2041
203,204,949,204,1902
203,204,1001,204,456
204,206,1031,205,674
203,204,773,204,941
204,205,604,205,583
203,204,480,205,1057
203,204,850,204,504
204,205,932,206,4265
204,207,638,205,761
203,204,890,204,2753
205,206,738,206,2525
202,202,866,203,1796
204,205,514,207,645
203,204,712,204,464
205,206,567,207,452
204,205,591,205,1154
203,203,544,205,505
203,205,663,204,294
204,205,662,205,488
205,206,863,207,1294
204,205,726,206,534
203,204,864,204,1044
203,204,1010,203,441
204,204,824,207,756
204,206,631,204,907
202,203,690,204,555
202,203,459,203,478
205,207,487,206,639
202,202,729,203,1004
204,204,830,205,1411
204,205,817,205,472
202,203,876,204,1196
204,205,746,206,469
204,205,755,205,1004
204,205,420,205,546
203,203,623,204,515
205,206,630,207,473
205,206,939,207,576
204,205,969,205,434
204,204,846,205,831
202,203,494,203,1249
204,204,1117,206,1996
203,204,1190,205,540
204,204,686,206,319
204,205,748,205,990
205,206,900,205,683
204,205,776,204,559
203,204,678,205,982
203,205,826,204,410
203,204,685,204,716
204,205,785,205,1322
202,202,844,204,888
204,205,527,206,1315
204,206,583,205,470
204,206,810,205,728
203,203,923,204,440
202,202,742,203,983
204,205,801,206,771
204,205,873,205,461
204,204,668,205,491
204,205,696,204,842
205,206,554,206,369
203,205,764,204,425
203,204,1076,205,449
204,204,885,205,1014
204,205,604,206,518
202,203,650,203,1409
204,205,753,205,442
203,203,803,203,560
205,206,801,206,1520
204,205,572,204,378
203,203,811,205,1356
204,204,715,205,435
205,206,823,207,1445
204,204,745,205,469
204,205,725,205,1278
203,204,1736,205,823
203,204,609,205,673
203,204,549,205,424
204,205,812,207,1046
204,204,759,206,433
203,204,929,204,453
203,203,796,204,687
202,203,836,204,670
205,206,729,205,1440
205,207,769,206,818
203,204,608,205,314
205,205,449,206,341
204,204,819,206,792
203,205,783,203,776
205,206,802,206,1557
204,204,732,204,1190
203,204,737,204,1284
205,205,754,206,389
203,204,699,204,548
203,206,714,204,512
204,206,385,206,504
205,207,718,206,488
203,205,726,204,516
202,203,922,203,968
204,206,865,204,487
205,206,795,206,783
203,203,926,205,686
201,203,778,202,546
204,204,720,206,367
203,204,423,205,338
204,205,521,205,371
203,204,837,204,761
204,205,924,204,592
203,204,740,204,788
203,204,549,203,897
204,205,662,207,1028
202,203,969,202,434
203,204,721,204,2095
202,203,593,202,517
204,205,740,205,937
204,206,807,206,1632
204,205,678,205,570
203,204,798,203,789
203,203,789,204,1726
204,205,840,206,940
203,204,588,204,698
205,206,548,205,894
204,204,832,206,1789
203,206,851,203,777
205,206,883,207,1437
204,205,895,205,436
205,206,809,207,428
204,204,799,205,1169
203,203,462,204,364
203,204,670,204,428
205,206,787,206,495
203,204,785,204,437
205,206,784,206,672
205,206,740,206,523
205,206,801,207,1455
204,205,595,205,798
204,206,908,205,708
205,205,522,205,890
203,203,535,203,359
205,206,752,206,6267
203,204,918,205,507
203,205,642,204,1223
204,206,847,204,406
204,205,534,206,299
204,204,610,205,438
204,206,906,205,704
205,206,852,208,566
204,205,638,205,780
204,205,819,205,429
204,204,826,205,732
205,206,559,207,442
204,205,836,204,1025
202,202,561,202,724
203,203,504,204,2695
203,205,867,204,480
203,204,758,204,477
204,204,1007,205,1019
204,205,917,206,1835
205,206,732,206,763
204,204,712,206,566
204,206,583,205,308
203,204,643,204,926
203,205,823,203,478
204,205,849,205,1229
204,205,605,205,435
205,206,709,205,1536
204,205,905,206,816
204,204,777,206,2241
203,205,636,204,1512
203,205,780,205,1964
204,205,807,205,555
203,204,544,204,501
204,204,1024,204,1501
203,204,884,204,501
203,204,621,204,1229
204,205,504,206,761
204,205,835,206,1267
203,205,837,203,401
205,206,794,205,785
204,205,445,205,914
204,205,951,206,1480
204,204,682,205,1091
204,205,547,204,758
204,205,581,205,1241
205,205,884,206,413
205,205,879,207,709
204,205,648,205,520
205,206,714,206,443
203,204,948,204,462
203,203,796,203,2098
205,205,489,206,397
204,205,635,205,371
204,205,572,205,409
204,205,857,206,1043
204,204,801,204,953
204,205,890,205,719
204,205,803,205,796
204,206,833,206,1520
204,204,858,205,540
205,207,577,207,564
203,204,463,206,1384
204,205,869,205,1440
203,204,496,204,505
204,205,371,205,420
203,204,650,204,481
204,206,794,205,1039
204,205,589,205,494
203,204,374,205,1426
205,206,699,206,678
203,203,600,204,2213
204,205,797,206,1161
204,205,793,206,526
204,205,1021,205,467
205,206,860,207,1176
205,205,786,206,540
204,205,833,205,972
204,205,596,205,398
204,205,521,205,423
205,206,585,206,728
203,204,878,205,482
204,205,810,204,1198
203,204,915,205,532
204,205,741,204,568
203,205,889,205,530
204,205,739,206,1139
203,204,714,204,860
204,205,633,204,1034
204,206,725,205,917
203,204,581,205,1023
204,204,782,205,402
204,205,777,204,507
205,206,898,207,450
203,204,725,204,2958
204,205,579,205,746
203,203,1012,203,966
202,203,885,203,1948
204,206,853,205,582
202,203,913,204,503
203,204,773,203,1257
205,206,699,206,649
204,206,682,204,880
205,205,599,205,706
204,204,842,206,701
204,205,700,205,571
203,204,801,204,619
202,203,830,204,520
204,206,732,205,537
202,202,730,203,941
204,204,1094,206,1479
204,205,613,205,783
202,203,623,203,1431
203,204,695,205,1703
203,205,782,204,2754
203,205,753,204,1043
205,206,820,206,444
205,205,565,207,681
205,206,562,206,408
203,203,982,204,392
204,205,637,205,473
204,205,901,204,674
205,205,913,205,482
203,205,888,203,779
204,204,909,204,467
205,205,912,206,424
203,204,781,205,361
203,204,609,204,383
202,203,695,202,283
202,202,588,202,405
201,202,860,203,2413
204,205,720,205,441
203,205,842,204,758
204,205,800,205,412
204,205,876,206,956
203,204,911,204,1058
205,207,415,206,319
205,206,528,205,373
204,204,401,206,461
204,204,911,205,791
202,202,859,203,523
204,204,874,206,424
204,204,683,206,508
205,206,519,206,2132
204,205,760,204,443
204,205,801,205,1119
204,205,604,205,1042
205,207,525,207,561
203,203,890,204,1007
205,206,885,206,482
205,206,621,207,500
205,206,568,206,736
202,203,1404,203,1021
204,206,891,204,578
202,204,558,202,1421
202,202,899,203,955
205,206,674,207,1019
204,206,884,205,696
203,204,855,204,509
205,206,868,206,1692
205,206,831,206,573
205,206,789,206,682
203,205,643,203,732
204,204,628,206,668
204,204,584,206,734
205,205,672,207,483
203,203,956,204,486
205,206,754,207,494
204,206,707,205,1561
205,206,828,206,1622
205,206,542,207,337
205,207,653,205,516
202,204,830,203,838
205,205,755,206,736
203,203,563,205,1418
203,203,771,204,923
204,205,847,205,482
204,204,843,205,517
203,204,728,204,655
204,205,640,206,502
205,207,624,205,405
203,204,959,204,456
205,207,711,205,551
204,205,916,204,1333
204,204,814,206,707
205,205,826,206,1930
202,202,745,202,1020
204,204,581,205,552
204,205,639,205,455
205,206,720,205,1053
204,205,808,205,2157
203,203,987,205,1055
204,206,728,206,565
205,205,768,206,764
203,205,630,204,1659
202,203,468,203,525
205,206,782,205,2999
205,206,468,206,452
203,204,744,204,493
204,204,871,204,716
204,205,673,206,504
204,204,879,206,568
205,206,702,205,1096
204,205,361,205,880
204,204,509,204,655
204,205,879,206,1039
203,204,785,203,3323
203,203,828,203,805
204,205,983,207,520
204,204,461,205,931
205,207,564,206,303
203,203,305,205,876
203,204,776,205,457
204,205,800,205,469
205,205,831,205,1765
204,204,812,205,666
202,203,1000,203,649
204,206,842,204,556
204,206,779,206,554
204,205,546,205,1754
