133,134,134,134,178
134,135,318,135,196
133,133,207,134,230
133,133,174,133,259
134,135,122,136,330
134,136,161,137,183
134,135,256,135,321
135,136,225,136,173
134,135,238,135,508
135,137,237,136,175
134,136,243,135,393
134,135,110,135,167
135,136,237,135,211
134,135,172,135,115
135,137,150,136,281
133,134,189,134,867
134,136,251,136,321
135,135,239,136,529
133,134,221,135,220
135,135,212,135,345
134,137,252,134,136
134,135,253,135,321
135,135,181,136,157
134,135,225,135,908
133,135,266,133,537
133,134,235,134,471
133,134,234,133,155
133,134,174,135,234
134,135,280,135,233
135,135,264,137,429
134,136,269,135,221
133,135,272,134,153
135,136,218,136,304
132,133,272,132,155
133,133,267,134,701
134,135,165,135,100
134,134,205,135,229
133,134,155,134,203
131,134,101,131,519
132,134,212,133,321
133,134,247,134,401
133,134,248,133,329
134,135,284,134,170
134,135,288,137,130
134,135,204,135,299
134,135,231,135,180
135,135,245,135,1022
133,134,158,133,467
133,134,246,134,305
133,134,207,133,359
132,133,294,133,130
133,134,150,133,449
133,134,293,134,316
134,135,246,136,224
135,135,267,135,169
134,134,247,135,142
134,135,237,134,409
134,134,244,135,148
134,135,129,136,142
134,135,163,134,422
134,135,262,136,296
135,135,172,137,393
135,135,171,136,105
133,133,123,134,378
135,137,174,136,416
131,132,163,132,213
135,135,152,137,435
133,134,276,134,158
134,134,231,134,403
134,135,278,135,358
133,135,116,135,678
134,134,214,134,623
133,134,258,135,191
133,134,302,134,116
135,136,199,136,993
133,134,329,133,329
134,136,272,136,143
134,134,189,134,267
135,136,264,136,390
133,133,269,134,452
134,136,244,135,176
133,134,321,135,605
135,136,251,136,539
135,136,206,136,139
134,135,433,136,448
133,133,132,133,235
134,134,134,135,330
132,133,200,134,121
133,135,166,133,121
134,136,152,135,161
135,136,163,135,251
134,135,272,135,547
135,135,270,136,687
135,137,229,137,223
133,133,267,135,235
133,134,90,134,145
134,135,266,134,167
134,134,283,134,235
135,136,204,135,251
134,135,249,135,265
133,133,253,133,299
135,135,235,136,193
132,133,254,133,360
135,135,221,137,656
133,134,249,134,246
135,136,205,135,181
134,135,252,135,169
134,135,141,134,134
135,137,189,137,397
134,135,226,136,225
133,134,293,135,313
134,136,247,135,756
133,134,192,133,237
134,135,171,134,112
133,133,136,134,118
134,135,188,135,192
133,134,267,134,296
134,135,242,135,160
134,135,183,135,144
134,135,238,135,327
134,135,255,134,573
133,133,268,134,232
134,135,250,136,150
133,135,238,134,141
134,134,252,136,206
134,134,220,135,163
134,135,411,136,313
135,137,247,137,179
134,135,225,135,170
134,134,220,135,155
133,133,186,134,224
132,135,299,134,288
133,133,258,133,343
135,135,235,136,209
134,135,177,134,869
133,133,189,134,137
134,135,298,135,283
135,136,186,136,236
133,135,153,134,300
134,135,139,136,106
134,135,178,135,312
134,135,264,135,322
135,136,252,136,325
133,134,235,134,240
132,132,348,133,466
133,134,289,134,553
133,133,199,134,956
134,135,268,136,329
134,134,245,135,503
135,136,165,137,398
133,134,274,134,403
133,134,278,134,474
134,135,283,135,135
135,136,247,136,332
134,135,174,134,441
134,135,253,135,151
134,135,263,135,164
135,136,284,136,343
135,136,206,136,202
134,135,179,135,177
132,133,155,133,227
134,136,201,136,123
134,135,142,136,95
134,135,117,135,121
134,136,194,135,118
134,134,156,135,106
133,134,178,134,168
135,135,129,135,178
132,132,212,133,140
133,135,231,133,700
133,135,240,134,303
132,133,201,132,479
134,135,268,135,186
132,134,190,132,291
132,132,412,133,332
132,133,261,133,146
134,137,226,135,631
132,133,258,134,218
134,135,203,134,136
133,135,280,134,159
134,134,251,134,313
133,135,155,135,224
133,133,269,134,472
134,134,272,135,420
134,135,242,135,167
134,136,296,134,236
134,135,230,136,209
134,135,190,136,145
134,135,195,135,164
132,134,244,132,129
134,135,183,134,105
133,134,118,134,87
133,135,163,134,96
135,136,180,136,155
134,135,176,136,260
133,135,204,134,139
134,135,256,135,1117
134,136,132,135,394
132,133,165,132,394
133,134,250,134,233
133,134,243,134,164
134,134,97,135,208
134,134,271,134,170
133,133,217,133,211
132,133,264,133,218
134,135,196,135,862
134,135,285,135,568
135,136,320,136,152
134,135,249,134,155
133,134,301,133,233
133,134,257,133,200
132,132,273,133,135
134,134,283,136,165
135,136,234,137,161
134,135,123,135,336
132,133,233,133,301
133,133,157,134,101
132,133,179,133,374
132,134,108,133,629
134,135,189,136,158
132,133,135,133,196
133,134,181,134,100
135,136,262,136,596
133,134,223,133,473
134,135,251,135,244
133,134,268,134,184
133,134,208,133,182
133,134,156,134,288
133,133,259,134,154
133,134,129,134,188
135,135,185,136,216
134,135,287,136,136
133,133,161,133,180
133,134,223,133,582
134,135,218,135,294
133,134,484,135,402
134,135,260,135,609
135,136,232,137,791
132,133,153,133,213
133,134,271,135,337
134,135,264,135,410
134,134,197,136,231
135,137,133,136,241
132,133,130,134,98
135,136,151,136,112
133,134,118,133,116
134,136,168,135,160
133,133,187,133,388
134,134,143,135,126
135,136,172,135,239
134,134,177,136,141
134,135,235,136,481
134,135,260,135,246
133,133,271,133,130
132,132,287,132,297
134,135,255,135,162
133,135,135,135,141
132,133,259,134,225
134,136,248,136,320
135,135,200,136,222
133,135,280,135,480
134,135,185,135,794
133,133,203,133,205
133,135,232,134,133
134,134,227,135,675
134,135,257,135,225
134,136,344,135,109
133,134,265,133,142
133,134,247,134,839
134,135,186,135,248
133,133,120,134,230
134,134,209,135,225
134,136,183,135,403
135,135,158,135,288
134,135,166,136,100
135,136,89,136,114
135,136,177,135,125
134,135,153,135,574
133,134,306,135,239
133,134,206,133,137
134,134,473,135,647
134,135,236,136,171
134,135,260,135,158
132,132,252,135,172
135,136,179,137,224
135,136,323,136,220
134,135,254,136,150
132,133,190,134,213
134,135,228,134,175
134,135,267,135,348
132,133,257,133,558
134,136,274,136,499
135,136,232,136,270
135,135,243,136,180
134,135,280,135,472
133,133,167,134,178
134,136,148,134,146
134,135,310,136,236
135,136,232,137,121
134,135,190,135,308
134,134,199,135,117
133,133,221,136,611
133,135,169,134,94
134,135,141,134,102
134,134,101,135,122
133,133,151,134,407
135,136,233,136,202
134,135,382,135,174
133,135,137,134,187
134,135,241,135,144
134,134,172,135,430
133,133,265,133,143
134,134,251,134,662
134,134,350,134,160
134,135,236,134,161
133,135,333,134,133
135,135,242,137,269
133,134,179,135,251
132,133,161,133,128
132,133,245,133,443
133,134,181,134,1209
134,135,311,135,223
133,133,280,135,450
132,133,287,133,165
135,135,214,136,171
133,134,203,134,138
134,135,205,136,120
133,134,297,133,95
135,136,185,135,129
135,135,186,136,127
134,134,176,135,448
135,136,106,137,221
134,136,68,134,273
134,135,126,135,122
133,135,174,135,415
133,134,237,134,148
135,135,226,136,232
135,136,202,136,262
134,135,206,134,243
135,136,224,136,265
134,136,306,135,392
135,136,225,135,182
133,134,189,134,142
133,134,226,134,351
133,135,199,134,156
134,134,137,134,221
133,133,292,133,272
134,134,226,136,320
133,134,248,134,473
134,136,271,135,157
134,134,184,134,175
133,134,244,134,264
134,136,369,135,974
134,135,190,136,152
135,136,316,136,324
135,135,222,136,199
135,135,184,136,125
134,135,194,135,157
134,136,177,137,459
134,135,186,135,211
135,136,169,136,182
134,136,179,135,169
134,135,212,137,126
132,133,101,132,330
134,135,261,134,432
133,133,338,135,132
133,133,264,134,259
133,134,247,135,329
134,136,224,136,372
134,135,270,135,138
134,135,262,135,380
134,134,229,136,408
135,136,234,136,161
134,135,217,134,300
135,136,216,136,147
135,136,245,136,409
132,134,262,134,334
134,135,231,137,501
133,134,266,135,308
135,137,239,136,174
135,137,246,136,456
134,135,274,135,238
131,133,293,132,373
134,135,296,136,233
133,134,200,134,626
134,135,150,134,108
135,136,165,136,169
134,135,168,136,527
134,135,117,135,105
134,135,219,135,307
134,135,262,135,261
133,134,252,134,102
133,134,264,135,163
135,136,251,137,374
133,134,223,135,307
133,133,210,134,167
132,133,283,133,316
133,134,182,133,795
135,135,413,136,866
135,136,399,136,1101
134,135,285,135,372
133,134,309,135,216
134,134,256,135,213
133,133,316,135,197
133,134,247,134,409
132,133,175,133,531
134,134,316,135,409
134,135,196,135,158
133,134,289,134,157
135,135,229,136,291
134,135,213,135,387
133,134,188,134,107
133,133,202,134,318
134,135,228,135,527
135,136,252,136,520
133,134,395,134,1013
134,134,287,134,387
132,132,373,132,208
134,134,240,135,171
133,134,259,133,257
132,132,267,133,783
134,134,407,135,911
134,134,610,135,483
134,134,278,134,409
134,135,222,136,367
135,135,290,135,458
133,134,303,134,704
133,134,248,134,272
133,134,362,134,303
134,135,295,136,151
133,133,211,135,177
133,134,341,134,619
133,134,220,134,213
135,136,156,135,336
134,135,256,135,472
135,136,183,137,270
135,136,275,137,743
135,136,287,136,301
134,135,231,135,157
134,134,302,136,189
134,135,263,134,338
134,135,208,135,175
134,134,252,136,157
134,135,397,136,597
133,134,289,133,726
134,134,263,137,236
134,135,153,135,152
133,133,284,134,315
131,132,386,132,176
135,136,290,137,810
134,136,255,136,208
135,136,285,136,421
135,136,316,136,352
133,134,306,134,193
134,135,324,134,655
134,135,219,135,124
134,135,176,134,414
134,134,204,134,193
133,134,220,134,115
133,133,198,135,104
135,136,176,137,122
135,137,155,136,339
134,137,218,136,301
134,136,293,135,181
135,136,257,137,159
133,134,195,134,168
133,134,242,135,429
133,133,188,134,209
133,133,306,134,424
134,136,321,135,309
135,137,237,137,180
134,135,176,134,146
135,137,453,137,199
134,135,293,136,153
133,134,280,134,200
133,133,292,133,847
135,135,298,136,226
133,134,325,136,143
134,136,288,136,872
133,134,287,133,194
134,135,248,135,941
135,136,270,136,234
135,136,276,136,175
132,133,187,132,142
134,135,200,135,317
133,133,226,134,460
133,134,143,134,211
134,135,267,136,211
132,134,333,133,191
135,136,281,135,260
133,134,255,133,403
134,135,282,134,810
131,132,349,131,505
133,134,194,135,221
134,135,271,134,849
134,137,273,137,245
133,134,306,134,510
134,135,255,136,275
132,133,283,132,385
133,134,307,134,382
134,135,88,134,716
134,134,257,136,333
134,136,251,134,334
134,134,286,136,338
133,133,174,135,305
135,136,195,136,145
133,134,194,134,662
135,136,187,135,285
134,135,184,135,161
135,135,200,136,96
133,134,133,135,121
134,136,131,134,316
134,134,200,134,454
134,135,149,135,265
133,133,282,135,138
133,134,117,134,232
135,136,259,136,249
135,136,296,136,360
134,134,293,135,173
133,135,251,133,244
134,135,275,135,214
133,133,156,134,175
135,136,182,136,669
132,133,322,134,267
134,135,257,135,171
134,135,235,135,263
132,132,181,133,174
135,136,261,136,179
134,135,267,135,150
135,137,239,137,154
135,136,349,136,261
134,135,281,135,136
133,135,217,134,410
133,134,286,134,184
135,136,352,136,132
134,135,193,135,287
133,133,138,134,281
133,133,162,135,101
133,134,107,134,465
134,134,175,135,136
133,133,328,133,195
133,134,270,134,540
135,136,124,137,191
134,135,220,136,311
133,133,221,134,255
134,134,234,135,278
133,134,252,135,751
134,135,250,136,416
135,135,264,137,175
134,134,173,134,199
134,135,212,135,136
135,135,236,137,343
132,132,265,134,225
134,135,243,135,211
135,136,301,136,195
134,134,238,135,143
133,134,259,134,153
134,135,318,136,153
134,134,231,135,182
134,134,169,135,320
135,136,208,137,249
135,136,216,136,124
134,136,216,136,230
133,135,158,134,124
133,133,204,134,103
132,133,162,133,93
134,135,174,134,300
134,135,166,135,347
133,134,174,134,219
133,135,169,133,223
134,135,248,135,214
133,135,194,136,469
135,136,247,135,172
134,135,267,136,405
135,137,250,138,140
134,135,203,135,155
134,134,242,135,413
133,134,293,136,625
135,136,226,135,256
134,135,230,136,183
133,134,208,135,504
134,135,304,135,184
134,135,264,135,194
133,134,325,134,170
134,134,297,135,758
133,135,297,134,187
134,137,206,135,148
135,135,268,137,854
135,136,278,136,418
133,134,287,134,163
134,135,258,134,265
134,135,217,135,222
135,136,219,136,210
134,135,182,136,335
133,134,261,134,370
134,135,147,135,589
132,133,328,133,172
134,135,312,136,486
134,136,317,135,280
135,136,241,137,424
134,135,249,135,135
135,135,222,136,157
134,134,181,134,527
135,135,123,137,139
135,136,236,136,353
134,134,256,134,178
135,136,220,136,167
134,135,254,136,513
134,134,158,134,283
135,135,242,136,233
134,135,305,136,275
134,134,216,136,901
134,134,323,134,292
135,136,313,136,336
134,135,220,135,537
135,136,179,137,252
133,134,193,134,317
134,134,180,135,308
135,137,242,136,250
134,135,126,136,159
134,135,249,135,206
134,135,220,135,812
133,134,258,134,317
134,134,250,135,300
134,135,287,135,351
135,136,187,136,159
134,134,244,135,270
133,135,185,134,175
135,136,179,135,253
133,133,286,134,346
133,133,303,134,638
135,136,216,136,196
135,136,283,136,328
133,134,246,134,622
135,135,223,137,376
133,134,106,134,173
134,136,304,135,188
134,135,251,135,258
134,134,153,135,374
134,135,181,135,109
134,135,148,134,348
134,135,198,135,337
133,134,187,133,105
133,134,131,134,170
133,135,128,133,131
135,136,269,136,754
134,135,268,135,347
134,135,242,134,344
135,135,281,136,363
134,135,290,135,791
135,136,189,135,214
134,135,294,135,338
134,135,270,135,377
134,135,247,135,231
134,134,264,134,290
134,134,271,134,478
133,134,181,133,158
135,137,270,137,157
134,134,269,135,270
133,133,289,134,194
133,133,284,134,421
133,134,296,135,148
134,135,271,134,335
133,133,218,133,257
134,135,240,135,173
135,136,154,137,116
134,134,187,135,223
133,134,165,133,105
135,136,166,136,234
134,135,172,135,391
133,134,186,134,133
135,136,149,136,178
134,135,173,135,214
135,136,233,136,1043
133,133,154,134,266
134,135,295,135,162
132,133,198,133,147
135,135,277,136,325
134,136,237,134,148
133,133,303,134,1391
134,134,242,135,180
135,136,240,136,178
132,133,173,133,155
134,135,226,134,213
134,135,355,135,170
135,136,285,136,153
134,135,288,136,295
134,135,270,134,164
134,135,260,135,430
132,133,276,132,243
134,134,189,136,187
135,135,256,136,168
134,135,256,135,114
135,135,181,136,202
134,134,191,135,192
134,136,192,136,107
132,134,172,133,581
135,136,148,136,139
134,135,143,134,333
133,135,162,136,382
134,135,205,135,913
134,134,255,135,186
134,134,189,135,173
133,133,246,133,419
135,136,324,136,341
134,135,238,134,260
135,136,229,136,258
132,134,259,133,265
133,135,138,135,132
134,135,245,135,315
133,133,228,135,167
135,136,220,136,338
133,134,250,133,225
134,136,281,135,322
133,134,251,133,495
134,135,240,135,181
134,136,282,135,436
131,134,223,131,156
133,134,185,134,470
133,134,265,133,445
134,135,180,136,301
133,134,171,134,290
133,134,130,134,109
134,135,180,134,247
133,134,207,135,208
133,134,174,134,103
133,134,106,134,161
134,136,183,135,453
134,134,231,135,216
134,137,330,135,273
135,136,227,136,591
134,134,248,134,378
134,136,271,135,514
134,136,263,135,204
134,135,239,134,198
134,135,243,135,243
134,134,255,136,603
134,135,212,137,189
134,135,196,135,170
134,135,220,135,560
134,136,131,134,144
134,135,247,136,329
134,135,250,134,183
134,135,272,135,414
134,134,230,135,320
134,135,215,135,356
133,134,274,134,242
134,135,299,135,283
133,134,199,135,235
134,135,173,134,219
135,135,153,136,195
134,135,170,136,218
134,135,166,134,173
135,135,167,136,349
133,133,90,135,215
132,133,223,133,181
133,134,289,134,131
134,135,180,134,147
134,134,232,136,163
133,134,286,134,484
134,135,277,135,181
134,135,276,134,162
135,136,235,135,155
134,134,316,134,158
135,136,228,136,761
134,135,275,135,143
134,135,206,134,149
133,134,309,134,250
134,136,277,135,611
135,136,241,136,179
134,135,182,135,399
134,135,251,136,456
132,133,294,133,338
132,133,252,133,475
134,136,188,134,263
135,136,273,136,719
134,135,190,136,177
135,136,166,136,118
134,134,201,134,190
134,135,134,135,440
133,134,290,135,244
134,134,261,134,674
135,136,304,137,324
133,133,144,134,323
135,135,299,136,493
134,135,266,137,1052
134,135,244,136,166
135,135,233,136,342
133,134,227,135,182
133,134,260,134,181
134,135,215,134,169
134,135,226,134,413
134,134,286,134,247
134,134,233,135,383
134,134,275,134,771
135,136,216,137,242
134,135,270,135,331
134,135,202,135,219
134,135,207,136,519
135,136,200,137,213
135,136,166,136,115
134,135,192,134,216
134,135,188,135,133
134,135,158,134,100
134,135,166,137,897
133,134,259,134,229
134,135,191,136,235
135,136,290,136,151
133,134,262,134,351
134,136,274,134,175
134,135,201,136,162
134,136,178,136,303
133,134,200,134,317
135,137,215,136,171
133,135,196,133,151
134,135,239,135,184
134,135,250,134,218
133,134,245,135,348
135,136,236,137,357
135,136,148,136,611
134,134,252,134,167
134,135,211,136,264
134,135,243,135,155
134,134,245,135,317
134,134,237,134,643
134,135,170,135,242
135,136,152,136,178
134,135,198,135,479
134,134,181,136,174
134,136,84,135,97
135,136,66,136,117
133,134,185,134,477
134,135,175,135,99
133,134,179,135,324
134,134,125,136,466
135,137,265,137,172
134,135,257,134,180
133,133,227,133,200
135,135,266,138,241
134,135,205,135,186
133,133,283,134,198
134,134,239,135,160
132,133,169,133,300
134,134,266,136,182
135,136,337,136,252
135,136,235,136,188
135,136,226,136,236
133,134,238,135,170
135,136,244,137,157
134,135,266,134,181
135,135,243,136,588
133,134,270,135,163
134,135,240,134,165
135,136,249,136,452
135,136,264,137,306
133,134,135,134,138
135,136,253,136,507
134,135,185,135,454
133,135,191,133,104
134,134,173,135,288
134,136,264,136,345
134,135,239,135,177
134,135,270,135,306
135,137,326,136,409
133,134,183,134,136
133,134,186,134,317
134,134,343,135,308
134,134,203,135,324
134,134,271,135,154
135,135,276,137,501
135,136,253,136,599
135,137,249,136,351
135,136,242,136,188
134,135,256,135,629
133,134,258,134,155
133,134,259,135,140
135,136,264,135,175
133,134,276,134,255
132,132,231,132,291
132,132,181,134,169
134,135,250,136,464
134,134,218,135,133
134,135,181,137,231
131,132,144,132,233
134,135,167,136,242
133,135,115,134,168
134,135,179,135,184
134,135,112,135,113
133,133,180,134,129
133,134,149,135,147
134,134,233,135,227
132,134,266,133,428
134,135,243,136,846
134,136,285,135,166
135,135,257,135,171
135,136,274,135,190
134,135,294,134,326
135,136,313,136,191
134,136,309,135,351
135,136,291,138,264
135,137,158,136,170
134,135,295,136,462
134,135,300,135,214
135,137,282,135,189
135,135,260,136,197
133,133,286,135,235
135,136,327,136,227
134,135,311,135,123
133,134,164,134,331
133,134,291,134,501
134,137,319,134,568
134,135,205,137,561
133,133,147,134,620
135,136,286,136,165
134,134,264,136,324
134,134,292,135,151
135,136,249,136,323
134,136,296,136,378
134,135,211,135,187
135,136,270,137,351
132,134,267,132,283
135,135,301,136,191
133,134,167,134,196
134,136,226,134,224
133,134,293,134,364
135,136,256,136,277
132,133,233,133,489
133,134,237,135,151
134,135,258,136,157
133,134,360,134,146
132,133,539,133,476
132,133,271,134,188
134,136,252,135,354
133,134,267,133,211
133,134,277,133,168
133,135,220,135,301
134,134,164,134,520
132,134,137,133,103
135,136,182,136,895
135,136,267,136,265
133,133,264,135,152
135,136,248,135,285
134,135,232,135,250
133,135,240,134,429
133,134,268,134,170
134,135,253,135,502
135,136,295,136,609
134,135,256,134,148
134,135,242,136,360
134,134,235,135,501
134,135,245,135,148
133,133,249,134,148
133,133,226,135,173
135,137,211,135,168
133,134,247,134,175
134,136,278,135,138
135,136,216,137,156
134,134,208,136,727
133,134,143,134,356
135,136,196,136,142
134,135,175,135,108
134,134,97,136,174
133,135,186,134,121
134,134,175,135,159
134,135,145,134,286
134,135,150,135,187
134,134,173,135,290
134,136,239,135,652
134,136,218,134,395
135,135,274,136,139
135,135,237,137,158
134,135,226,135,1002
132,133,255,132,237
134,135,416,135,180
135,136,260,137,249
135,136,188,136,242
133,133,233,135,385
134,134,265,136,259
134,135,205,134,170
135,136,236,136,143
134,135,241,137,626
134,136,246,135,183
134,134,242,135,188
135,135,239,136,236
135,135,273,137,401
132,132,206,133,202
134,134,225,135,377
134,135,240,136,188
133,134,245,134,221
135,136,207,136,168
135,135,169,136,229
132,133,95,134,155
134,136,188,136,107
134,135,160,134,228
135,136,163,137,97
134,134,179,135,163
133,134,167,133,127
134,134,246,136,317
133,134,270,134,132
135,136,287,136,173
