184,184,528,186,420
183,184,337,184,517
183,184,411,184,272
184,184,560,186,404
183,184,732,184,329
184,185,663,185,547
183,184,394,184,419
184,185,638,184,566
181,182,531,182,360
182,183,700,183,327
185,185,574,186,453
183,183,501,184,351
184,185,558,185,474
183,183,568,185,2868
185,186,673,186,372
184,185,593,184,692
183,183,324,183,720
184,185,456,186,577
185,186,625,187,1023
183,184,439,185,1111
183,184,633,183,337
184,185,500,185,555
182,184,699,184,542
184,185,467,184,407
183,184,521,185,375
182,183,345,183,480
184,184,620,186,364
184,185,645,185,502
183,183,603,185,828
183,185,617,185,1144
185,186,572,187,607
183,184,365,184,558
184,184,555,184,1121
185,186,564,185,1703
183,183,473,184,822
183,184,449,184,675
183,183,619,184,1345
183,184,694,184,910
184,186,591,185,816
185,186,544,185,772
184,186,910,185,1489
183,184,585,184,372
184,185,614,184,1207
184,184,381,184,230
184,187,415,185,1426
184,185,701,185,323
184,185,726,186,1606
181,183,845,181,576
183,184,626,183,394
184,185,571,185,510
183,185,278,184,370
184,185,549,185,367
183,184,743,184,315
183,184,548,186,383
184,184,456,185,552
185,186,444,186,651
183,184,609,184,378
184,185,678,185,407
183,184,472,184,353
184,185,573,185,436
185,186,676,186,389
184,185,444,186,340
184,184,691,185,1581
185,186,598,185,938
185,186,633,187,425
183,184,357,184,686
184,185,439,185,563
183,184,533,183,284
184,186,586,186,871
183,184,548,184,1180
185,187,665,187,597
183,184,589,184,748
184,185,545,185,1040
184,185,644,187,728
183,184,461,184,797
185,186,702,187,287
185,186,446,185,1094
184,185,464,185,331
183,184,383,184,331
183,185,572,185,322
184,185,660,185,809
183,183,502,184,1226
184,185,574,186,1114
183,184,555,184,371
184,184,325,185,567
184,184,570,186,349
183,184,475,184,678
184,185,635,185,309
184,184,439,184,256
182,183,301,183,273
184,186,447,186,425
184,185,509,185,1498
184,184,632,185,369
185,186,554,186,634
183,183,598,185,672
184,184,638,186,967
185,186,593,186,3050
183,185,562,184,248
183,183,244,185,282
184,184,397,186,712
184,185,562,186,587
184,185,608,185,706
183,184,724,185,330
184,184,556,186,1165
184,185,437,184,586
184,185,609,187,368
184,185,590,184,772
182,183,970,183,617
183,185,656,184,286
185,186,451,185,250
184,184,434,185,538
182,183,424,183,604
184,185,562,185,444
182,182,650,184,519
184,184,590,185,516
185,185,623,187,319
182,183,676,184,403
182,183,302,184,589
183,184,434,184,591
185,186,553,187,1131
185,185,573,186,998
185,186,558,187,612
184,184,471,184,1054
184,184,320,184,242
184,185,661,184,341
182,183,697,183,408
183,184,645,183,520
183,185,537,183,1021
185,186,712,186,369
183,183,597,186,420
185,186,557,187,402
184,186,528,184,603
184,184,461,186,1775
183,184,432,184,295
183,184,476,184,251
183,184,548,184,533
184,186,380,185,320
183,185,605,184,1304
185,187,658,187,1127
185,186,619,187,483
184,185,602,184,791
184,184,644,186,338
183,184,599,183,964
184,184,564,185,543
184,184,447,186,735
184,184,423,186,244
184,185,261,186,220
185,186,399,186,718
184,184,624,185,900
183,184,682,184,1948
184,185,591,186,560
184,185,644,186,419
183,184,316,185,652
182,183,707,183,507
184,186,409,186,1752
184,184,456,186,376
184,186,396,186,237
185,185,370,187,427
183,184,379,185,951
183,184,641,185,388
185,186,638,185,927
184,184,531,184,346
183,184,650,185,331
185,186,642,186,739
183,184,568,184,508
184,185,520,185,321
183,184,649,183,846
185,186,525,186,300
184,185,452,185,327
184,185,398,187,272
184,185,412,185,1248
183,184,681,185,352
185,186,596,187,969
184,185,577,185,954
184,185,689,186,990
183,185,669,184,387
183,183,637,185,402
183,184,670,184,917
184,185,688,186,341
183,184,389,183,285
182,183,359,183,675
183,184,404,184,435
184,184,614,185,655
184,184,720,185,939
182,183,674,184,595
184,185,595,186,970
185,185,531,186,421
183,183,655,184,399
183,185,534,183,375
182,182,820,183,431
184,186,554,184,459
181,182,299,182,413
185,186,458,186,235
184,184,428,187,245
184,184,419,184,268
184,184,553,184,393
183,184,615,184,736
183,185,307,184,316
184,187,524,185,592
183,183,609,184,347
183,184,506,184,898
183,183,668,183,838
184,185,714,184,338
184,185,607,184,385
183,183,596,183,839
183,185,476,183,550
183,184,482,184,550
183,184,576,185,777
183,183,573,183,759
183,184,677,184,377
184,185,801,184,835
185,186,561,186,616
184,185,549,186,412
182,183,680,183,538
184,186,640,185,997
183,185,372,184,357
184,184,461,185,391
183,184,498,185,501
183,184,500,184,458
183,184,661,184,1082
184,185,661,185,717
184,185,442,184,1492
183,183,476,184,346
184,185,647,186,1722
183,183,623,185,338
184,185,670,184,919
184,185,500,185,344
183,184,227,183,421
184,184,476,184,568
183,185,855,184,1444
183,184,648,184,2033
185,186,625,186,344
183,184,637,184,361
182,183,757,183,327
184,185,428,186,673
184,184,472,185,991
183,183,430,183,461
185,185,434,186,977
183,185,559,185,393
184,185,592,185,417
183,184,675,183,1144
183,184,427,184,323
185,186,284,185,305
185,186,553,187,1372
185,187,612,187,931
184,186,566,184,758
184,185,707,184,616
184,184,293,185,409
184,185,481,185,352
184,186,433,185,862
184,184,529,186,809
183,185,690,185,949
184,184,583,185,327
183,183,784,184,773
183,184,657,185,716
184,184,434,186,330
182,182,641,182,617
183,185,634,185,527
185,187,509,186,442
184,185,356,185,542
184,184,442,184,323
183,184,661,183,314
185,185,551,186,421
184,185,645,186,509
184,184,578,186,883
184,185,553,184,420
183,184,582,184,1663
184,185,540,185,335
183,184,522,185,1136
182,184,589,183,1192
185,186,440,187,1348
184,185,521,185,583
184,185,616,185,1188
183,185,506,184,382
183,185,341,185,453
184,185,670,185,421
183,184,612,184,361
183,185,583,185,912
184,185,580,184,853
184,185,581,185,887
184,185,441,185,236
184,186,450,186,278
184,185,361,184,1044
184,184,618,186,310
183,185,653,184,366
184,184,618,185,1198
184,185,609,185,783
184,184,526,185,595
184,185,848,186,402
183,183,597,183,714
183,184,257,184,747
183,185,421,183,487
184,185,377,186,434
183,184,456,184,428
183,184,540,184,396
183,184,448,184,336
184,185,601,185,741
185,186,490,186,362
184,184,585,184,743
184,185,737,186,426
183,184,978,185,618
184,185,634,187,431
183,183,679,184,410
182,182,755,184,537
183,185,496,184,531
184,185,431,186,258
184,185,443,185,482
182,182,619,183,497
182,183,438,184,1244
181,182,421,182,878
184,185,623,185,894
183,184,644,183,761
184,185,608,185,372
184,184,631,185,906
183,184,413,184,881
184,185,535,184,256
183,184,390,183,272
183,184,395,184,292
184,185,481,185,595
181,182,576,183,509
183,184,670,183,496
184,185,536,184,790
183,184,719,184,1885
185,186,526,185,807
184,184,631,185,409
184,185,620,184,903
183,184,360,184,344
182,182,436,183,349
185,186,430,187,269
185,186,445,186,1451
183,185,595,184,526
183,184,683,184,1931
184,186,570,185,353
184,185,703,184,1971
185,186,639,187,1178
183,183,637,185,285
184,185,433,185,527
185,187,293,185,229
183,186,536,185,928
183,184,835,184,313
183,184,724,184,569
184,185,680,185,590
184,185,571,184,2814
183,183,603,185,435
184,185,558,185,574
182,183,648,182,1248
184,185,429,185,316
184,185,692,184,1086
184,185,565,186,337
183,184,672,184,797
182,183,536,183,536
184,185,607,185,976
184,185,632,185,1644
183,184,701,185,1730
184,185,437,186,413
182,183,408,184,353
183,184,671,184,1116
182,182,461,183,1644
183,184,648,185,307
185,186,652,187,424
184,185,692,185,1125
184,185,528,187,2450
184,186,489,185,470
183,185,529,185,446
184,184,452,185,230
183,183,556,184,580
185,185,487,186,556
185,186,409,186,741
185,185,544,186,566
184,184,573,186,408
184,185,335,185,312
185,185,601,185,438
182,183,545,182,2181
184,184,572,185,707
183,183,467,183,391
183,184,453,185,371
184,185,391,185,1058
184,185,592,186,586
184,186,612,185,953
184,185,508,186,522
184,185,535,186,316
185,187,551,186,2402
184,185,628,185,337
185,186,543,186,814
185,186,607,186,249
185,186,362,187,1050
185,186,395,186,270
184,185,595,185,592
183,184,315,184,738
183,184,519,184,348
184,185,581,184,755
184,185,368,186,367
184,185,565,185,414
183,185,754,184,727
184,185,562,185,378
183,183,681,185,722
184,185,420,185,1828
183,184,431,184,248
184,184,448,186,731
183,184,713,185,438
182,183,568,183,482
183,183,655,185,1251
184,186,626,185,646
184,185,594,186,725
185,185,662,185,380
184,185,682,185,546
185,187,595,187,889
183,184,545,184,419
184,186,434,185,504
184,186,353,184,328
184,185,589,184,1273
184,184,567,185,332
184,185,562,185,2800
184,185,432,185,412
184,184,659,185,797
184,185,650,185,504
182,184,536,182,357
184,185,603,187,403
183,184,1162,184,529
185,186,567,186,397
185,185,578,186,379
184,186,491,185,463
184,186,664,184,347
184,186,591,185,555
184,185,585,186,900
184,185,214,184,589
184,184,616,186,1107
182,182,673,185,769
182,182,405,182,401
184,185,437,185,266
183,184,419,184,227
182,183,417,184,588
184,184,501,185,1947
183,184,590,185,689
184,185,642,185,332
184,185,592,184,359
183,183,672,184,1033
184,185,565,186,707
183,185,516,184,413
183,183,385,184,1506
184,185,464,185,667
184,185,444,185,296
182,183,689,183,318
184,185,411,185,2118
184,184,421,185,393
184,185,666,184,650
184,186,403,185,299
183,185,571,184,554
184,184,631,185,574
184,185,641,186,914
185,188,597,187,429
184,186,536,184,568
185,186,384,186,295
184,185,420,184,291
181,182,482,184,553
184,185,590,185,337
182,183,434,184,333
184,185,381,186,1076
183,184,567,183,1164
183,183,311,185,1174
184,185,499,186,822
183,185,648,184,600
183,184,674,184,1030
184,185,431,184,254
182,183,463,184,312
183,184,163,184,448
185,186,481,186,1587
185,186,544,187,361
183,183,403,183,309
183,184,447,184,375
184,186,535,184,619
184,185,508,186,1875
181,182,664,182,764
185,186,466,185,427
184,184,817,184,1171
184,185,495,185,240
185,185,378,187,950
182,183,766,183,382
184,185,571,185,363
183,184,472,185,355
183,184,618,185,1232
184,185,538,184,943
184,185,597,185,753
184,185,581,185,320
183,185,780,184,898
184,185,492,184,604
185,187,486,187,262
183,185,417,184,262
185,186,492,186,858
184,184,547,185,315
182,182,390,184,630
182,184,574,183,317
183,184,511,184,522
185,186,579,187,3011
182,183,610,183,388
184,185,634,185,441
182,183,501,183,385
184,185,427,186,255
184,184,427,185,238
183,184,449,184,1284
184,185,511,186,405
185,186,615,186,903
181,182,612,182,410
184,185,616,185,328
183,184,628,183,1186
184,186,592,185,1131
182,183,307,183,855
183,183,599,184,544
184,185,433,184,548
184,185,413,185,326
185,186,530,185,531
183,185,719,184,1459
182,183,592,183,1139
184,184,715,184,976
183,183,548,185,563
183,183,647,184,2285
183,184,554,184,937
183,185,409,184,313
183,183,560,183,596
184,186,477,185,786
185,186,576,186,443
184,185,537,185,385
183,184,814,184,391
184,186,669,186,546
183,184,746,185,575
184,185,581,185,478
184,185,442,185,1321
183,186,422,183,1512
184,185,474,184,523
185,186,456,185,1146
184,184,521,184,374
184,187,355,185,734
184,184,626,185,562
184,186,635,185,323
184,184,600,185,561
184,184,690,186,473
184,185,701,185,397
183,185,738,184,688
184,185,530,186,375
183,185,481,183,679
183,184,628,184,347
183,185,671,185,375
184,184,616,185,2951
185,186,587,188,327
183,183,432,184,599
184,184,467,186,537
185,185,576,187,575
184,184,718,185,1234
184,186,468,186,410
185,185,412,187,926
184,184,530,184,746
184,185,652,185,914
183,184,384,184,527
185,186,654,185,1372
184,184,638,185,364
183,183,419,185,335
182,182,757,182,347
183,183,566,184,355
183,183,407,184,358
183,184,613,184,877
184,185,414,186,240
185,187,502,186,231
184,186,589,186,594
185,186,579,187,326
183,184,803,184,1347
184,186,523,186,404
184,185,638,185,341
184,185,633,185,546
183,185,643,184,1653
183,185,563,185,1225
184,184,421,185,796
183,183,456,183,227
184,185,506,185,360
184,186,438,185,814
183,184,1718,183,974
182,183,654,183,754
181,182,435,184,566
184,184,615,185,1105
184,185,609,184,338
184,185,428,186,610
185,186,524,187,302
184,185,443,185,516
183,185,381,184,922
184,185,384,186,401
183,185,415,184,1063
183,184,431,184,617
184,185,639,186,312
184,185,565,184,897
185,185,508,187,1129
182,182,813,184,933
184,185,681,186,748
184,184,484,186,537
184,184,414,185,848
183,183,382,183,1121
185,186,554,186,468
183,184,533,184,1528
183,184,344,184,583
183,184,659,184,1126
185,185,531,186,551
182,183,608,182,327
185,186,636,187,1243
183,184,585,183,273
183,185,448,183,216
183,183,427,183,789
182,184,488,183,297
183,184,540,184,2251
184,184,626,184,376
183,184,487,184,364
184,185,626,185,415
184,185,391,185,786
184,184,600,185,319
184,185,287,185,490
184,185,672,185,331
185,186,470,187,390
183,184,418,184,387
184,185,433,184,297
183,184,669,184,563
185,185,590,187,746
183,183,587,186,323
183,185,685,183,750
183,184,720,184,1162
184,184,420,186,935
182,183,597,183,737
183,184,567,184,738
182,183,370,183,383
183,183,413,185,551
184,185,302,185,367
184,185,424,186,315
185,186,521,186,317
183,184,628,184,425
184,185,361,185,532
183,184,697,183,1826
183,184,696,184,346
183,184,586,185,311
183,183,402,184,396
184,185,614,185,833
183,183,617,184,474
184,184,350,185,237
185,185,442,187,254
184,184,258,186,529
184,185,495,185,347
183,183,595,186,790
185,186,601,187,362
183,184,524,184,746
184,185,560,185,597
185,186,525,187,1113
183,184,650,185,809
183,184,666,186,1161
184,185,576,185,356
183,183,514,185,566
184,185,297,185,744
184,184,276,185,824
184,186,612,185,1122
185,186,544,187,325
184,185,481,184,939
182,184,765,182,1465
183,185,173,184,363
184,184,736,186,745
183,184,621,183,888
184,185,707,184,248
181,182,243,182,268
183,185,436,183,726
183,184,688,185,380
184,185,618,185,344
185,186,556,188,424
185,186,564,186,803
181,181,656,182,626
184,185,620,184,753
184,185,545,184,407
183,184,252,184,610
183,184,416,184,316
183,184,748,183,1003
184,184,383,184,436
184,184,471,187,433
184,184,394,186,2407
185,187,654,186,388
183,184,295,185,353
181,182,482,182,692
184,185,617,184,1515
182,182,639,184,304
182,182,672,182,753
183,184,405,184,1038
185,186,410,187,241
184,185,417,186,503
185,187,398,186,1034
185,185,617,186,326
184,185,660,185,1536
184,185,536,186,699
184,184,427,185,602
183,184,579,184,527
183,184,711,184,1752
183,184,614,183,655
184,184,363,184,516
183,183,440,183,263
184,184,445,185,1067
183,184,536,184,786
184,186,552,184,364
185,186,554,186,517
185,185,543,185,442
182,183,541,183,515
185,186,582,187,416
184,185,643,184,336
184,184,423,186,561
183,184,444,184,1442
183,184,496,184,242
185,185,423,186,244
184,185,505,186,368
185,185,455,187,520
184,185,615,186,599
183,183,598,184,1894
183,184,348,185,435
184,184,644,184,954
184,184,632,184,414
182,183,667,182,1895
183,185,741,185,506
185,186,391,187,445
184,185,348,185,548
183,183,437,186,1261
183,186,573,184,366
184,184,599,185,776
183,184,656,183,391
182,183,553,183,357
184,184,590,186,497
184,185,499,185,372
184,185,620,185,360
184,185,347,185,568
182,183,639,184,1298
184,184,461,184,283
183,183,354,183,278
183,184,429,184,294
182,184,506,183,335
185,185,562,185,343
183,185,595,183,900
183,183,274,184,1419
185,186,576,186,854
184,184,651,184,376
183,184,1067,185,492
184,184,505,185,1262
183,183,492,183,253
183,183,437,184,909
185,186,398,186,240
185,186,504,186,393
184,185,626,185,1144
183,184,555,184,1079
185,186,595,186,323
184,186,554,185,367
184,185,553,184,406
184,185,679,186,1918
183,183,723,183,1161
184,184,405,186,642
184,185,442,184,650
183,184,484,185,418
184,185,687,185,1400
184,186,649,185,515
184,184,490,185,361
184,184,606,187,1514
183,183,521,184,1133
183,184,568,186,1631
183,183,422,184,234
183,183,444,185,365
185,186,548,186,294
183,185,364,184,916
183,184,402,183,1128
184,184,569,185,711
182,183,637,183,942
184,185,469,186,419
184,184,628,185,336
184,184,660,184,661
184,185,652,185,1179
184,184,513,185,268
185,186,400,187,569
182,183,483,183,390
184,184,561,185,357
183,184,666,184,1832
184,185,550,186,330
184,184,553,185,954
184,185,645,185,2696
184,185,639,186,953
184,186,650,185,588
184,184,464,184,511
184,184,380,185,307
184,184,241,185,416
184,185,582,184,710
183,184,462,183,1242
185,185,782,186,325
183,184,630,184,587
183,184,564,183,1112
183,184,592,184,387
184,186,614,185,750
184,184,423,185,349
184,185,315,186,520
183,184,364,183,226
184,184,441,185,224
184,185,429,185,1282
183,183,681,184,602
184,186,597,185,375
183,184,572,185,582
183,184,799,184,521
184,185,622,187,1489
185,186,442,186,417
184,185,650,185,1493
184,185,480,185,458
184,185,451,185,246
183,183,441,183,458
184,185,522,185,416
185,186,391,186,702
184,185,502,185,549
181,182,454,183,1122
185,186,607,187,615
183,185,555,184,727
183,183,629,184,424
184,185,484,185,744
184,185,587,185,916
183,184,435,185,227
185,185,476,186,547
183,185,421,184,1322
185,187,629,187,817
184,185,476,186,915
184,184,556,186,751
184,184,728,185,539
183,185,675,184,371
184,184,578,185,311
183,184,612,184,361
183,184,620,185,424
185,187,312,186,947
184,184,469,187,242
184,185,314,185,252
184,186,435,184,293
182,183,333,183,1683
182,182,580,184,722
185,187,543,186,1105
184,185,658,185,702
184,184,675,185,584
184,185,576,184,406
183,183,736,186,968
182,182,529,183,422
184,184,494,186,574
184,185,460,185,454
182,182,285,183,682
184,184,529,186,415
184,185,551,186,577
183,184,695,183,368
183,183,598,185,370
184,186,595,185,379
182,183,536,183,613
185,187,629,186,340
183,183,503,185,473
183,184,587,184,1133
183,184,534,184,228
184,185,463,185,774
184,184,494,185,700
184,185,356,185,920
184,184,583,186,355
183,183,560,184,557
183,184,246,184,732
182,183,796,183,377
183,183,701,184,794
183,184,616,183,324
184,186,336,185,503
183,184,703,185,557
184,185,543,185,402
184,185,275,184,1356
184,185,465,184,2157
185,185,683,187,656
185,186,626,185,576
184,185,590,185,1798
183,184,410,183,351
184,184,624,185,623
184,185,680,185,319
183,183,651,184,1129
185,186,433,187,246
182,182,470,182,319
184,186,605,185,605
182,183,591,183,403
185,186,591,185,345
184,185,581,185,603
184,185,584,186,1182
185,185,689,185,535
185,186,552,186,524
184,185,663,185,506
184,186,569,184,421
185,185,479,186,869
183,184,507,183,295
184,185,175,185,493
185,186,564,185,598
184,185,643,185,1175
184,186,395,185,320
183,184,398,184,355
185,185,649,187,909
183,184,437,184,530
184,184,294,185,700
185,187,644,187,1509
184,185,493,185,307
184,184,392,185,293
184,185,450,184,1107
184,185,593,186,620
184,185,349,185,783
183,183,625,184,589
184,185,297,185,455
184,184,646,186,805
185,186,580,186,527
184,185,589,184,530
183,183,281,183,775
183,184,596,184,515
183,183,663,185,316
185,185,451,186,281
184,185,639,186,1095
184,185,318,185,389
185,185,592,185,387
183,184,743,183,509
183,184,431,183,892
184,185,371,186,402
183,184,666,184,712
183,184,698,184,921
183,183,742,185,397
185,186,671,186,410
184,185,570,185,413
183,184,365,183,922
184,184,432,186,553
185,186,481,186,424
184,185,727,186,1634
183,184,601,185,312
184,185,535,184,917
184,186,604,184,1135
183,184,671,184,405
184,185,608,184,329
183,183,790,184,920
183,183,459,183,267
183,185,524,184,252
183,184,486,183,520
184,185,627,184,1691
184,185,563,185,324
183,185,389,185,839
185,185,565,188,348
183,184,216,184,355
183,184,897,183,1362
183,183,588,183,717
184,184,488,186,588
185,186,539,186,329
183,184,455,184,371
183,184,423,184,814
183,184,542,184,730
183,184,381,184,1110
185,185,550,186,1559
184,185,627,184,511
183,185,763,184,724
183,186,728,184,431
183,184,776,184,1814
184,185,441,186,272
185,185,432,186,231
184,185,470,184,615
184,185,359,187,360
184,186,577,186,1506
185,185,639,186,901
184,185,607,185,1509
183,184,385,184,571
184,185,727,185,339
185,186,603,187,409
185,187,592,186,547
185,186,413,188,1057
183,185,488,185,586
184,185,581,185,378
184,186,621,184,593
184,185,670,185,513
184,185,464,185,405
184,185,584,184,321
184,186,632,184,1156
184,184,620,186,764
184,185,499,186,371
184,185,555,185,443
183,183,622,186,815
183,183,426,184,506
183,184,306,184,949
184,185,512,186,309
183,184,708,185,321
184,185,645,185,1616
183,184,404,184,552
184,186,599,185,543
184,185,649,184,361
184,185,651,185,527
183,184,754,185,395
184,184,526,185,421
185,186,435,185,285
182,183,476,183,500
183,183,461,183,254
183,184,436,184,502
185,186,568,187,542
184,185,748,185,823
182,182,434,184,1828
183,184,470,185,2005
184,186,559,185,758
182,184,659,184,556
184,184,590,187,587
184,185,454,185,373
184,185,437,185,351
184,185,663,186,1158
185,186,662,186,604
184,185,607,185,415
184,185,558,184,416
183,183,585,185,446
