177,178,698,179,1128
179,180,527,180,285
178,179,545,180,480
179,180,594,179,618
178,178,697,179,407
180,180,560,181,398
176,176,399,176,1231
179,179,682,180,1191
179,180,532,180,617
179,180,305,180,551
179,181,743,180,467
179,180,461,179,437
180,182,635,181,468
180,180,652,182,389
179,179,725,180,932
179,179,612,180,794
179,180,429,179,423
179,180,442,181,356
178,179,618,180,1016
178,179,626,179,3165
179,180,679,180,642
178,178,610,178,474
176,177,558,176,509
178,179,583,179,364
179,180,738,180,913
178,179,679,180,802
179,180,498,180,443
178,179,488,179,799
179,180,421,181,1271
180,181,530,182,1041
179,179,572,179,853
179,179,495,180,355
178,180,769,180,847
177,178,507,178,778
179,180,693,180,580
178,178,707,178,449
178,179,648,180,617
179,180,692,182,423
179,181,748,180,432
179,179,393,179,1349
180,180,495,182,320
179,180,914,181,733
178,180,686,180,387
180,181,659,181,611
179,181,695,180,1029
179,179,621,181,880
179,180,642,181,1147
179,179,724,181,1535
178,179,699,179,559
178,180,558,180,393
179,179,446,180,572
179,180,473,179,423
177,177,440,177,497
180,180,585,181,617
178,178,629,179,1336
179,180,639,181,394
179,180,368,180,824
179,179,588,181,400
179,179,705,179,415
177,177,723,179,529
179,180,467,181,615
179,180,537,180,1179
178,179,650,178,499
179,181,559,180,331
178,179,326,179,268
179,180,499,179,292
178,179,243,179,349
177,179,651,178,1955
178,179,683,179,881
179,180,751,182,1551
179,180,671,180,1420
178,179,384,178,1331
179,179,567,180,455
179,180,498,180,387
179,180,681,180,398
180,182,721,182,408
179,180,531,180,1394
180,180,359,181,291
179,180,487,181,494
177,179,879,178,482
179,180,707,180,599
179,180,837,179,423
177,177,738,178,635
180,181,866,181,934
178,179,782,179,1295
179,180,505,181,534
179,180,723,179,1676
178,179,560,180,1366
177,178,264,178,412
177,177,356,178,349
177,177,666,177,854
180,181,677,181,659
179,180,680,180,615
179,180,1655,180,755
178,179,699,180,833
179,181,753,181,1108
179,180,833,180,797
177,177,657,178,1076
179,180,543,179,332
179,180,372,181,279
178,179,436,179,1019
179,181,593,180,1572
178,179,738,179,1193
179,179,553,180,365
177,178,780,178,423
178,179,474,179,875
180,181,674,183,623
179,181,780,181,439
178,179,652,181,471
179,180,380,180,365
179,179,587,179,772
179,179,684,181,470
180,181,459,181,445
179,180,360,180,922
179,181,303,180,1167
180,180,732,183,2250
179,179,608,179,403
178,179,795,179,356
179,180,645,179,393
179,180,749,180,1706
180,181,594,181,1292
179,180,715,180,518
178,178,534,179,493
179,180,551,180,605
179,179,471,181,474
178,179,756,178,594
178,180,310,179,554
179,179,618,181,647
179,179,582,181,450
179,180,829,180,1388
179,179,616,180,1285
178,179,686,178,1100
179,180,402,179,551
179,181,650,181,1244
180,182,301,181,361
180,181,480,180,469
178,179,510,178,873
179,179,691,179,572
179,181,842,180,799
179,180,649,181,658
177,177,681,178,2188
180,182,573,181,395
178,180,565,179,426
179,180,774,180,632
177,177,595,179,657
179,180,456,181,475
179,180,465,179,885
179,180,443,179,624
180,181,457,180,517
180,181,604,182,1059
179,181,737,179,617
177,179,612,178,1659
178,180,636,178,887
179,180,749,180,1239
178,178,662,179,838
179,181,698,180,409
178,178,675,179,1461
177,179,568,177,282
177,177,286,179,285
179,180,492,179,1603
180,180,667,180,1148
180,181,787,181,844
179,181,465,180,1054
180,181,728,180,1525
178,179,412,179,948
180,180,720,182,644
180,182,394,183,1711
179,180,425,180,1091
178,178,407,179,333
179,179,422,180,315
179,180,554,180,480
178,179,627,178,847
178,179,742,178,1120
180,181,705,182,897
180,180,615,181,675
179,180,706,180,913
178,178,852,179,516
179,180,718,180,1530
176,176,407,177,356
179,181,505,181,441
179,179,411,181,363
176,177,506,177,407
180,181,498,180,421
179,180,758,180,722
178,179,767,180,390
179,180,791,180,583
180,181,497,182,577
179,180,584,181,405
179,180,566,179,1034
179,180,674,179,1168
179,180,690,181,655
178,179,463,179,403
178,179,529,179,964
179,180,487,180,260
179,180,409,181,283
178,180,498,180,488
178,179,430,180,373
179,180,735,180,666
179,180,758,181,896
178,179,650,181,782
179,180,691,180,375
179,180,378,180,1262
180,181,706,181,627
179,179,636,180,507
179,180,756,180,625
178,179,665,179,1143
179,181,416,180,345
180,180,449,181,1402
178,179,682,179,445
178,179,547,179,697
178,179,496,179,1155
179,180,641,180,486
177,178,453,178,753
178,178,604,178,367
179,180,741,179,864
180,181,493,181,644
177,178,512,177,719
179,180,752,181,487
177,177,499,178,611
179,179,360,180,270
178,178,303,180,299
179,179,402,180,567
178,178,545,178,1265
179,180,806,180,1288
179,179,635,180,951
178,179,632,179,373
178,179,628,178,737
179,180,353,180,373
179,179,706,180,1041
179,180,622,181,439
176,177,839,177,421
180,180,467,182,318
179,180,517,181,785
179,180,460,182,518
180,181,566,182,710
179,180,626,181,459
179,179,824,181,652
179,180,761,180,478
177,179,579,179,840
179,179,888,180,424
178,179,600,179,503
178,179,772,179,714
178,179,489,180,734
178,178,944,180,1015
180,182,514,181,326
178,178,546,178,464
179,179,479,180,648
180,180,679,181,547
180,181,425,181,1104
178,178,547,179,750
178,180,616,179,2131
179,180,676,180,1089
178,179,780,179,403
179,181,797,180,1445
180,181,478,180,335
179,180,500,180,3270
177,178,713,179,703
179,180,707,180,417
179,180,701,181,2485
179,182,712,179,761
180,182,760,181,1717
179,181,724,179,518
179,179,582,180,1317
178,178,290,178,550
179,182,453,179,329
178,179,637,180,1495
178,178,623,180,406
178,178,671,179,569
178,179,522,179,1442
180,181,502,181,714
179,180,528,181,393
180,181,526,181,698
178,179,590,179,558
177,179,429,179,1032
179,180,724,180,458
177,177,580,177,723
179,180,584,179,706
179,180,627,179,510
178,179,958,180,1270
178,179,571,180,971
178,179,470,179,620
179,180,557,180,525
179,180,551,179,344
179,179,391,181,619
179,180,387,179,252
179,180,395,182,920
179,180,574,181,645
179,180,582,179,364
179,180,648,182,322
179,180,412,181,485
179,181,570,181,437
179,180,695,179,489
179,180,849,180,1355
179,181,713,179,1209
177,178,547,178,476
178,179,249,179,234
178,179,275,179,289
179,180,400,181,239
180,181,402,181,348
180,182,377,183,461
179,179,613,180,2983
178,179,589,179,527
180,180,542,181,1608
178,179,615,178,872
179,180,628,179,335
180,181,586,180,1065
178,179,455,179,500
179,180,381,181,267
177,177,444,178,318
178,180,423,178,777
180,181,409,182,952
179,180,573,180,667
179,179,722,180,753
179,179,406,179,535
178,179,435,179,377
178,179,308,179,663
180,181,610,182,740
178,180,597,178,322
180,182,555,181,603
179,180,379,180,228
178,179,451,179,286
180,181,534,181,1524
179,180,602,180,1068
180,181,516,181,315
178,179,335,180,527
180,180,562,182,319
180,181,738,181,754
180,181,621,181,1443
179,181,649,180,522
179,180,597,179,567
178,179,391,179,242
180,181,409,182,547
179,180,393,180,267
180,181,491,183,711
179,181,606,180,430
178,179,608,179,531
179,179,560,180,507
178,179,466,179,965
178,178,498,179,949
178,179,761,179,387
178,179,451,179,376
179,180,617,180,341
179,181,638,180,566
179,179,361,180,240
178,179,352,180,337
180,181,327,181,1186
178,178,387,180,462
179,179,614,179,546
178,179,414,180,2045
178,178,664,178,314
179,180,546,179,344
177,179,540,178,1464
180,181,512,181,875
178,179,587,179,677
179,180,703,179,768
178,179,371,179,340
179,180,403,180,275
179,179,507,181,555
179,180,542,180,1794
180,182,513,180,1052
178,180,568,179,896
178,179,626,180,379
178,178,447,179,834
179,179,623,181,1136
179,180,501,181,312
178,178,470,180,225
178,178,380,179,500
180,180,401,180,242
179,180,542,179,674
177,179,366,178,472
178,179,623,178,683
179,180,638,180,777
179,181,519,180,324
179,180,648,180,379
179,182,433,179,892
178,179,496,179,578
179,181,664,181,398
180,182,551,180,392
179,180,516,180,358
178,178,416,178,342
179,180,379,180,403
179,180,229,180,280
179,180,614,179,1148
178,179,686,179,704
179,180,589,181,928
179,180,693,181,343
179,180,626,180,522
179,180,415,180,487
177,178,685,178,496
179,180,583,180,510
178,179,520,179,310
178,179,628,180,776
179,179,317,180,400
180,181,433,181,481
179,180,292,180,400
178,179,747,178,330
178,179,496,179,1082
178,178,700,178,489
178,179,591,179,421
179,179,495,180,320
178,179,505,179,721
179,180,358,180,637
179,179,508,181,711
178,178,457,179,338
178,179,620,180,876
177,179,465,178,729
178,178,387,179,933
179,179,478,179,763
179,179,583,181,1042
177,179,590,178,731
180,181,545,180,327
178,178,597,179,507
179,180,605,181,412
178,179,533,178,518
178,179,453,179,693
179,180,611,180,545
178,180,453,180,354
179,180,335,180,475
180,180,407,182,543
179,180,569,180,524
179,180,603,181,321
177,178,451,178,818
179,180,606,181,791
178,179,680,178,1157
180,181,607,181,576
176,177,375,177,1092
179,179,467,180,818
180,181,567,181,911
179,179,350,181,382
180,181,377,180,280
177,178,413,178,292
180,181,208,180,1102
179,179,694,179,1092
178,179,560,178,947
178,180,558,178,648
179,179,472,179,558
179,180,491,181,1254
177,179,533,178,547
179,179,559,180,681
179,180,500,181,891
179,180,429,180,577
178,179,352,178,385
179,180,446,180,323
179,179,602,180,383
179,179,573,180,325
176,178,235,177,347
178,180,692,179,790
179,179,551,180,329
179,179,603,180,942
178,179,293,179,1018
179,179,612,181,323
180,181,455,181,371
178,178,558,179,262
180,181,367,181,502
180,181,384,182,238
179,180,324,180,706
178,178,349,179,916
179,180,557,181,506
179,179,925,179,835
180,180,281,181,1128
179,181,512,181,1314
179,179,613,181,1060
178,179,542,180,352
179,181,658,181,374
180,181,425,181,263
179,179,453,180,727
178,178,183,178,491
179,179,491,181,749
178,178,539,179,1903
179,180,538,179,322
180,181,397,182,1045
179,180,493,179,565
179,180,594,180,327
177,177,420,179,515
178,178,674,179,347
179,180,660,180,311
177,178,496,178,223
179,181,413,180,545
179,181,447,181,562
177,178,556,178,328
179,180,601,180,713
178,179,1048,178,1048
178,178,481,180,683
180,181,575,181,371
179,180,457,180,374
178,180,445,179,536
180,181,596,181,379
179,180,564,181,701
178,179,507,181,307
178,178,444,179,373
180,180,488,181,247
177,177,329,178,240
179,181,443,180,941
178,179,364,179,345
177,178,345,177,1007
179,179,585,180,826
178,179,506,179,1065
179,179,572,181,400
178,179,607,179,399
179,179,389,180,1029
178,179,596,180,850
179,180,279,179,612
180,180,400,181,283
179,180,371,182,238
179,179,419,181,496
180,181,554,181,1084
180,181,656,181,1139
179,180,575,179,308
179,180,485,179,495
179,179,563,180,322
180,180,707,182,312
180,181,306,181,272
178,179,577,179,369
177,177,692,178,385
178,179,665,179,383
180,181,465,181,526
179,181,469,179,777
179,179,447,181,242
179,180,509,180,490
180,181,591,183,1109
179,180,590,180,371
179,181,421,181,573
178,178,597,179,898
179,180,396,180,500
179,180,545,180,894
180,181,450,182,530
179,180,673,180,1181
177,178,330,179,222
180,180,357,180,239
179,179,442,179,890
178,178,506,178,371
179,180,596,180,304
179,180,402,180,320
179,181,556,180,724
179,181,495,181,1260
179,180,489,181,507
180,181,589,181,667
179,181,562,181,596
177,177,643,177,730
179,181,494,180,436
179,179,333,179,295
178,179,228,179,384
179,180,345,181,242
180,181,359,182,1348
179,179,530,181,351
179,180,594,181,387
179,179,551,181,2258
179,180,573,181,804
178,179,567,180,1803
179,181,646,181,858
178,179,537,179,293
178,180,445,180,482
179,180,374,180,276
179,180,936,180,699
179,180,585,179,349
179,180,428,180,352
179,180,360,180,750
180,181,499,181,410
178,179,623,180,318
179,179,529,180,726
177,178,437,177,404
179,180,531,181,613
179,180,1740,179,494
180,181,321,182,741
180,180,396,181,365
178,179,417,180,571
178,178,552,178,866
178,179,662,179,357
178,179,573,179,747
180,180,488,181,772
179,180,538,180,377
179,181,576,181,373
178,179,599,179,953
178,179,422,180,665
177,178,251,177,322
180,181,487,181,461
179,181,288,180,227
179,180,431,179,544
180,181,418,182,364
180,181,389,180,980
180,181,623,181,399
179,179,516,179,348
180,182,558,182,774
180,181,544,182,326
179,180,565,180,382
178,178,509,179,894
179,180,529,181,434
179,180,552,180,422
179,180,612,179,312
177,178,728,178,1341
180,181,469,181,331
180,181,533,182,338
178,179,370,179,394
179,180,471,180,1297
178,178,454,179,293
180,181,507,181,626
180,181,623,181,415
178,180,687,179,853
180,180,579,181,1482
178,180,604,181,414
179,180,324,180,265
178,178,404,178,241
178,179,189,180,612
179,180,411,179,638
179,180,592,180,343
179,180,422,179,1202
179,180,606,181,1085
180,181,560,181,510
180,181,559,182,352
178,179,447,179,752
179,180,582,179,533
178,179,557,180,303
180,181,560,182,725
178,178,221,179,359
179,181,387,179,1356
178,178,262,178,289
179,181,595,179,1253
179,180,657,180,432
178,179,739,180,894
178,179,709,178,316
178,180,572,180,361
179,180,674,179,1588
178,178,531,179,772
178,179,523,180,522
178,179,398,180,255
179,180,387,180,212
179,180,349,179,593
180,180,430,181,1280
179,180,554,179,371
178,180,440,179,500
178,179,631,179,660
179,179,571,180,750
180,181,575,180,361
179,180,485,180,372
179,180,497,181,879
180,181,556,180,318
179,180,548,181,393
179,179,544,182,275
179,180,346,180,285
177,178,373,178,260
180,181,396,182,357
179,180,529,179,1067
177,178,706,178,392
179,181,639,180,539
179,180,279,181,935
177,178,608,179,1360
178,178,393,180,581
180,181,610,180,514
179,180,443,181,546
179,180,541,180,549
179,179,575,180,326
179,179,485,180,241
178,179,508,178,257
180,181,610,181,912
177,177,696,178,753
180,181,563,180,508
180,181,619,181,512
180,181,480,180,2421
179,179,611,181,567
180,180,600,181,548
178,179,632,179,484
178,180,613,179,689
179,179,414,179,484
180,181,358,182,256
179,179,318,180,241
177,178,519,178,403
179,181,554,180,760
180,181,571,181,828
179,179,628,181,376
180,181,520,181,750
177,179,646,178,695
178,179,390,178,380
179,180,688,179,1048
179,180,669,180,816
180,180,408,181,902
179,179,393,180,294
177,178,428,178,613
179,180,794,180,708
180,181,574,181,1172
178,179,565,179,745
179,181,596,179,360
178,179,614,179,890
178,179,556,179,404
178,180,618,179,708
178,179,504,180,578
179,180,546,179,1183
180,180,409,181,228
178,178,582,179,228
179,179,373,180,464
179,179,504,181,1088
178,178,591,180,382
179,180,539,180,1240
178,179,526,179,738
179,180,586,180,2250
179,180,579,180,532
180,180,588,180,300
179,180,556,180,1035
179,181,347,180,346
177,179,266,178,564
179,180,583,181,310
178,178,616,180,364
178,179,837,178,516
178,178,460,179,554
179,180,605,181,338
178,178,546,178,370
179,180,602,181,976
179,180,557,180,318
178,179,731,179,667
179,180,550,180,341
179,179,184,181,445
179,180,452,181,496
179,180,435,180,255
178,179,421,181,648
176,177,437,178,685
180,180,579,181,513
180,180,504,182,733
178,180,716,181,656
179,181,687,181,777
180,181,623,182,345
178,179,502,179,858
180,181,549,181,1153
178,179,290,178,313
177,179,537,178,756
177,178,203,177,311
177,178,571,177,858
180,181,779,182,366
179,181,416,181,308
178,180,658,178,1176
178,179,796,179,337
180,181,562,180,732
179,179,406,181,286
178,179,606,180,1576
180,181,618,183,408
178,178,340,180,1086
180,180,376,181,741
179,180,402,180,972
179,179,494,179,701
178,178,542,181,739
179,180,522,180,621
179,181,283,180,316
179,181,500,181,305
180,180,357,181,333
178,179,477,179,400
179,179,610,179,384
179,179,507,180,328
178,180,436,179,379
179,180,633,181,693
178,179,455,178,267
178,179,345,179,261
179,181,319,180,453
178,179,431,180,274
178,179,665,178,576
179,179,452,179,338
178,178,632,179,1096
180,181,581,182,1528
179,180,897,180,1270
179,180,614,180,509
180,182,557,181,598
179,180,392,181,839
179,179,349,181,493
178,179,340,179,388
178,179,931,180,2134
179,179,611,180,364
179,180,643,182,373
179,181,615,179,541
179,181,490,180,640
179,180,596,180,613
180,180,545,182,670
178,179,484,179,299
179,179,538,179,544
179,179,417,179,670
177,177,413,178,482
178,178,433,179,239
179,181,549,180,491
179,180,271,179,403
179,181,532,181,852
180,181,527,181,390
178,178,548,180,505
179,181,484,181,482
180,180,557,180,955
178,179,556,180,843
179,180,599,180,312
179,180,540,180,754
178,180,466,179,239
179,179,250,180,1372
178,178,409,179,471
179,179,364,179,1129
177,178,380,178,283
178,180,353,179,312
178,179,539,179,2291
178,179,616,179,862
178,179,629,179,347
178,180,610,180,1469
179,181,352,180,279
179,181,427,181,341
178,179,449,178,554
180,181,513,181,378
178,179,518,180,380
179,181,552,180,548
178,178,382,178,417
178,179,460,180,416
179,181,286,180,1419
178,179,236,178,357
177,178,543,177,732
180,180,572,181,303
179,180,527,180,590
178,179,412,179,289
179,181,418,179,507
179,179,429,181,234
178,178,380,180,679
179,180,576,180,1754
179,179,489,180,602
179,179,619,182,690
179,181,489,180,556
180,182,573,181,390
178,179,674,179,706
179,180,481,179,808
179,179,325,181,884
178,179,358,179,615
179,179,282,180,279
179,180,310,179,404
178,180,363,180,294
179,180,602,180,353
180,180,545,182,366
179,180,360,180,468
178,179,635,180,897
178,179,634,179,308
178,179,572,180,1721
179,180,437,180,646
179,180,576,180,659
179,180,512,180,279
180,181,396,181,355
178,179,473,179,222
179,180,393,180,249
179,179,470,182,680
177,178,464,178,301
178,180,551,180,477
177,177,646,179,694
178,179,531,179,1756
180,182,504,180,362
179,180,568,180,584
178,179,522,180,932
179,180,576,181,538
178,179,310,179,522
175,176,261,175,234
179,181,436,180,275
178,179,261,179,640
179,179,592,180,485
178,179,357,179,296
179,181,349,180,660
180,181,489,181,839
179,179,299,179,356
180,181,474,182,1183
177,177,477,179,1114
178,179,573,178,791
179,180,523,180,1042
179,180,433,180,223
178,179,435,179,368
180,181,415,182,692
178,180,377,179,281
178,180,607,179,657
179,179,348,179,508
178,179,592,179,520
179,180,636,179,515
179,180,573,179,418
178,178,618,179,835
178,179,269,179,1468
176,177,743,177,992
179,180,173,181,251
179,181,349,181,710
179,181,352,180,945
179,179,619,180,815
178,179,548,178,428
178,178,770,179,687
179,180,549,180,586
178,178,573,178,1703
178,178,676,179,509
178,178,217,179,542
178,179,629,178,356
179,180,553,180,245
179,180,417,181,269
178,180,143,179,340
178,179,353,179,1195
179,180,604,180,388
178,178,387,180,814
179,181,465,180,566
178,178,368,179,302
179,179,392,180,553
178,179,735,179,341
178,179,453,179,315
179,180,572,180,1052
178,179,562,179,484
179,180,575,179,512
179,180,449,180,254
180,181,426,182,718
177,177,299,177,482
179,179,549,179,555
176,177,914,177,687
179,179,566,179,482
179,180,717,179,309
179,179,566,180,510
178,178,621,178,1813
179,180,411,179,319
178,178,306,181,372
179,180,591,182,526
178,178,470,178,512
179,181,369,181,210
178,178,215,179,338
180,181,463,181,378
177,178,643,178,1227
177,177,596,179,295
178,180,342,178,302
180,180,594,181,338
180,181,540,181,1253
178,178,278,179,488
179,179,410,181,479
178,179,617,178,395
179,180,544,180,1270
179,180,441,179,755
179,180,406,181,490
179,180,435,182,522
180,181,559,181,1071
180,181,534,182,1843
180,182,461,181,362
179,179,618,179,379
179,179,516,180,1082
178,178,393,180,340
180,180,523,182,1252
179,180,532,179,257
179,180,283,180,247
179,180,386,180,546
178,178,360,178,393
180,182,574,180,538
179,180,609,180,1068
180,181,569,181,360
178,179,604,180,861
180,181,640,181,1755
178,178,528,179,382
178,179,478,178,624
179,180,621,179,957
180,181,353,181,395
179,180,368,180,744
179,179,508,180,330
178,179,547,178,1220
180,181,528,181,397
177,177,513,178,344
178,178,455,179,344
177,177,413,179,361
179,181,404,179,1068
179,180,577,180,304
179,180,306,181,1023
178,178,544,178,1275
179,180,339,179,479
178,179,649,181,219
179,180,435,180,887
179,179,566,181,336
179,181,716,181,383
179,180,511,180,1031
179,180,583,181,1245
179,180,390,180,923
179,179,586,180,2180
179,180,569,180,733
179,180,628,180,265
179,180,459,179,289
177,178,193,178,226
179,179,488,179,310
179,180,543,180,407
180,181,596,180,494
177,178,493,178,524
178,180,294,179,786
180,181,488,182,482
179,181,321,180,730
179,179,545,181,1519
179,180,519,179,546
178,178,543,178,481
180,181,380,181,1174
179,180,393,180,258
179,180,455,180,323
178,180,319,180,310
179,180,560,180,673
180,180,499,180,573
179,181,253,180,1377
178,180,452,180,501
180,181,552,181,367
179,180,629,180,490
179,180,551,180,357
180,181,590,181,1080
177,177,491,177,219
180,180,376,181,476
179,180,340,180,274
178,179,303,180,208
177,177,909,178,716
180,181,443,182,304
179,180,1601,181,931
179,180,540,181,361
178,179,574,179,511
180,181,517,180,541
178,178,397,179,373
179,179,221,180,310
180,180,552,181,1494
