(0 4 2)(1 5 3)->[(0 2 4), (1 5 3), (0 2 4)]
(0 3 1)(2 6 4)(5 8 7)->[(3 5 8), (2 6 4), (1 7 5)]
(0 8 2)(1 6 4)(3 7 5)->[(1 4 6), (3 7 5), (1 4 6)]
(0 5 3)(1 8 2)(4 7 6)->[(2 4 8), (0 5 3), (1 8 7)]
(0 3 1)(2 8 5)(4 7 6)->[(0 3 6), (2 8 5), (0 4 7)]
(0 7 2)(1 8 6)(3 5 4)->[(0 2 7), (1 8 6), (0 2 7)]
(0 7 2)(1 5 4)(3 8 6)->[(1 3 8), (3 5 6), (0 7 2)]
(0 8 4)(1 7 5)(2 6 3)->[(0 2 4), (4 6 8), (1 7 5)]
(0 6 3)(1 7 2)(4 8 5)->[(2 4 7), (0 6 3), (1 7 8)]
(0 6 1)(2 7 4)(3 8 5)->[(2 4 7), (3 8 5), (2 4 7)]
(0 7 3)(1 8 5)(2 6 4)->[(0 3 7), (1 8 5), (0 3 7)]
(0 7 3)(1 6 4)(2 8 5)->[(1 4 6), (2 8 5), (1 4 6)]
(0 5 1)(2 7 4)(3 8 6)->[(1 2 7), (0 5 1), (3 8 6)]
(0 8 4)(1 5 3)(2 7 6)->[(0 2 7), (0 8 4), (1 5 3)]
(0 7 2)(1 5 3)(4 8 6)->[(3 4 8), (1 5 3), (0 7 2)]
(0 6 3)(1 7 4)(2 8 5)->[(0 3 6), (1 7 4), (0 3 6)]