(0 4 6 1 2 3 5)->[(0 1 2), (0 4 1), (0 2 3), (0 5 6)]
(0 3 5 1 6 4 2)->[(0 1 5), (1 2 3), (0 3 4), (4 5 6)]
(0 4 1 5 2 6 3)->[(0 1 4), (0 1 2), (2 4 5), (0 6 3)]
(0 5 1 4 2 6 3)->[(0 1 4), (0 1 2), (2 3 6), (3 4 5)]
(0 5 6 1 3 4 2)->[(0 1 2), (0 3 1), (0 2 5), (4 5 6)]
(0 4 2 6 3 1 5)->[(0 1 2), (1 2 4), (0 5 3), (4 5 6)]
(0 5 1 3 4 6 2)->[(0 1 2), (1 2 5), (0 3 4), (4 5 6)]
(0 2 5 1 3 4 6)->[(0 1 5), (1 2 4), (2 3 5), (0 6 1)]
(0 5 1 2 3 6 4)->[(0 1 3), (0 1 2), (2 3 4), (2 5 6)]
(0 4 2 6 1 3 5)->[(0 1 2), (0 3 1), (0 2 5), (3 4 6)]
(0 3 6 1 5 2 4)->[(0 1 2), (0 5 1), (0 2 3), (3 4 6)]
(0 5 6 2 4 1 3)->[(0 1 2), (0 4 1), (0 2 3), (4 5 6)]