0,113,1,14,125,11,15,94,3,100,58,129,97,38,8,12,9,102,78,5,112,22,60,46,66,2,4,28,70,67,73,91,123,36,92,120,13,63,65,64,127,31,61,105,41,57,30,75,82,115,118,53,7,128,77,99,21,106,109,93,80,33,76,26,27,6,55,130,71,59,23,114,122,84,69,68,20,49,95,43,52,35,87,54,74,34,47,39,83,18,29,51,110,121,32,117,89,90,111,37,56,85,88,81,124,72,107,10,17,19,24,16,40,101,116,96,44,48,104,42,45,98,108,25,79,62,126,103,119,50,86,
0,118,70,84,88,57,77,92,102,72,30,64,47,34,8,24,98,4,97,83,107,86,71,119,15,121,17,5,45,40,65,62,9,99,29,113,38,95,18,42,124,50,10,105,20,12,104,14,46,21,7,51,96,27,43,115,108,89,36,61,37,126,123,63,22,82,101,75,52,2,80,3,125,122,56,114,116,127,44,66,60,129,6,59,100,94,11,16,128,55,41,26,93,87,69,81,39,91,32,103,106,54,109,79,19,130,13,78,74,120,1,28,110,23,117,90,111,73,48,67,49,68,58,85,112,31,76,35,33,53,25,
0,84,130,33,43,5,65,66,123,95,54,56,117,55,91,29,69,100,58,129,51,118,77,128,26,74,94,10,30,27,103,1,112,119,8,17,83,87,108,42,23,14,106,76,35,21,62,59,98,15,88,32,78,24,121,20,90,116,97,105,124,22,49,11,34,12,48,53,19,25,28,122,45,72,96,52,82,2,109,61,81,41,80,3,114,111,37,113,50,39,18,38,67,115,4,120,110,71,16,68,126,36,57,86,99,63,107,127,125,40,13,6,89,47,31,70,7,79,46,85,101,93,60,92,102,9,73,104,75,64,44,
0,105,77,5,85,69,94,56,11,23,38,64,108,121,101,40,33,98,102,28,88,123,125,50,87,109,71,45,86,16,130,51,79,82,52,14,66,104,57,111,44,61,127,34,35,2,30,15,106,93,89,129,126,65,95,18,41,7,47,90,55,20,27,113,31,112,62,26,97,76,115,29,43,53,37,122,12,117,118,128,22,67,78,91,116,39,60,68,24,120,58,70,10,49,13,96,46,1,73,92,25,54,75,21,119,63,83,110,42,19,48,72,32,81,36,3,74,6,103,124,99,84,8,4,114,59,9,100,17,107,80,
0,90,76,94,101,47,55,82,88,54,116,100,121,96,79,104,3,125,95,107,80,129,32,126,83,61,45,103,57,12,6,119,81,37,26,128,110,62,4,9,127,92,46,40,124,20,48,86,87,98,89,14,43,22,15,34,30,122,73,117,85,8,69,68,108,111,11,71,84,38,21,42,59,2,49,31,5,60,44,13,74,19,51,28,23,53,78,1,16,64,102,120,130,18,36,65,17,27,39,41,109,114,52,33,63,97,24,123,77,75,35,10,112,66,58,93,118,113,67,29,25,105,50,56,115,7,106,99,91,70,72,
0,78,5,96,113,97,120,54,114,40,109,116,47,101,12,84,71,130,27,31,91,25,92,48,19,6,126,128,83,111,74,77,34,93,127,95,82,56,43,29,52,38,53,117,104,41,119,15,66,32,22,125,2,121,35,124,90,23,75,30,129,118,79,106,100,94,10,108,33,76,68,61,58,26,86,70,60,24,99,112,9,49,65,36,73,57,20,105,17,37,42,7,4,123,28,55,102,88,64,89,62,87,1,3,80,21,11,110,39,115,50,67,85,46,81,122,8,103,45,107,98,18,16,13,59,63,14,44,72,51,69,
0,25,11,8,126,115,16,37,39,51,57,117,73,33,31,70,69,74,120,59,46,13,68,104,15,20,45,77,62,118,67,4,40,113,78,53,130,124,55,52,75,84,18,32,23,105,125,26,5,94,93,112,43,6,97,119,7,128,114,58,116,30,86,36,19,99,28,110,21,88,24,64,72,81,89,90,42,102,96,122,35,66,111,12,9,63,71,2,121,29,91,109,14,101,17,76,108,103,60,83,41,22,79,106,48,92,49,61,47,65,100,82,95,85,107,123,34,50,3,10,27,80,87,1,56,38,98,44,54,127,129,
0,100,117,64,18,25,70,96,33,89,32,22,121,65,85,90,103,46,123,110,79,47,34,28,84,37,9,130,112,55,38,68,23,26,2,15,13,104,97,111,40,119,69,76,86,49,77,98,113,101,129,56,14,35,115,109,124,83,127,54,5,114,93,72,118,41,81,53,45,43,108,128,21,75,51,91,20,31,6,12,10,99,59,60,48,39,57,78,107,42,80,19,88,36,116,50,29,126,74,125,61,58,52,120,30,87,1,11,8,3,62,24,82,16,63,105,92,122,71,7,102,66,67,44,95,106,27,4,17,94,73,
0,127,110,53,84,77,58,104,117,29,55,105,34,17,39,130,62,116,90,25,41,65,18,37,21,45,44,123,28,79,4,95,129,83,32,92,128,38,122,119,109,100,1,50,73,69,7,106,40,101,75,126,93,5,12,67,82,52,87,71,60,125,121,118,66,107,22,85,113,64,70,31,23,26,9,98,48,57,43,54,124,68,108,99,46,51,49,11,6,8,94,61,115,80,86,112,102,78,96,81,91,2,97,20,3,14,56,63,13,35,59,27,114,120,24,89,47,111,88,33,16,10,103,19,15,30,74,36,76,72,42,
0,42,41,60,8,29,99,120,3,55,81,94,72,18,61,47,77,23,7,82,32,79,126,40,110,11,4,98,63,78,50,15,80,51,69,114,113,76,106,9,103,129,75,65,22,84,108,95,92,123,59,124,39,25,118,105,109,83,87,127,24,102,89,64,31,13,6,5,38,43,71,37,86,70,128,130,46,16,97,34,20,33,35,85,121,111,12,68,17,117,14,112,116,91,125,19,44,93,62,58,100,96,10,26,28,66,88,73,122,2,52,119,45,56,67,1,53,57,90,104,30,74,27,48,115,49,54,36,21,101,107,
0,111,48,12,15,86,65,83,4,30,14,19,103,37,58,36,107,35,39,91,108,116,7,119,52,20,89,81,122,106,78,84,69,27,50,56,53,72,6,121,124,63,93,74,125,33,127,45,5,34,32,97,16,54,94,47,109,77,96,29,123,24,112,105,102,40,46,61,42,79,115,44,120,128,92,68,80,23,43,41,113,85,64,11,26,3,71,75,90,100,73,87,49,98,38,59,129,10,67,31,114,25,21,18,130,2,95,28,76,13,62,57,110,82,17,55,118,101,66,126,60,104,70,9,22,88,117,99,51,1,8,
0,110,61,55,105,128,35,76,80,122,57,11,108,66,36,8,111,37,38,124,60,83,32,21,16,127,107,121,96,62,65,101,2,6,4,95,75,109,3,116,28,23,63,92,22,104,71,10,64,18,78,53,99,69,77,51,97,93,117,59,100,29,52,5,70,14,50,42,49,130,79,46,126,98,44,115,39,43,40,119,7,30,74,12,125,102,89,34,1,31,88,118,85,47,106,26,17,84,73,45,68,82,91,9,67,15,86,54,103,129,48,120,24,19,94,112,41,33,25,56,81,58,113,27,123,72,20,13,90,114,87,
0,129,25,21,4,66,49,91,62,86,110,6,43,98,130,37,80,81,87,2,1,28,125,33,67,128,61,69,126,72,54,11,51,16,8,47,17,5,39,35,22,78,10,114,109,7,95,14,9,122,103,85,76,117,107,127,3,32,42,18,64,19,53,97,105,90,15,70,89,73,116,68,113,48,38,83,108,59,100,124,34,13,75,27,96,58,65,12,50,123,60,104,31,92,56,121,94,30,88,20,120,102,55,71,46,45,41,82,111,79,119,24,93,101,106,44,77,118,74,99,29,26,63,84,52,57,115,36,112,40,23,
0,104,87,16,113,27,53,52,117,115,5,63,74,26,88,65,96,100,6,41,17,62,68,64,54,10,73,1,61,9,112,67,80,99,32,124,42,101,72,90,18,128,93,57,85,13,69,21,86,129,130,78,107,33,48,116,29,102,28,34,38,3,4,15,22,44,114,109,56,84,98,108,83,81,30,119,120,11,8,70,39,46,23,12,123,14,49,55,94,125,47,92,82,59,58,2,89,51,97,122,37,91,77,36,45,7,79,121,19,40,31,106,25,71,126,110,75,20,111,43,118,35,103,60,50,76,105,66,95,24,127,
0,12,11,130,121,103,109,64,14,20,18,98,61,31,38,129,82,127,23,59,54,68,6,16,78,117,28,87,63,92,40,32,43,27,7,124,25,22,58,56,114,46,97,101,74,48,102,70,120,50,57,113,66,39,106,76,4,100,83,89,119,15,125,112,105,52,122,8,96,99,115,60,72,5,69,84,2,111,67,51,30,79,26,47,33,94,1,107,55,19,116,77,34,118,108,86,93,10,110,91,9,17,104,29,81,13,42,45,71,73,80,21,95,3,35,44,123,41,62,75,128,65,85,53,126,90,36,24,37,49,88,
0,109,11,101,120,10,19,107,26,30,43,85,31,12,17,106,6,102,116,65,15,36,67,80,123,70,49,27,94,76,47,114,64,38,16,3,97,130,37,66,18,86,51,46,55,111,13,5,100,81,73,110,112,25,69,29,57,126,50,105,104,2,93,45,95,103,39,79,72,22,129,127,59,128,42,121,87,44,56,32,28,40,33,9,21,90,53,4,54,23,7,99,34,77,98,108,52,48,41,1,117,35,88,119,24,118,71,75,124,62,8,20,96,115,63,74,14,122,61,78,82,92,84,91,60,113,89,125,83,58,68,
0,72,110,8,67,105,84,3,120,125,22,114,43,71,74,29,12,27,18,33,17,44,81,42,85,15,104,64,38,30,115,96,49,116,123,112,106,62,66,14,82,117,11,127,79,10,5,122,59,103,128,78,7,80,90,57,46,101,65,113,2,20,88,47,52,92,25,60,76,129,50,53,102,28,48,40,54,26,95,36,109,35,126,87,118,75,119,124,93,100,6,23,16,9,98,108,37,70,58,55,61,69,121,68,63,111,24,51,94,77,19,45,32,130,41,13,1,89,83,31,56,97,4,39,21,99,86,34,73,91,107,
0,122,54,47,105,126,50,127,10,43,31,98,49,17,61,92,12,107,7,87,64,33,93,100,97,23,9,120,8,80,77,55,5,65,25,113,111,16,36,20,82,121,124,39,129,86,67,2,70,24,1,35,103,116,102,101,14,125,37,4,46,56,115,88,112,79,71,94,30,27,26,76,38,3,95,62,19,58,59,57,109,73,21,63,52,108,32,44,96,13,83,15,91,75,28,53,41,99,119,114,66,90,69,84,104,11,72,123,48,89,74,29,45,34,51,110,18,40,68,78,81,118,42,117,106,22,128,60,85,130,6,
0,114,55,53,1,91,54,79,73,101,44,3,12,103,56,40,127,61,14,19,43,120,129,67,60,59,80,33,2,87,27,16,128,118,85,70,119,57,45,125,104,94,76,123,28,22,102,7,18,122,8,117,109,49,99,35,130,32,23,15,11,38,10,62,26,13,77,113,24,58,115,88,17,5,106,37,78,66,42,81,29,68,105,63,74,111,65,41,48,93,64,96,97,108,47,4,100,69,9,95,50,90,124,52,75,71,126,30,21,6,51,116,20,36,25,84,83,34,86,98,82,46,110,121,107,39,72,31,89,92,112,
0,110,66,90,24,101,124,68,118,32,22,65,40,95,125,129,38,31,67,93,26,70,78,84,3,4,88,87,36,117,91,112,77,15,79,107,9,106,41,16,69,45,13,105,58,51,103,120,57,73,46,99,52,59,1,126,102,60,74,109,30,61,76,29,42,72,11,47,122,127,83,56,128,100,96,85,43,8,121,17,44,123,25,92,71,27,19,80,55,62,48,114,28,53,115,98,2,33,12,35,94,50,75,111,64,97,81,63,116,54,14,5,7,89,119,10,37,108,86,39,21,18,104,20,23,49,6,34,82,130,113,
0,11,102,59,120,71,25,19,128,40,30,99,35,116,84,42,14,85,21,96,52,3,122,56,33,75,43,36,32,58,54,39,74,64,67,15,124,44,12,18,68,72,66,46,88,29,100,28,83,110,92,63,119,78,17,80,4,89,114,10,127,34,87,98,23,73,94,57,107,49,97,111,121,37,51,93,95,47,16,77,26,61,50,117,2,123,79,86,62,41,6,8,126,129,104,22,70,7,1,45,125,113,69,105,60,109,112,13,55,90,115,20,5,103,24,118,9,130,31,101,108,48,91,76,27,106,81,53,82,38,65,
0,115,106,14,71,118,16,20,44,11,73,12,45,77,120,19,130,72,85,55,101,37,6,24,108,70,81,109,1,102,105,74,94,25,61,79,119,27,22,78,18,2,57,4,69,99,54,53,29,59,56,21,76,60,39,88,98,32,62,100,43,52,23,114,3,112,47,126,46,10,28,125,107,30,104,90,95,123,66,89,41,86,34,15,103,122,51,33,7,93,65,82,75,67,111,8,91,129,97,26,121,17,84,36,87,42,58,68,13,49,40,96,35,31,92,5,64,127,128,63,38,50,48,116,83,124,117,9,110,80,113,
0,10,7,94,81,55,42,65,108,56,118,106,14,57,111,11,53,20,49,16,24,77,22,48,38,88,79,119,44,73,30,58,82,103,8,27,39,6,123,66,2,107,80,72,70,71,120,67,46,23,121,37,93,35,98,4,122,91,128,89,101,51,97,99,95,31,92,102,63,32,90,127,60,87,112,25,125,124,76,17,9,40,69,84,13,117,50,105,29,78,62,129,28,34,100,96,113,110,64,36,74,109,86,1,12,21,15,19,85,115,43,68,59,33,126,54,18,5,41,114,104,116,45,61,3,26,52,83,130,47,75,
0,82,122,125,48,27,55,104,91,31,24,14,108,15,59,96,36,72,54,5,51,90,19,76,3,60,71,10,110,23,107,46,2,89,68,99,103,62,11,40,75,52,113,130,115,21,7,57,119,88,47,80,74,70,114,39,95,25,111,112,26,100,35,44,17,37,9,18,58,6,32,65,61,4,22,33,45,94,92,98,53,79,84,43,28,102,20,97,67,38,8,30,63,117,86,50,49,13,12,34,29,69,129,77,16,1,128,101,73,120,127,64,126,124,121,41,42,83,87,81,118,105,85,106,109,93,78,123,56,116,66,
0,6,32,62,67,27,60,55,106,56,42,46,93,118,70,61,1,78,85,31,47,90,83,74,20,125,122,23,59,92,7,3,17,2,51,37,53,97,38,130,73,43,94,28,52,8,79,127,129,119,80,33,77,116,108,12,101,45,99,76,19,82,49,114,89,29,110,15,57,18,35,30,69,126,40,91,10,109,81,48,13,22,39,105,21,84,66,72,95,96,86,54,102,123,103,87,24,11,4,71,112,100,107,63,117,16,98,75,5,124,44,104,120,9,68,50,64,26,25,115,65,88,128,111,14,36,41,58,121,113,34,
0,111,41,101,72,82,10,113,129,36,21,3,112,75,64,76,57,68,122,118,69,54,19,96,94,48,95,127,83,71,115,2,7,84,16,61,31,46,126,28,117,26,56,109,85,47,67,32,88,52,66,27,80,108,30,78,14,77,1,93,37,58,107,53,121,24,40,33,92,105,125,70,79,34,42,45,29,119,74,43,5,15,50,124,104,23,38,44,102,49,106,35,25,51,65,81,128,89,130,103,116,87,55,90,20,63,100,4,60,9,18,12,8,110,11,62,86,123,120,97,91,22,17,73,39,13,59,98,114,6,99,
0,129,124,66,34,111,70,5,71,1,78,92,38,62,94,108,20,9,105,65,49,116,26,121,112,73,57,14,109,68,23,50,120,12,8,74,130,43,3,41,88,67,16,24,28,104,7,15,52,115,22,69,84,40,46,2,19,102,91,110,72,93,101,13,39,48,79,56,103,80,58,54,11,119,87,107,96,44,17,51,59,86,37,42,128,82,30,27,10,125,6,76,83,31,114,35,123,81,126,33,55,47,64,122,4,29,53,45,113,117,60,36,75,95,77,106,61,85,25,18,63,99,89,100,21,97,90,127,118,32,98,
0,25,43,99,37,73,106,125,78,101,12,52,50,84,36,28,83,19,44,100,74,123,41,68,40,79,27,34,107,21,2,118,128,59,102,24,63,9,60,42,49,23,96,85,77,22,81,14,10,76,87,88,70,108,66,82,95,91,3,65,16,8,13,38,124,130,39,29,94,116,45,71,110,69,115,57,90,119,111,64,48,98,89,56,18,4,93,1,129,80,117,58,11,114,26,67,55,62,61,32,7,30,104,53,51,46,20,113,31,97,86,126,112,72,54,127,6,75,35,109,122,5,15,47,17,105,92,120,33,103,121,
0,129,55,80,110,29,61,91,22,12,92,90,17,79,87,10,1,89,104,111,3,19,15,116,28,115,128,32,81,14,123,38,2,25,51,52,114,9,85,94,67,72,77,130,96,33,16,31,118,62,86,69,8,99,88,13,44,71,41,119,18,24,98,117,45,34,4,47,108,83,102,57,127,64,30,105,73,11,21,35,76,124,78,113,58,84,36,68,5,95,20,121,37,63,66,75,42,6,43,65,26,50,56,48,126,74,23,59,97,122,54,109,7,82,27,120,60,53,70,106,39,112,40,93,107,125,103,101,100,49,46,
0,89,63,77,51,59,46,95,114,19,16,29,49,90,100,108,60,4,55,117,47,101,64,119,35,109,81,82,70,26,78,27,40,14,34,111,8,66,52,45,17,126,62,67,65,36,112,73,42,11,96,98,93,99,125,118,103,102,72,104,21,53,38,23,61,32,92,115,41,50,69,86,113,129,120,97,121,12,130,88,87,31,25,71,122,15,68,30,123,48,56,28,44,116,9,33,75,43,24,7,84,128,91,74,54,3,94,2,80,110,57,105,85,1,20,106,58,127,10,124,83,5,37,22,39,6,107,18,76,13,79,
0,27,26,6,1,37,83,45,95,19,104,30,10,91,125,24,93,29,68,15,116,7,96,34,73,128,20,11,56,38,97,23,64,47,113,111,35,62,86,25,94,66,88,17,127,57,43,75,109,67,31,124,120,65,84,76,5,58,22,110,9,13,99,50,2,46,28,98,4,123,77,40,39,3,55,71,21,79,105,118,90,63,80,114,36,130,32,54,42,112,70,102,121,59,14,103,126,8,72,85,101,107,92,52,18,119,41,16,115,89,12,87,78,69,82,48,51,49,122,117,108,33,106,60,44,61,53,74,81,100,129,
0,73,125,8,50,20,82,123,111,24,54,100,51,87,18,130,89,95,118,105,109,117,45,75,36,59,9,90,70,19,84,94,28,25,55,116,7,120,99,34,6,106,72,108,61,124,49,38,85,83,112,86,93,31,46,57,63,35,16,62,92,119,29,48,15,14,41,47,40,11,81,107,58,110,27,129,12,77,65,80,60,33,127,68,91,4,103,5,39,10,79,64,74,113,66,43,97,2,128,42,37,21,69,121,56,96,126,17,102,71,98,76,22,26,101,1,13,88,44,115,30,122,23,3,67,32,52,53,114,104,78,
0,4,24,82,49,80,8,110,32,96,45,95,97,36,119,123,60,99,113,33,6,98,115,102,94,35,120,41,15,79,26,48,116,3,52,88,55,29,9,57,112,50,114,127,103,65,1,28,74,27,63,118,7,21,106,44,51,100,124,130,104,38,58,17,23,16,67,105,91,66,5,37,14,121,20,77,18,92,22,10,11,78,25,46,59,126,13,61,84,2,76,87,56,93,83,73,30,71,89,12,117,34,70,68,86,75,129,109,72,90,64,107,108,42,62,31,43,81,40,54,53,128,85,39,47,69,111,125,122,101,19,
0,31,84,43,70,22,57,54,118,47,24,59,48,104,122,38,9,36,95,114,115,41,11,62,92,28,111,96,113,3,60,55,12,69,85,76,105,75,13,23,98,120,93,49,32,77,61,37,2,66,42,126,90,8,18,121,14,112,50,102,89,30,19,17,71,99,56,73,109,78,44,101,124,51,107,34,58,65,29,53,67,25,63,6,80,86,27,82,83,46,116,15,45,5,7,119,20,94,16,79,33,35,26,97,4,21,64,52,88,68,100,103,1,87,91,125,72,81,117,128,127,108,39,106,10,123,129,74,110,40,130,
0,90,36,73,66,86,41,56,101,33,106,122,116,57,19,120,27,16,112,72,113,74,63,22,125,39,47,30,11,21,59,60,83,64,8,68,107,110,10,118,89,75,129,130,95,12,94,65,108,38,119,55,51,14,45,103,34,26,23,100,35,2,20,31,53,54,115,70,97,124,18,49,84,98,99,58,50,114,5,46,80,52,40,109,6,43,1,32,93,79,92,25,29,117,121,123,48,104,71,67,88,44,91,76,37,17,78,128,82,3,61,9,62,127,4,28,69,24,77,13,96,15,126,81,102,111,85,42,87,105,7,
0,20,72,75,46,101,39,81,50,27,56,22,116,85,98,109,130,37,16,106,119,129,1,11,117,99,114,110,58,127,45,33,96,128,125,40,59,105,126,67,78,113,118,53,14,34,13,17,15,82,47,111,80,122,6,68,86,12,77,62,65,57,35,103,8,97,102,30,7,63,107,28,74,104,41,66,55,95,100,71,51,69,73,121,36,3,10,9,94,32,93,25,112,89,43,23,44,48,18,64,87,120,90,123,92,52,5,88,38,76,26,79,91,42,31,54,49,21,108,60,84,70,4,24,19,115,2,61,29,124,83,
0,41,83,20,57,71,114,84,91,118,5,70,54,97,39,129,102,109,92,7,21,17,30,103,65,55,107,68,98,85,66,25,1,72,48,6,82,50,46,24,77,115,67,37,88,53,76,106,59,8,29,56,19,28,69,47,13,9,117,16,119,108,58,75,86,128,12,94,27,10,3,101,34,2,110,33,51,87,89,81,32,26,120,126,95,11,60,100,124,14,111,62,4,116,125,18,42,31,112,104,63,22,90,121,80,78,44,93,105,99,123,45,64,38,61,35,52,96,23,127,74,40,49,122,79,36,43,130,113,15,73,
0,13,130,104,6,97,41,8,84,38,124,40,119,98,108,62,81,128,42,68,39,112,100,117,26,21,118,82,105,28,9,74,87,85,64,110,121,88,69,106,53,25,96,44,37,90,56,19,48,101,10,59,115,109,71,18,103,33,63,7,123,24,57,94,111,16,23,49,52,46,11,89,31,58,92,1,114,107,116,76,72,36,126,50,20,67,86,78,55,102,27,122,93,34,22,5,43,73,4,51,47,60,45,54,12,29,14,80,99,3,17,35,32,95,30,77,129,91,65,79,125,15,66,83,75,2,70,61,120,113,127,
0,18,33,101,50,51,123,96,128,60,65,52,118,88,12,78,31,64,99,57,117,32,89,71,29,44,69,87,30,79,94,16,82,86,38,43,111,124,55,95,27,39,67,125,85,61,109,122,129,24,84,97,90,112,26,9,127,37,113,48,73,25,42,21,17,22,72,6,77,107,74,91,1,28,5,58,20,68,75,15,23,102,130,76,92,47,106,36,108,8,63,56,70,93,3,35,121,62,98,119,11,126,66,114,46,54,81,100,103,105,34,80,110,59,13,45,115,40,4,2,7,53,49,120,14,19,116,83,41,104,10,
0,27,99,75,107,37,10,129,13,4,67,110,41,101,98,16,51,57,88,36,74,19,15,55,115,82,125,62,78,48,121,79,21,46,39,54,111,76,127,60,106,94,124,29,14,100,120,47,38,3,7,105,85,96,117,89,11,63,118,66,108,123,102,22,109,56,18,2,42,53,45,43,77,49,44,25,58,65,71,95,9,104,35,113,90,59,23,5,26,64,128,112,92,81,83,70,72,130,73,31,80,24,93,119,87,52,17,34,69,40,1,6,30,28,116,91,126,114,122,50,68,97,86,12,20,33,103,32,61,8,84,
0,117,122,86,44,26,89,106,96,76,70,118,30,60,63,88,34,100,113,53,3,54,10,87,125,33,48,46,84,39,32,9,83,41,17,85,47,16,91,128,103,124,108,35,23,115,11,4,129,6,105,92,49,13,111,57,19,80,120,90,73,43,67,82,64,119,109,8,61,97,66,71,59,68,24,15,74,50,7,22,77,121,72,29,1,12,52,45,28,102,20,65,127,58,114,116,37,36,2,62,38,123,75,40,31,78,51,98,94,79,126,81,18,42,27,107,56,110,14,99,104,25,112,95,93,21,5,55,101,69,130,
0,19,43,130,21,110,67,86,104,71,115,105,64,90,95,60,111,97,84,38,12,54,74,129,121,93,35,76,126,113,65,83,85,116,52,119,17,31,47,58,92,11,98,77,68,40,20,127,53,37,102,55,39,22,107,80,123,10,34,36,125,108,100,96,75,5,59,44,114,41,118,42,81,2,27,79,69,29,82,128,7,4,78,15,120,62,9,8,99,112,91,109,32,56,61,30,16,88,3,70,72,26,13,106,49,66,103,24,18,50,87,28,73,45,14,89,124,46,48,51,25,117,1,57,6,122,101,33,63,23,94,
0,69,14,101,55,25,125,26,77,56,83,33,27,76,72,24,44,75,9,30,130,82,121,123,66,10,67,63,91,122,96,128,51,58,71,53,38,39,59,126,8,95,47,68,119,35,97,57,50,21,18,42,36,4,127,115,74,48,124,61,13,117,49,79,73,32,89,99,90,19,108,2,106,15,40,5,17,80,37,1,45,3,98,23,34,60,52,114,109,129,6,94,62,113,84,81,120,11,43,70,100,78,54,92,7,12,93,118,28,65,88,116,46,29,87,64,86,107,22,111,104,85,112,105,103,41,31,110,16,102,20,
0,6,98,59,101,54,22,65,15,45,31,55,111,116,40,73,61,49,58,64,50,2,47,92,51,85,128,28,115,60,71,7,96,14,1,119,126,33,102,112,113,110,39,32,69,75,26,10,11,107,83,36,16,44,30,12,53,68,105,93,9,123,66,127,27,38,95,48,80,129,100,79,114,89,118,130,91,97,70,17,25,43,18,41,3,8,99,34,57,78,4,21,77,76,125,88,84,67,72,37,19,42,63,122,109,82,104,121,23,120,117,124,62,74,24,90,86,20,103,106,56,87,29,5,13,94,81,35,52,46,108,
0,10,102,107,99,46,109,49,45,120,95,29,41,5,106,13,2,59,19,115,103,63,94,22,114,66,104,90,80,127,122,62,68,108,116,9,93,100,47,75,84,89,24,56,126,31,26,71,18,44,67,20,28,119,54,48,32,82,50,61,57,6,92,101,39,81,15,70,129,55,130,40,34,37,76,123,21,4,7,73,30,117,121,23,43,85,16,51,38,8,14,17,128,52,12,60,96,125,72,86,98,88,53,87,97,112,113,83,69,110,91,78,58,65,35,64,105,3,25,77,79,1,11,118,74,111,124,33,36,42,27,
0,3,109,40,107,4,99,5,120,72,50,33,71,39,76,64,105,10,69,108,119,110,70,18,128,93,92,91,14,49,73,35,103,51,21,53,63,28,12,22,19,100,124,79,126,121,129,47,41,16,9,54,94,36,122,8,97,89,60,56,80,113,58,13,114,83,117,111,59,112,85,95,15,65,66,75,25,7,11,46,27,118,1,62,61,42,43,74,78,98,17,6,23,38,86,68,96,115,29,123,55,20,45,87,57,2,81,44,84,67,26,30,116,101,88,52,77,130,48,106,125,102,90,37,32,104,34,82,31,127,24,
0,92,105,29,70,35,128,125,129,126,116,121,90,7,75,82,40,102,73,93,58,44,2,43,60,10,6,22,42,19,49,119,96,88,117,13,39,9,66,122,16,47,74,124,17,32,26,98,110,97,89,103,33,115,94,95,83,108,38,11,55,80,107,20,50,85,101,31,65,5,30,53,76,21,77,1,114,62,118,52,57,27,28,34,37,84,71,127,41,46,109,69,112,99,36,8,48,106,113,56,67,79,91,3,18,111,68,54,130,24,59,64,4,61,123,100,87,104,15,78,14,72,51,120,45,12,63,86,25,81,23,
0,31,56,20,22,120,38,81,35,90,64,95,123,121,45,46,85,115,87,88,26,101,113,71,69,30,103,55,18,80,36,51,118,58,16,62,2,65,107,78,33,61,104,43,54,126,10,102,74,109,6,13,53,98,27,66,19,4,89,49,111,114,50,127,41,83,124,11,32,1,21,97,23,39,28,12,106,67,129,86,82,99,15,57,40,77,117,119,8,72,96,92,112,48,125,110,70,73,17,37,93,47,44,91,9,25,7,3,75,68,24,29,14,76,116,100,79,108,105,34,52,122,84,128,130,63,42,59,94,5,60,
0,123,45,12,89,67,102,29,122,104,95,44,41,77,91,26,100,78,43,69,3,32,65,17,126,72,33,125,115,47,22,120,80,1,58,23,19,105,48,31,113,111,88,86,127,81,5,124,101,130,97,83,90,74,109,79,28,73,107,51,13,118,60,39,108,53,129,94,82,116,70,30,27,55,4,14,61,62,110,54,42,7,15,87,85,117,63,114,66,112,99,40,38,6,11,68,52,2,128,50,98,8,10,84,59,49,96,75,106,93,20,24,103,25,92,71,56,37,119,64,46,121,18,34,76,16,36,21,9,35,57,
0,79,37,88,92,116,125,93,1,14,23,120,75,19,25,50,99,45,10,53,72,30,56,48,122,62,96,13,109,2,78,39,3,111,108,32,34,107,121,67,118,29,76,36,38,64,114,129,117,47,22,12,35,103,130,66,80,102,73,4,21,110,58,101,68,95,41,17,15,94,83,126,26,81,90,119,127,57,74,51,33,105,52,100,124,61,106,42,6,59,55,24,84,49,65,112,69,123,113,70,44,91,104,85,27,87,5,97,40,18,9,86,63,60,54,8,11,31,46,82,77,28,115,128,98,16,71,43,89,7,20,
0,59,19,13,31,45,105,106,36,115,22,124,8,33,12,97,127,42,71,6,84,14,101,99,83,16,86,121,55,4,112,78,17,93,120,2,48,92,28,52,109,27,98,60,126,58,67,7,29,130,44,72,79,32,119,94,88,77,96,56,53,100,9,128,38,20,23,64,76,21,80,85,40,74,24,68,3,61,125,90,91,108,25,122,35,51,118,114,129,73,50,1,57,62,87,123,95,102,43,65,5,89,37,63,111,39,66,15,18,82,69,46,49,26,47,117,113,34,110,41,103,116,11,104,81,10,75,30,54,107,70,
0,123,35,118,17,100,43,16,40,15,76,50,68,30,31,104,47,116,51,60,14,66,69,52,125,46,112,128,110,121,114,21,42,2,86,73,120,57,56,88,23,61,3,32,71,122,20,75,80,55,85,36,7,58,72,96,107,45,8,11,97,93,65,12,1,81,129,115,13,63,38,54,27,24,91,94,39,92,37,33,67,49,22,34,101,4,6,41,103,29,126,64,84,108,18,19,109,113,106,98,105,5,90,25,70,53,130,124,48,10,99,95,78,89,83,9,117,28,44,77,62,111,79,87,26,127,59,82,74,119,102,
0,9,91,38,57,49,118,7,120,121,97,78,27,80,114,29,73,111,119,58,8,36,81,74,44,54,88,90,55,96,79,30,13,69,34,71,3,14,4,82,93,102,28,17,51,77,104,113,53,46,66,109,41,124,67,52,89,56,117,126,86,101,70,64,48,16,33,108,100,47,123,87,127,63,98,5,37,68,20,15,18,95,42,107,50,22,92,85,105,83,24,25,35,94,130,40,62,115,61,110,72,21,12,32,76,23,43,59,65,11,39,125,19,116,99,122,75,129,103,6,106,1,31,112,26,60,10,84,128,2,45,
0,110,6,87,122,33,9,125,41,89,88,129,123,53,37,28,103,93,17,21,49,52,64,113,98,20,8,127,11,115,120,7,48,65,54,5,72,108,63,117,47,38,107,79,55,126,71,105,116,3,32,36,15,45,16,27,22,18,119,24,66,124,58,61,31,96,94,40,44,13,4,56,70,76,10,14,29,78,42,35,97,100,51,34,25,101,57,2,86,26,39,82,46,60,84,81,83,112,99,43,114,92,90,74,67,69,130,111,128,118,77,121,73,95,30,75,80,19,23,50,106,1,104,85,62,91,59,102,109,12,68,
0,17,36,98,104,85,97,113,94,8,77,106,55,76,96,127,51,117,28,128,72,82,33,66,70,49,120,86,60,75,87,44,99,21,107,122,16,81,126,10,64,5,92,57,103,11,6,2,13,45,18,115,105,32,48,102,43,24,123,31,119,47,130,61,88,93,63,90,25,34,30,20,101,54,56,19,109,80,125,108,59,58,15,79,50,67,22,110,26,23,89,14,40,112,9,12,91,111,52,3,4,46,53,114,73,35,121,41,62,1,39,7,27,84,124,95,129,74,100,116,69,71,65,118,83,38,29,42,68,37,78,
0,130,128,95,129,38,97,65,1,110,121,120,99,53,117,40,4,58,23,96,64,92,111,18,12,100,74,20,66,57,81,109,50,76,122,123,31,43,17,94,36,8,26,45,67,79,107,37,112,115,68,118,30,39,47,125,22,56,119,89,32,5,101,27,93,124,82,42,48,34,9,90,49,3,70,108,35,103,60,80,54,41,77,83,55,14,59,78,33,25,44,126,69,16,61,87,86,106,13,2,73,104,15,10,7,105,19,6,116,46,84,72,102,71,51,114,21,85,98,52,88,62,113,11,28,24,127,91,75,29,63,
0,22,121,93,79,115,90,104,103,75,106,49,44,6,92,65,98,14,55,46,83,19,53,118,109,62,130,89,1,72,97,15,113,87,81,59,52,105,82,125,84,122,120,36,38,96,123,116,33,13,21,34,5,10,16,29,127,50,100,69,101,30,24,26,37,64,80,11,67,8,119,40,57,128,68,107,48,18,61,124,54,99,58,17,102,31,76,27,42,63,85,114,129,95,32,45,28,41,86,23,35,25,73,51,94,4,2,117,47,43,3,20,108,12,110,39,74,77,56,70,91,60,112,111,71,66,9,126,88,78,7,
0,93,77,58,11,4,102,37,120,121,72,71,78,85,26,28,110,80,61,62,27,95,15,123,20,65,32,22,19,75,73,69,81,68,118,39,105,101,8,40,79,113,125,34,126,48,130,24,115,41,127,17,47,89,90,12,6,82,103,54,74,45,55,46,129,30,33,21,56,23,29,7,107,111,13,87,119,63,106,43,104,109,42,36,112,84,1,57,86,94,16,50,88,2,108,100,9,92,49,38,5,98,97,91,60,25,64,59,35,122,67,10,51,70,96,31,3,99,14,117,128,52,83,124,116,76,44,66,114,18,53,
0,12,65,100,97,45,33,84,25,106,109,125,118,116,7,122,108,26,27,21,98,87,126,48,105,37,56,77,31,86,127,76,88,2,78,20,47,38,50,94,85,16,29,91,110,63,23,121,73,8,41,39,111,112,10,40,17,42,57,79,117,113,92,107,51,28,104,55,18,123,67,71,93,75,9,34,90,74,14,60,95,64,30,5,13,130,101,128,11,59,82,58,52,32,1,81,102,69,114,43,120,96,49,44,115,46,36,103,129,89,61,3,15,99,70,6,68,53,54,35,24,22,119,124,80,4,83,62,66,19,72,
0,51,58,78,124,26,29,9,116,3,102,22,5,8,57,111,117,108,127,112,107,45,121,80,67,118,30,98,120,83,101,7,68,21,106,115,71,128,2,103,41,31,91,44,76,37,97,13,86,27,25,126,95,11,33,96,92,129,113,10,47,99,4,75,87,18,34,35,6,73,24,42,48,1,82,90,123,72,50,53,93,65,81,79,46,38,19,74,43,89,66,63,70,52,56,55,125,85,109,100,17,122,59,36,105,130,54,23,119,69,14,84,61,77,104,32,40,16,64,28,49,62,39,88,15,60,94,20,114,110,12,
0,47,60,77,26,85,39,41,58,89,38,4,30,125,119,22,18,105,14,104,79,44,36,31,91,81,88,87,34,52,69,98,97,57,96,66,15,25,37,80,8,82,48,113,109,74,28,16,40,43,117,126,75,63,73,2,1,108,101,53,107,9,99,115,72,65,123,93,33,50,103,49,90,27,127,5,6,29,100,12,3,121,71,102,128,42,55,110,95,35,45,61,78,59,19,51,94,122,54,129,83,124,23,11,46,13,10,24,92,130,67,56,76,68,17,120,116,70,114,84,21,20,62,86,106,118,7,64,112,111,32,
0,16,17,57,87,14,77,72,128,59,107,96,113,7,74,93,50,116,51,83,89,67,32,30,40,79,68,108,84,94,54,117,129,21,13,46,115,44,75,53,5,69,24,105,95,126,65,106,91,122,60,76,9,63,19,97,52,130,37,12,88,90,103,70,121,124,55,85,31,34,11,22,66,48,42,125,18,64,45,4,26,1,28,119,82,102,104,86,35,62,2,6,36,120,43,112,23,109,3,78,71,33,10,114,38,127,61,47,98,56,39,41,101,100,27,99,118,73,49,80,81,8,29,25,15,58,110,123,20,111,92,
0,53,112,103,6,96,27,117,72,81,26,98,13,63,74,33,105,70,47,106,8,71,114,46,44,32,108,123,129,14,50,19,48,65,56,87,104,42,97,35,84,101,1,60,58,45,78,40,130,82,83,11,57,59,54,90,126,89,110,3,7,128,119,37,2,88,25,52,109,43,121,62,80,122,91,10,23,120,16,49,17,75,68,21,38,92,20,124,127,118,113,9,73,36,77,4,5,111,102,34,29,12,64,85,107,99,116,94,86,93,51,66,55,24,67,69,76,31,115,39,22,125,79,30,18,61,95,28,100,15,41,
0,55,68,44,62,96,13,7,108,100,35,76,85,111,57,28,95,102,90,25,119,77,84,46,24,20,9,66,56,91,49,10,69,70,39,75,73,21,37,89,82,51,124,8,121,97,27,38,78,115,61,110,26,43,31,33,47,40,123,116,16,67,45,103,74,19,130,72,30,23,113,125,127,120,50,93,112,129,117,63,41,60,86,126,80,88,128,94,122,99,29,71,104,65,22,58,48,6,18,36,32,101,3,81,107,1,105,34,64,12,54,59,14,17,5,52,118,87,106,4,109,15,83,2,42,114,79,11,92,53,98,
0,62,44,14,94,120,119,68,115,28,107,93,20,33,111,80,26,63,125,41,60,57,18,110,90,88,27,13,109,64,39,123,129,15,59,54,96,79,92,106,17,31,38,128,32,112,73,77,2,3,89,46,130,87,104,5,16,105,66,81,100,126,12,99,117,9,74,49,10,118,95,61,67,65,86,116,78,58,98,19,103,23,45,52,71,56,75,72,113,69,97,43,108,37,85,91,35,25,122,1,24,40,7,82,47,34,11,30,42,36,6,8,121,29,48,127,51,21,70,124,101,22,76,4,53,55,83,84,102,114,50,
0,128,48,24,83,76,116,11,70,21,71,92,113,31,29,40,64,18,27,43,115,9,84,8,99,122,33,63,56,68,91,112,51,126,108,13,42,36,52,79,35,67,17,98,102,82,54,55,45,50,19,96,118,109,103,111,74,6,78,120,93,46,61,62,87,12,44,30,25,80,107,86,117,123,32,15,49,60,127,106,121,14,7,104,57,28,73,34,20,26,125,114,39,3,58,37,22,10,16,65,59,69,101,85,53,94,97,110,41,75,81,77,95,23,105,1,66,5,119,2,88,100,89,90,4,130,38,47,124,72,129,
0,56,53,85,27,76,55,114,118,22,32,26,111,62,105,88,4,92,9,48,31,51,18,103,43,98,47,91,2,84,37,119,40,87,86,70,5,8,15,90,10,94,57,60,124,81,44,63,3,11,129,80,107,20,65,78,121,97,42,7,39,75,24,109,64,66,110,72,100,74,130,89,68,123,115,12,14,38,113,46,95,96,17,73,67,117,77,79,106,125,19,52,116,41,102,30,34,54,71,23,50,83,108,1,16,36,128,120,99,45,6,25,29,61,127,59,58,33,21,112,126,69,122,49,82,101,104,35,93,28,13,
0,73,108,100,49,21,126,47,71,128,57,24,59,99,94,63,74,124,1,95,109,82,76,2,83,67,37,87,43,123,110,23,38,120,104,34,10,27,25,26,115,62,92,41,80,93,31,81,77,129,88,4,39,96,111,101,46,90,12,113,51,106,103,85,44,55,22,75,56,78,20,125,58,42,14,52,54,105,107,117,18,122,116,53,68,98,121,32,79,45,97,15,40,60,11,69,72,91,19,119,112,30,66,9,50,61,48,65,7,13,86,6,102,16,130,8,114,70,118,35,29,28,36,89,33,64,17,84,3,5,127,
0,36,68,63,84,80,105,2,28,79,111,118,9,38,128,12,89,96,81,48,23,92,62,51,76,31,37,55,120,39,44,52,64,86,5,70,129,21,22,46,112,18,71,99,106,47,59,24,75,104,40,109,124,7,32,57,102,123,53,83,27,77,19,17,29,50,1,101,69,74,103,78,60,117,26,125,61,72,126,49,8,16,100,14,67,33,90,13,25,110,54,65,87,94,115,97,42,45,95,85,98,91,30,58,34,127,121,88,108,20,82,122,6,119,130,56,73,93,43,10,114,113,4,107,66,11,116,3,41,35,15,
0,109,71,82,31,53,87,45,2,93,12,99,44,122,72,91,7,124,75,98,29,80,20,35,26,52,101,70,123,54,130,73,127,3,34,33,120,106,46,102,66,67,5,83,89,104,40,48,4,16,8,108,11,60,86,129,92,114,68,112,74,57,28,30,42,69,65,63,41,13,51,126,56,62,103,18,107,32,111,88,43,15,116,105,76,10,6,85,121,61,47,9,79,55,81,27,1,59,77,115,37,97,95,113,90,25,100,110,49,118,14,50,58,84,38,17,125,24,64,117,19,39,128,94,21,22,96,78,23,119,36,
0,61,33,41,68,126,119,83,94,89,6,2,96,93,7,64,62,18,76,59,17,43,127,38,31,56,106,115,79,88,67,51,118,74,120,20,27,47,80,25,40,110,60,9,39,111,99,107,101,129,50,72,16,48,55,102,117,91,29,90,34,23,77,45,22,98,37,1,104,12,128,13,113,46,108,92,49,35,44,73,123,116,24,69,75,82,42,3,63,10,28,97,95,58,109,81,87,85,8,124,53,130,84,121,15,26,30,36,52,32,57,122,71,86,70,103,21,65,5,66,114,4,19,14,54,11,100,112,105,125,78,
0,90,69,55,21,24,82,81,100,68,98,84,14,35,9,28,114,92,27,116,45,105,130,48,88,42,97,11,39,19,13,127,76,75,103,126,124,110,40,64,129,101,111,107,50,65,60,5,25,119,61,73,33,26,56,87,91,20,32,10,123,125,71,95,94,47,53,67,118,85,23,104,122,16,62,37,121,8,79,77,38,41,51,108,102,113,59,3,115,18,74,1,83,34,99,30,17,128,7,78,6,109,106,49,120,80,93,36,112,31,43,2,4,117,96,44,66,86,29,89,72,46,15,12,58,70,63,54,57,22,52,
0,90,51,93,8,27,30,129,37,17,119,70,28,23,95,34,42,111,105,24,98,4,21,107,62,19,109,69,43,12,52,115,72,57,89,45,82,32,102,38,120,92,83,124,94,25,118,55,130,73,128,68,114,87,85,10,53,101,47,75,2,77,48,103,16,9,91,67,11,79,44,35,5,56,117,59,49,97,106,63,104,99,7,33,50,88,54,41,112,78,18,122,84,125,3,14,20,86,58,74,123,31,64,81,15,127,116,96,71,76,29,65,46,39,36,110,126,60,1,61,66,121,40,100,113,6,80,13,108,22,26,
0,85,118,124,25,105,22,56,94,103,88,80,12,60,130,112,109,16,63,1,43,84,126,71,36,127,20,128,75,33,57,69,120,95,51,107,13,81,99,117,101,74,29,67,23,111,61,14,78,48,3,15,21,7,18,122,83,64,104,125,46,72,55,102,42,77,93,129,38,37,58,40,17,30,11,114,49,97,66,110,24,90,41,39,65,106,89,121,123,5,96,19,44,115,116,50,10,73,113,34,28,91,31,47,9,62,86,92,6,53,79,108,52,32,26,45,54,2,100,76,27,119,68,98,87,8,82,4,59,70,35,
0,62,117,38,68,94,115,8,2,96,26,93,92,108,74,119,87,17,67,56,72,1,54,125,73,22,39,53,130,20,82,64,12,97,70,91,79,90,95,106,14,81,55,77,41,126,105,127,58,60,24,51,48,5,120,78,66,124,69,31,49,123,88,71,86,44,84,18,89,9,65,30,122,42,43,35,25,61,34,47,50,29,7,98,19,118,36,63,129,59,80,112,15,33,4,45,109,107,28,46,99,104,75,27,101,23,76,6,128,113,102,83,116,85,16,110,37,10,103,114,111,57,21,32,100,13,52,40,11,3,121,
0,66,90,114,32,89,36,30,108,27,31,102,67,41,25,118,51,125,64,62,95,103,2,54,99,110,98,17,79,40,28,61,116,57,20,93,120,127,34,86,29,1,104,85,5,8,130,92,45,76,80,12,73,55,119,106,112,113,56,63,49,52,107,74,71,24,42,75,15,11,59,22,14,10,121,19,46,94,82,43,109,7,13,58,70,88,129,69,44,33,81,18,83,65,68,122,115,3,105,9,126,87,47,53,84,100,38,72,48,111,78,117,96,60,39,21,26,35,16,101,123,91,6,124,77,37,128,23,4,97,50,
0,64,120,101,62,33,27,94,22,12,91,5,51,72,3,82,109,59,6,121,17,52,41,65,129,10,107,38,114,88,29,18,98,40,70,99,49,83,93,111,78,50,66,32,35,60,73,55,7,48,34,105,26,75,125,116,39,58,37,89,122,106,108,19,53,2,100,42,87,81,126,45,36,25,113,84,96,110,103,20,77,76,63,43,31,118,44,130,14,95,74,79,127,80,9,112,119,102,16,124,47,46,11,8,123,67,128,4,68,1,23,21,57,54,71,15,97,85,92,24,90,117,69,30,104,61,28,86,115,56,13,
0,107,39,74,93,13,103,38,73,22,90,120,125,60,45,115,25,32,109,121,24,26,92,101,59,94,52,61,119,67,104,75,78,50,11,49,87,102,113,53,17,77,106,110,89,91,21,70,23,122,99,10,85,76,9,15,65,79,114,3,41,126,35,30,34,7,28,44,46,127,100,51,27,48,14,56,124,112,19,88,20,69,129,105,42,130,43,116,86,108,80,83,71,62,33,81,47,123,8,82,97,40,55,4,96,57,18,5,68,118,2,64,66,117,128,72,37,6,84,1,58,12,36,31,98,16,95,63,54,111,29,
0,63,40,99,97,54,116,21,34,84,114,112,96,109,121,119,16,128,53,69,68,6,80,55,51,91,81,129,101,45,124,46,120,104,106,92,58,100,67,12,8,1,49,43,123,41,31,33,113,85,11,20,26,22,19,25,73,70,89,2,83,38,23,94,118,125,75,17,88,110,50,79,115,82,74,86,37,87,66,7,103,60,56,71,24,52,130,65,127,5,98,30,13,107,32,39,90,105,10,47,36,95,78,15,72,76,126,35,122,4,61,93,18,44,57,14,108,29,9,102,42,28,27,59,117,3,64,77,111,48,62,
0,10,106,95,127,60,123,119,84,66,57,20,47,67,33,76,72,124,3,117,122,129,96,105,43,25,51,97,23,86,77,92,61,35,28,104,98,130,63,26,94,9,1,21,100,32,110,114,19,113,50,69,74,2,42,46,4,102,11,70,75,40,82,112,30,7,39,118,93,101,34,44,111,13,18,29,120,87,49,8,48,125,15,116,108,59,65,103,53,27,71,85,45,99,62,80,16,83,90,52,91,38,56,22,79,14,54,6,89,31,55,81,5,115,64,37,36,58,78,68,128,41,17,73,12,109,107,24,126,88,121,
0,107,59,84,75,21,117,34,119,52,5,32,100,101,85,25,22,118,74,115,111,47,29,61,102,72,65,104,86,18,9,36,11,54,77,1,125,128,10,130,17,103,38,2,96,123,53,4,6,37,87,60,121,92,31,129,79,43,56,70,80,83,89,49,23,106,48,94,8,26,97,82,95,39,57,13,127,46,126,55,67,19,64,69,44,15,50,93,68,112,108,3,110,16,66,90,105,109,41,40,58,88,28,42,45,24,81,76,98,51,73,124,91,7,122,20,78,116,113,62,99,120,63,35,33,114,14,12,27,30,71,
0,45,85,99,5,51,31,38,117,41,17,94,35,64,70,62,114,122,127,108,33,24,75,121,90,6,115,10,15,126,69,40,125,124,13,1,82,54,57,55,72,8,88,102,12,16,37,23,27,128,52,105,112,86,44,36,34,107,7,129,46,93,123,61,48,39,18,68,103,67,56,60,65,101,2,73,59,30,3,109,58,47,84,111,97,19,104,110,120,119,66,80,76,21,118,92,98,81,11,32,96,74,106,100,20,43,113,78,9,4,26,71,50,116,29,91,83,42,79,63,14,25,87,89,22,49,28,95,77,53,130,
0,44,95,76,72,33,82,100,130,52,123,99,15,45,26,93,19,60,2,59,49,89,98,109,101,41,23,126,14,56,129,103,85,9,39,114,51,105,20,124,48,55,29,47,10,116,46,18,88,107,64,121,36,4,127,16,35,24,84,25,50,42,104,63,80,21,67,94,43,111,74,28,128,38,122,34,78,3,30,22,91,110,5,7,73,117,81,13,31,53,65,6,71,66,57,108,68,115,125,112,32,12,58,69,79,102,8,54,40,96,37,83,106,1,77,70,120,118,119,75,113,27,86,97,62,11,87,17,92,90,61,
0,110,70,83,17,49,69,52,61,53,8,118,57,12,122,32,119,116,126,120,47,21,105,55,40,46,14,24,36,50,60,98,106,34,79,13,18,71,6,90,113,31,112,97,9,3,27,15,130,33,84,72,73,107,62,93,117,99,92,115,38,95,81,5,10,64,22,44,23,103,78,129,20,56,19,41,26,66,125,100,7,101,102,42,1,123,39,74,68,96,91,58,87,25,16,104,127,51,4,28,63,109,89,35,75,124,121,54,94,85,37,82,67,48,88,29,45,114,11,128,2,80,43,65,108,76,111,30,59,77,86,
0,89,111,50,83,9,94,82,12,45,57,120,109,72,46,93,40,58,118,37,104,124,30,54,91,31,130,100,125,86,117,36,87,59,95,25,14,4,79,3,19,51,21,103,101,24,49,8,110,73,75,102,23,106,22,15,76,61,107,27,13,28,60,2,98,48,20,105,26,92,66,43,38,99,33,127,114,97,112,90,128,17,6,11,123,62,126,88,63,113,55,78,129,1,39,7,77,74,69,85,71,81,47,70,29,56,84,52,18,67,16,10,115,108,116,42,32,96,44,5,68,41,80,64,122,53,121,34,119,35,65,
0,104,59,42,86,87,40,121,53,58,60,16,112,102,39,56,43,122,38,15,31,25,109,13,47,107,46,20,51,91,75,12,55,96,44,7,100,18,62,17,126,84,5,97,105,114,66,14,27,70,22,101,10,80,3,68,78,106,8,4,72,116,79,23,21,124,69,89,29,26,117,92,74,123,76,63,9,49,52,119,115,120,108,48,28,77,24,30,35,2,36,73,61,54,83,45,128,1,111,103,127,11,130,129,37,67,90,94,98,99,71,110,125,33,118,34,64,113,19,65,82,50,41,81,85,57,6,93,32,95,88,
0,106,48,86,27,87,14,128,9,82,112,126,118,57,7,79,72,58,37,41,89,71,85,15,93,97,42,81,4,29,63,8,74,26,94,56,47,40,100,75,122,116,62,84,125,6,33,38,31,83,21,5,55,77,99,92,64,102,111,32,90,19,127,121,119,46,35,3,96,10,1,13,73,60,101,67,76,30,114,70,65,130,104,20,54,107,108,95,18,98,124,69,123,17,113,61,117,59,22,103,66,12,120,129,78,53,11,36,43,91,39,109,68,105,23,80,34,50,115,51,25,16,24,110,44,52,28,88,45,2,49,
0,85,86,108,107,4,55,35,88,18,48,118,87,66,31,54,1,82,3,45,23,65,101,21,73,49,99,130,63,120,95,71,74,16,34,59,22,27,24,84,46,41,112,128,98,38,39,124,121,81,58,127,25,105,89,28,26,100,20,51,90,61,114,75,122,110,125,79,13,37,106,116,42,10,72,76,32,44,47,77,57,96,14,104,30,92,9,111,5,70,40,102,11,80,2,129,62,109,15,78,113,126,93,12,68,117,33,52,6,119,103,19,94,115,56,64,7,36,53,29,123,60,67,50,83,43,17,69,8,91,97,
0,26,61,9,44,27,32,46,128,54,3,76,84,49,67,16,110,52,79,72,47,65,60,1,126,129,70,115,6,40,59,121,51,78,120,35,111,57,18,41,77,118,101,12,55,105,75,42,36,25,8,50,109,102,127,17,85,14,62,23,89,114,113,2,58,86,112,7,24,99,94,74,81,56,71,63,83,124,39,30,95,15,73,123,97,122,37,117,98,104,34,88,45,28,68,53,38,108,19,20,11,93,91,90,29,100,80,31,96,92,116,48,103,66,10,130,106,33,13,82,43,69,21,125,64,4,87,5,107,119,22,
0,78,57,125,8,14,2,41,23,19,47,62,102,60,44,52,104,129,24,1,99,9,35,56,75,93,25,105,38,49,94,67,91,55,16,37,130,87,89,110,108,80,22,30,74,114,95,50,115,86,12,85,40,101,7,121,15,119,66,43,39,31,97,81,34,33,83,61,20,4,123,69,63,68,59,103,10,113,51,54,32,109,84,48,82,88,5,3,70,116,79,128,11,112,100,90,46,29,76,117,58,26,45,122,107,42,65,126,64,13,127,28,71,18,6,27,77,72,21,124,36,106,96,73,111,17,118,120,98,53,92,
0,33,26,76,86,14,8,17,93,89,44,95,75,69,18,78,22,77,36,107,126,84,130,124,116,4,79,100,19,68,62,81,2,108,25,61,30,27,65,5,82,72,106,74,122,3,70,35,85,40,125,58,46,21,45,59,113,64,41,63,92,20,50,98,52,88,91,120,11,16,121,94,43,109,1,42,48,7,10,114,28,102,12,6,66,83,101,39,80,55,129,57,24,15,56,49,60,47,119,104,87,34,117,115,13,105,29,32,51,118,128,103,9,112,54,99,67,37,110,97,73,123,31,96,71,23,38,53,111,127,90,
0,64,126,34,10,46,29,99,28,118,69,77,52,3,38,22,15,59,116,114,91,11,100,57,13,110,54,90,65,119,98,36,113,4,9,71,40,122,39,94,81,63,41,61,93,53,19,32,17,82,26,67,72,105,30,51,106,125,128,108,127,37,130,21,42,18,101,85,56,80,8,92,5,24,97,14,66,60,87,33,95,111,70,104,107,79,84,2,47,6,102,7,1,124,27,86,58,121,23,68,83,96,109,120,76,123,43,20,112,25,62,74,44,115,16,50,55,103,88,49,129,31,73,78,12,45,117,75,89,48,35,
0,33,39,51,32,31,25,9,69,115,47,87,77,57,35,126,119,18,37,26,130,117,70,78,88,6,55,54,10,81,23,110,21,116,11,99,85,120,68,17,52,41,82,65,84,50,105,7,102,29,94,45,107,20,44,38,27,22,66,14,43,106,114,123,34,72,36,80,74,56,19,128,61,121,60,28,76,59,129,75,95,58,73,90,98,103,89,5,125,97,42,1,3,92,71,112,100,2,93,48,83,104,109,64,30,96,16,13,63,118,122,124,40,113,91,49,127,24,8,108,15,79,62,53,12,4,101,86,67,111,46,
0,71,28,47,87,26,66,46,40,35,126,98,63,37,31,17,70,111,53,108,27,127,68,78,109,14,73,85,64,52,114,16,1,2,61,122,105,113,94,92,80,69,8,93,18,13,7,110,99,57,24,5,9,11,128,129,15,97,91,112,117,100,125,81,38,39,43,72,50,4,56,51,55,106,22,124,3,49,88,75,23,130,103,121,19,77,79,90,65,95,83,42,44,96,86,54,59,123,12,36,84,62,58,119,104,32,29,33,20,41,102,67,6,45,118,120,115,10,76,89,116,21,30,48,74,101,107,60,25,34,82,
0,33,92,64,111,51,30,67,21,102,23,45,34,11,121,74,20,101,68,126,14,110,118,127,117,107,60,123,105,65,16,88,115,29,10,37,40,78,79,24,93,50,52,19,86,99,46,43,62,89,2,82,77,96,106,54,72,6,114,124,59,41,71,48,58,73,49,38,31,63,94,97,91,13,47,130,55,57,1,83,26,75,69,116,53,100,125,8,22,39,122,70,108,103,81,85,36,98,28,113,3,35,56,112,25,119,66,84,42,7,109,104,4,87,17,5,27,128,12,32,9,129,44,61,76,90,120,18,15,80,95,
0,19,72,8,97,83,87,60,47,96,75,125,41,51,30,118,17,5,18,86,94,78,32,28,6,88,21,40,48,24,42,70,100,49,126,26,31,38,112,14,119,15,79,116,45,53,111,124,50,66,9,107,35,82,29,12,52,10,89,16,117,46,90,127,37,34,101,58,113,84,120,110,105,33,129,98,122,63,130,4,2,3,71,93,65,25,80,64,108,92,95,99,104,109,20,36,55,81,85,13,1,77,103,121,44,56,73,106,59,22,7,27,23,115,62,67,68,39,91,69,54,123,43,128,102,76,114,61,74,57,11,
0,119,27,18,5,10,108,60,92,111,2,54,81,105,126,127,24,62,65,114,84,76,98,59,93,29,73,58,33,57,46,6,39,45,66,88,16,97,38,70,75,123,94,63,116,17,11,68,48,41,79,71,89,32,121,43,20,85,78,21,35,99,47,31,130,23,118,12,8,110,9,104,30,87,125,82,100,3,102,34,113,122,36,115,96,91,40,4,67,53,86,49,109,7,128,1,52,106,107,13,55,129,26,56,64,90,44,14,117,72,19,28,77,51,124,61,50,15,69,74,37,120,112,25,83,80,101,22,42,103,95,
0,104,63,36,14,2,92,76,115,83,64,47,44,15,120,65,91,88,69,78,80,26,4,49,51,35,23,96,8,53,33,34,21,10,111,9,95,56,61,71,126,62,102,12,97,22,70,7,19,86,24,43,128,75,106,89,103,58,113,66,124,42,98,112,59,114,117,20,94,123,25,129,68,84,48,39,85,3,50,90,121,72,30,60,74,45,40,29,13,5,57,127,93,37,54,67,82,6,27,125,81,101,73,99,11,118,87,38,17,55,116,41,119,100,46,32,110,105,16,52,77,79,108,130,28,122,1,107,109,31,18,
0,10,38,70,31,121,65,124,1,123,87,17,64,126,94,111,2,116,109,59,99,127,30,5,68,89,22,119,73,67,13,118,40,80,72,15,9,79,12,51,42,104,25,19,120,108,53,86,130,122,106,82,81,57,61,114,27,21,39,48,78,76,105,11,88,125,113,84,92,75,29,107,95,52,34,3,28,128,26,63,56,32,71,100,83,18,117,96,66,103,90,14,85,98,43,54,102,45,16,101,36,110,112,91,44,8,33,41,74,115,37,23,24,20,69,77,47,4,50,58,7,49,46,62,129,60,6,93,35,97,55,
0,110,65,22,119,23,55,90,73,11,6,80,120,15,40,76,106,87,34,46,45,25,117,112,39,41,107,104,58,69,75,96,7,101,66,63,77,115,36,27,48,12,85,54,50,5,13,84,79,93,86,108,123,16,83,33,67,102,111,124,57,9,10,121,97,38,109,19,59,1,18,103,61,68,26,81,47,44,125,35,3,94,56,24,105,88,114,129,72,70,89,4,29,99,42,98,92,37,51,78,53,8,122,30,128,126,52,116,62,95,14,31,17,43,2,118,100,82,49,32,28,91,71,21,130,113,64,60,20,127,74,
