0,140,142,58,146,25,125,148,144,118,78,113,99,50,82,62,131,29,48,71,27,57,20,90,47,44,67,109,36,122,35,139,76,93,43,105,46,41,6,104,94,55,124,59,127,80,19,97,42,106,147,133,68,150,87,12,89,134,81,51,32,30,102,132,37,137,21,8,103,5,111,45,95,84,16,33,100,73,3,34,38,143,72,14,66,75,108,2,128,56,15,121,120,126,52,98,39,149,65,77,26,18,88,49,9,63,136,79,101,24,40,74,119,22,11,53,23,130,4,28,117,83,92,7,13,145,17,135,115,86,96,54,129,123,112,64,60,107,1,114,70,10,85,141,69,31,116,138,110,61,91,
0,40,107,7,95,16,145,62,81,23,41,108,59,132,106,124,79,54,85,116,137,146,32,52,31,96,36,89,139,14,69,112,25,91,133,100,67,43,83,48,78,30,72,6,47,119,135,39,103,148,121,142,53,58,149,51,127,2,29,73,138,90,26,13,130,98,80,126,45,88,17,111,92,10,93,75,44,68,28,61,77,120,66,123,21,5,99,60,57,141,19,101,65,55,46,33,147,12,87,140,102,134,110,86,94,11,150,144,104,71,128,20,82,18,136,131,50,22,27,114,125,38,109,49,76,74,105,35,70,34,115,64,42,118,37,97,113,24,4,129,143,1,15,56,3,9,8,122,117,84,63,
0,96,136,50,49,70,141,73,47,101,88,67,16,87,14,146,62,117,28,78,142,135,124,106,104,71,65,91,51,21,82,103,114,38,116,83,26,64,11,130,98,60,129,18,132,84,80,108,112,52,36,59,128,105,99,12,3,66,123,57,42,118,137,27,133,13,126,5,119,121,95,44,69,113,111,37,94,24,17,107,48,55,54,33,23,81,97,76,46,75,1,77,29,31,125,85,131,20,32,115,110,145,19,92,149,93,22,89,7,140,56,127,10,150,15,61,9,100,120,4,6,122,58,53,90,25,68,8,39,109,35,72,40,34,63,148,144,43,79,134,138,2,139,143,41,102,86,147,74,45,30,
0,26,44,117,54,60,87,67,108,33,148,1,37,125,56,97,20,40,76,42,106,32,41,144,7,53,46,11,15,86,135,130,70,132,111,81,147,71,94,69,123,35,82,14,127,73,21,145,93,49,146,134,47,34,98,57,17,2,96,99,139,29,72,3,13,122,100,150,65,52,109,114,12,27,103,92,5,43,51,126,89,55,119,136,84,31,78,50,113,25,59,23,140,8,102,39,80,143,24,36,61,142,149,101,116,58,95,91,19,48,133,10,74,118,131,110,129,79,120,18,16,85,75,128,30,38,4,115,83,138,45,77,68,64,124,88,9,121,137,107,112,6,28,22,63,62,104,141,66,90,105,
0,90,54,24,96,125,135,53,10,119,19,1,122,88,45,131,128,78,134,22,12,44,113,105,47,64,83,21,5,99,70,107,46,2,3,74,85,86,58,146,15,95,43,28,34,56,139,142,69,127,52,50,25,67,114,117,7,112,82,68,136,26,41,150,8,79,76,60,144,100,101,121,91,62,116,29,39,65,108,110,75,32,57,55,109,77,4,84,97,20,6,148,23,33,48,81,147,9,71,89,118,129,133,61,17,49,66,149,36,106,140,14,11,98,141,35,51,63,92,87,137,103,145,40,27,31,13,132,42,94,130,38,111,124,30,123,59,138,143,72,18,73,104,93,115,126,120,80,102,16,37,
0,89,136,45,69,29,101,140,33,91,82,142,118,65,113,25,100,99,15,132,18,125,94,26,112,122,11,8,39,63,119,114,107,10,137,32,67,59,84,97,103,35,147,131,24,19,58,23,14,12,31,93,62,78,110,144,102,124,76,9,123,47,50,13,77,105,128,30,92,133,42,85,48,34,74,70,145,130,129,71,135,51,20,64,143,104,4,87,56,117,3,57,43,55,68,2,98,6,79,106,52,83,81,80,120,36,88,111,75,17,150,40,27,146,41,21,44,127,115,66,96,95,53,139,149,141,121,37,1,22,7,108,90,54,46,60,134,73,109,148,72,49,116,126,38,86,61,28,5,138,16,
0,18,24,89,64,80,130,61,36,90,23,15,65,114,119,1,28,26,41,98,86,117,103,72,87,54,78,123,92,70,97,40,84,22,55,2,45,106,11,82,134,73,99,5,107,10,56,66,83,100,136,148,126,140,8,31,150,48,69,109,6,147,4,13,116,79,19,37,122,81,101,27,141,94,51,76,96,133,124,46,88,129,12,105,50,62,137,42,43,127,138,59,32,58,7,102,47,34,93,29,85,25,68,121,115,91,146,38,35,53,145,142,120,135,118,33,144,14,75,57,108,149,16,113,112,132,67,44,39,125,63,143,128,111,71,104,95,131,17,60,9,74,30,20,77,49,52,139,3,110,21,
0,88,100,61,87,130,12,142,104,51,4,52,5,18,35,109,101,121,79,129,75,91,45,15,103,6,148,108,137,31,119,74,94,144,113,8,135,1,29,36,77,82,117,32,69,28,13,40,110,133,143,47,98,106,71,95,68,107,30,41,3,59,126,80,116,83,114,140,66,65,48,2,50,146,145,150,73,17,67,72,21,46,57,86,97,125,38,58,14,105,76,138,90,34,25,60,122,33,78,149,115,49,19,102,111,112,84,9,24,120,44,37,81,89,56,128,23,96,85,127,63,123,53,26,141,134,10,124,147,131,118,7,16,93,136,42,70,11,20,99,132,139,43,62,92,27,64,39,22,55,54,
0,136,134,54,104,4,25,148,128,74,18,110,16,98,145,112,122,50,2,9,48,22,53,10,108,133,137,29,73,39,121,120,65,6,89,125,91,83,1,113,70,47,141,115,27,107,41,84,69,42,58,80,147,86,63,19,124,132,140,126,143,35,11,64,52,131,14,139,40,93,33,101,7,78,68,13,23,150,90,103,85,95,26,43,130,75,111,92,129,87,59,117,51,94,55,15,36,149,82,114,105,12,77,24,3,72,144,100,44,76,109,56,135,81,61,32,79,62,8,66,5,37,116,60,97,31,138,38,88,30,46,146,49,106,99,142,21,119,20,28,67,123,96,45,102,71,17,127,118,34,57,
0,7,79,52,144,2,4,32,116,106,14,27,11,103,140,81,53,111,60,54,62,35,136,121,77,43,102,20,148,108,15,124,85,66,150,90,131,91,68,46,110,129,72,126,58,135,138,100,19,101,147,18,105,87,82,36,133,26,9,142,21,83,56,61,141,64,70,59,13,40,51,92,57,76,6,55,114,145,88,143,139,113,109,49,130,65,29,28,132,80,123,96,118,39,97,30,1,33,137,41,69,78,127,120,95,17,98,74,115,31,94,22,134,50,149,25,84,104,47,34,8,10,3,5,73,93,42,99,44,122,86,37,12,45,16,89,23,71,128,38,117,48,67,119,146,125,24,63,107,112,75,
0,19,136,70,112,76,73,122,63,132,69,96,71,117,23,14,57,91,108,30,54,126,43,75,25,124,90,52,11,68,98,58,119,115,38,99,74,41,85,97,64,46,103,141,86,118,21,27,92,40,94,13,78,62,77,110,113,144,148,95,9,7,104,145,80,66,72,15,18,48,131,44,138,6,26,79,61,39,146,20,42,10,36,143,101,53,35,55,56,149,37,81,33,31,3,120,12,51,137,135,60,125,65,129,123,116,133,16,83,59,140,17,82,5,142,34,121,93,67,1,28,109,45,111,88,107,47,147,49,87,100,128,106,150,32,4,8,22,130,24,134,29,102,114,50,105,84,2,139,127,89,
0,1,25,52,64,71,44,105,12,49,81,146,100,79,51,98,134,125,11,150,17,142,62,8,148,129,38,78,104,90,46,37,94,36,32,117,83,68,39,13,18,22,76,120,127,119,80,89,103,45,75,107,72,58,40,21,65,3,41,24,82,43,95,115,114,128,109,140,47,20,34,2,56,10,73,126,145,92,124,147,116,35,77,131,9,111,15,108,74,66,144,57,97,99,141,121,27,30,53,138,112,102,16,28,85,88,23,6,33,91,50,123,113,63,7,136,60,67,96,87,26,110,61,59,84,4,42,70,31,133,118,19,14,29,137,5,122,135,54,130,132,93,48,139,55,101,106,149,69,143,86,
0,15,40,2,13,75,129,136,79,8,128,25,122,87,55,123,76,72,121,74,64,20,21,99,47,19,102,101,50,103,11,109,112,71,18,26,53,88,5,91,119,43,146,131,9,135,115,57,82,58,142,60,140,33,35,34,85,124,69,78,54,139,51,42,22,127,108,84,143,41,63,80,96,48,27,49,105,125,24,130,145,134,12,59,117,14,73,94,77,37,126,97,110,89,44,120,68,46,132,95,83,67,113,118,90,106,3,36,17,29,86,138,148,141,133,39,107,116,61,30,10,98,62,144,23,45,70,28,32,4,100,31,1,81,93,16,104,114,147,150,56,38,149,92,111,137,52,6,66,65,7,
0,125,22,147,119,94,23,82,108,32,43,99,109,121,26,107,71,15,84,112,9,20,105,102,137,27,85,123,2,62,47,103,116,104,6,35,88,54,131,77,149,42,67,128,39,51,135,56,73,68,113,78,148,110,111,61,58,34,30,93,40,106,87,25,12,1,134,80,60,96,98,136,36,129,138,72,139,92,101,70,91,69,41,79,150,4,140,114,141,38,90,18,8,11,5,115,122,75,21,31,117,126,19,132,28,53,63,142,29,83,17,100,3,120,74,124,143,46,16,44,14,13,10,7,146,130,89,55,127,59,24,37,86,97,48,118,144,133,50,95,45,49,33,66,52,64,57,81,145,76,65,
0,107,146,85,70,84,129,149,73,139,27,18,125,140,45,88,17,121,90,58,127,81,142,3,86,141,95,117,43,65,9,110,103,76,113,12,38,148,66,26,104,138,74,92,8,102,87,118,24,22,130,1,33,143,108,46,134,91,60,36,98,128,137,28,112,61,19,37,47,48,40,23,93,133,64,15,32,4,59,7,78,30,115,72,53,16,77,6,150,68,2,62,101,132,105,25,21,35,69,123,49,52,82,13,119,136,116,34,147,71,97,5,89,41,109,42,135,29,75,131,144,122,99,94,57,31,106,55,51,54,14,120,114,100,11,80,56,79,96,10,44,111,63,126,39,124,83,20,50,67,145,
0,36,71,145,136,103,84,37,111,141,13,126,147,89,118,144,112,133,86,14,48,19,130,47,7,22,97,35,55,51,108,143,128,115,63,65,104,12,17,45,138,95,60,83,127,66,67,87,110,25,23,85,49,99,70,46,4,11,113,34,59,94,114,24,44,91,54,149,105,129,109,139,123,116,101,29,40,15,122,38,18,5,20,79,92,68,119,3,146,69,96,93,148,120,26,28,142,100,102,132,57,64,2,41,58,150,53,72,140,106,134,62,135,90,98,81,74,80,121,50,107,61,39,27,117,33,43,77,52,73,124,88,30,9,42,31,8,16,6,82,1,32,76,10,131,21,56,125,75,137,78,
0,27,108,149,42,136,130,86,5,141,54,11,99,78,117,60,21,109,129,17,68,144,85,22,40,36,143,87,106,107,33,120,70,139,56,76,138,134,125,49,90,48,58,132,98,64,82,29,140,145,142,127,26,3,52,105,92,81,115,121,124,71,55,43,100,9,61,2,34,35,131,91,110,13,15,23,123,12,113,148,84,72,102,25,69,41,28,146,24,126,75,63,94,6,47,95,74,128,114,62,65,119,83,38,14,4,19,137,80,50,1,77,57,59,96,97,116,73,7,18,66,31,89,135,112,147,37,16,67,88,51,111,46,79,10,53,45,101,30,44,122,39,32,150,20,8,133,103,118,93,104,
0,77,115,17,69,144,67,123,116,147,44,88,122,7,139,140,2,75,92,57,70,41,145,73,74,5,146,24,143,16,105,102,142,86,37,81,36,117,34,43,100,121,138,54,31,84,119,55,98,79,20,47,71,35,106,111,108,64,126,42,59,56,83,124,63,131,72,25,13,58,87,99,51,45,60,82,53,9,95,27,12,65,39,33,66,150,76,46,85,93,113,40,103,8,125,96,101,4,1,109,128,15,130,6,107,23,52,50,149,38,135,118,30,97,90,61,127,136,28,32,104,148,91,11,62,120,89,129,22,80,49,29,18,3,132,26,133,68,21,10,141,94,48,14,78,137,114,110,134,112,19,
0,120,2,63,98,29,20,62,51,70,111,60,64,8,72,12,113,143,149,85,119,30,77,91,79,41,130,75,96,38,19,82,108,107,146,86,67,56,57,145,58,84,27,94,26,136,109,103,131,52,55,148,33,124,127,93,87,25,45,112,132,71,117,39,32,122,73,83,4,105,54,31,66,22,15,50,92,11,42,10,1,80,24,3,129,61,7,59,134,89,88,135,100,102,110,104,123,90,13,53,34,37,40,78,49,138,150,21,74,115,68,36,35,46,6,18,76,125,97,126,43,17,128,118,139,114,5,133,16,28,69,137,142,95,147,44,9,81,116,140,47,23,99,144,141,106,48,14,101,65,121,
0,54,28,6,102,55,25,133,36,119,27,145,115,16,60,149,113,44,40,83,49,127,46,122,114,26,71,110,87,109,111,1,98,14,65,8,11,42,22,140,126,69,17,85,86,3,15,67,7,116,78,10,4,32,56,23,103,63,95,135,47,43,105,90,131,72,123,57,21,124,139,74,18,92,108,91,148,31,106,130,34,39,88,104,137,73,93,52,134,45,30,37,35,80,143,129,147,144,107,75,12,62,112,146,121,20,99,101,150,81,66,70,33,9,120,142,19,117,24,53,58,48,77,128,29,138,94,13,38,59,132,100,118,5,61,141,41,125,97,2,79,96,76,89,51,68,136,64,84,82,50,
0,20,34,79,66,19,132,141,6,16,106,30,15,83,150,25,91,75,142,5,17,37,54,97,135,92,56,57,129,102,10,33,51,32,59,126,69,67,52,134,120,29,148,43,112,26,124,149,28,61,119,110,143,125,36,114,14,94,88,113,80,137,140,104,40,96,123,63,45,11,121,138,50,8,13,18,24,103,1,9,146,41,31,86,38,131,65,4,109,139,55,89,108,98,93,48,53,82,21,105,128,77,100,117,68,87,81,35,62,47,46,85,2,42,147,95,70,74,107,84,73,58,27,22,12,3,127,136,116,44,90,7,144,23,72,133,76,111,71,78,115,145,64,130,39,60,99,118,101,122,49,
0,50,36,121,29,99,18,137,32,118,128,111,85,114,45,7,47,35,78,101,4,49,104,133,44,80,83,40,68,14,24,143,124,65,59,46,129,86,12,130,112,131,105,13,74,90,1,6,76,31,148,71,57,26,72,132,77,79,125,17,10,62,119,84,107,19,102,8,70,142,37,127,75,43,98,41,106,64,38,11,87,33,42,115,134,23,25,97,144,88,120,147,94,145,34,9,149,60,3,91,58,141,135,5,96,110,2,136,122,56,69,146,16,20,103,113,150,21,95,61,117,123,48,93,22,67,81,15,138,108,92,30,139,28,116,27,63,66,100,109,39,73,140,52,55,89,51,54,53,82,126,
0,38,54,48,67,43,137,141,64,95,16,46,66,79,7,74,144,149,93,129,27,86,99,72,35,56,139,59,60,17,88,90,47,102,80,97,44,145,4,37,68,92,32,21,126,40,2,50,52,33,100,26,28,132,107,76,20,89,9,87,143,121,138,13,83,58,34,39,70,125,49,14,77,98,124,78,75,57,140,114,110,25,53,85,3,116,5,61,8,42,128,112,84,123,91,105,146,108,130,133,23,117,94,18,30,10,142,127,55,71,150,62,63,106,81,82,135,109,41,103,73,96,148,51,65,69,24,115,104,118,113,131,12,31,147,19,101,45,11,122,22,15,1,134,111,6,29,120,36,136,119,
0,25,24,10,93,110,54,53,16,127,11,91,120,60,107,44,111,69,66,3,38,72,9,65,142,131,103,48,51,81,49,71,29,33,39,119,85,19,83,7,23,43,139,118,125,128,20,122,134,96,109,64,98,42,35,47,27,94,116,63,132,13,67,57,121,45,149,112,55,70,105,21,100,87,36,86,32,34,74,115,5,84,82,40,130,4,6,26,114,140,136,68,41,15,145,101,12,75,144,138,92,73,78,147,88,150,102,80,14,135,31,97,46,117,58,143,146,148,30,90,123,137,104,129,99,59,17,108,77,52,124,28,106,37,18,126,79,62,2,133,8,95,76,61,141,56,1,89,50,113,22,
0,80,87,59,143,35,22,10,65,111,99,17,21,88,100,28,76,79,102,98,105,64,90,132,5,130,73,84,137,43,85,69,115,55,40,134,63,120,83,45,42,13,68,15,2,32,75,27,138,150,48,149,104,106,70,6,14,61,38,81,121,86,20,113,116,93,71,66,122,77,39,140,123,119,16,56,52,50,147,58,96,82,74,1,103,12,4,41,29,60,92,49,26,142,51,24,95,78,108,34,146,25,129,141,148,31,23,101,8,46,128,110,57,47,125,11,144,54,112,133,126,62,94,3,30,109,145,91,44,37,72,135,136,53,7,67,127,89,107,33,139,36,19,9,117,114,124,131,118,18,97,
0,132,18,64,144,74,22,131,104,5,139,97,38,130,23,40,106,82,68,26,88,25,78,98,58,47,93,103,91,122,146,12,63,142,116,46,137,34,37,135,45,76,125,62,57,44,49,48,31,120,96,8,41,27,6,51,35,117,89,83,70,85,115,113,108,28,129,145,36,59,19,112,81,92,4,114,53,52,95,72,2,107,29,87,17,33,7,123,69,56,20,15,10,67,50,124,138,21,3,147,140,43,9,16,149,13,24,30,39,121,77,60,55,109,99,42,73,119,11,150,80,65,90,141,94,118,14,111,126,127,134,101,86,102,133,148,61,136,79,1,128,71,32,105,100,66,143,54,110,84,75,
0,23,101,29,98,1,120,3,128,148,57,75,134,41,72,31,137,68,123,15,119,105,18,53,69,132,140,45,99,71,38,35,111,85,108,90,102,78,37,17,66,116,138,65,20,4,16,52,74,118,30,133,81,114,44,50,127,28,13,96,113,124,144,32,129,49,67,112,2,46,121,88,55,73,79,92,63,7,131,125,149,59,150,5,36,146,24,80,19,43,34,62,77,86,141,106,61,33,64,26,143,109,110,9,95,100,27,39,126,139,97,60,115,94,10,21,22,91,42,130,82,136,54,47,135,48,25,6,147,8,40,142,51,84,70,12,145,87,103,104,93,11,83,76,14,117,89,107,58,122,56,
0,26,126,108,90,73,30,99,27,39,48,12,59,61,118,112,109,71,129,9,8,107,7,141,111,135,17,125,130,64,116,80,11,41,53,119,120,31,49,98,123,149,128,16,150,88,82,13,102,18,100,106,40,142,5,45,14,87,85,86,63,68,28,66,115,134,122,74,140,84,124,55,81,32,33,36,29,20,34,138,15,79,46,19,144,69,22,147,54,3,4,105,67,91,95,1,127,145,103,94,44,72,101,52,37,2,113,60,21,51,76,10,92,24,35,70,143,47,58,139,104,110,43,38,117,78,131,97,137,75,114,42,6,89,25,23,96,62,93,83,133,77,146,121,57,65,132,50,148,136,56,
0,26,85,13,2,86,108,62,97,69,23,81,9,33,37,125,54,57,27,115,29,92,56,50,49,116,105,128,142,58,63,133,101,40,129,67,127,90,68,144,141,7,53,103,12,51,126,87,44,93,99,41,43,149,80,72,55,88,39,122,10,42,89,131,24,119,3,107,73,36,14,5,25,134,30,135,61,6,124,59,4,45,82,112,19,106,32,111,60,138,136,98,28,110,65,147,120,35,79,48,64,148,22,46,109,145,123,100,74,66,75,114,21,104,78,52,38,121,113,102,84,17,139,91,94,150,47,118,16,71,34,1,132,77,11,15,20,76,137,96,70,8,18,130,140,83,143,31,117,95,146,
0,69,83,67,33,22,94,21,147,45,64,39,90,36,38,60,58,107,149,102,31,49,84,56,66,111,28,122,126,73,120,20,87,54,11,99,103,13,71,2,42,81,29,80,18,17,23,97,129,4,70,133,82,93,14,12,8,98,61,75,109,24,57,78,148,92,118,35,110,6,43,95,79,59,131,53,74,27,44,115,50,100,51,5,3,108,135,128,32,30,145,37,127,132,143,123,52,139,146,130,106,77,68,7,63,46,101,136,16,48,72,134,116,65,138,76,144,121,104,105,25,113,119,9,114,47,137,40,15,89,41,26,125,124,1,10,86,140,150,96,141,91,62,117,85,88,34,112,19,142,55,
0,18,82,11,59,80,128,66,16,106,37,14,49,17,56,1,101,13,96,89,94,41,53,92,98,103,140,29,68,123,125,109,6,88,5,51,84,76,131,115,110,147,105,47,120,55,65,142,129,111,83,31,28,95,39,144,133,19,118,25,77,15,74,45,130,38,64,21,10,46,124,143,67,126,50,3,86,112,23,116,43,12,150,22,91,75,107,81,27,117,57,52,9,97,54,48,71,99,72,4,114,78,136,73,70,93,8,113,146,149,40,33,36,61,63,24,34,35,104,87,79,90,7,138,119,20,2,58,148,141,32,100,69,102,26,85,42,121,108,30,135,139,137,145,122,127,134,132,44,62,60,
0,76,4,27,3,59,62,5,15,121,14,99,144,134,92,34,31,23,13,94,37,126,66,60,10,149,95,69,49,143,135,71,137,89,131,51,48,47,40,110,30,100,146,145,20,32,82,29,150,70,44,6,127,91,18,11,88,53,106,83,97,67,102,45,58,125,57,28,86,139,133,141,50,43,26,114,113,80,111,90,129,138,55,116,142,84,19,56,74,81,7,68,120,64,24,12,104,54,77,140,119,65,72,38,73,147,16,46,122,79,36,124,112,33,21,2,108,52,17,42,8,132,93,130,109,105,118,61,107,85,39,103,98,87,148,25,41,136,63,117,1,101,35,96,78,115,75,9,22,128,123,
0,132,119,140,97,118,106,92,148,33,117,145,16,75,4,19,51,55,28,8,121,69,77,30,130,142,36,147,54,127,139,32,83,25,138,21,11,24,88,45,56,66,100,61,71,34,48,126,112,105,9,78,120,62,12,116,135,144,52,41,29,67,38,115,133,114,141,5,110,89,63,53,111,104,14,125,150,18,108,6,10,50,23,20,47,72,60,137,31,35,94,85,136,68,102,86,101,99,42,95,124,84,149,93,76,39,58,46,26,134,91,17,1,49,123,98,65,2,103,44,122,73,3,70,113,74,79,128,27,80,40,22,81,131,90,82,107,143,13,146,109,57,64,129,87,15,37,43,96,7,59,
0,122,90,102,119,24,19,46,56,142,1,84,114,72,118,134,30,95,18,85,135,42,100,136,16,22,146,28,149,96,43,130,121,77,80,25,37,59,92,147,8,5,3,41,70,79,76,120,144,68,17,52,4,103,109,123,39,58,94,98,128,111,75,27,21,60,15,34,67,112,45,110,57,86,97,82,66,89,73,91,143,139,88,9,71,101,107,32,38,35,124,116,108,53,105,14,63,40,33,145,31,126,55,26,69,113,10,48,140,132,106,137,64,93,36,2,148,49,99,133,78,51,62,7,104,44,12,11,117,50,74,29,87,138,129,47,23,125,83,61,150,131,20,115,127,54,65,141,6,81,13,
0,134,139,1,76,147,150,138,57,103,126,50,5,83,90,133,95,104,66,91,118,132,46,123,15,97,58,51,18,143,108,45,111,42,17,112,115,80,55,33,86,12,37,85,53,88,96,29,69,120,78,19,54,146,135,49,128,145,8,136,47,106,23,32,101,140,116,21,31,125,27,25,30,121,64,67,70,4,93,71,114,3,122,81,99,73,61,28,48,34,102,43,11,84,22,59,105,119,127,148,141,98,110,137,38,124,35,130,77,74,109,62,72,100,9,36,14,142,92,107,89,40,26,13,24,20,113,144,41,63,149,2,7,79,52,65,60,39,82,87,16,117,10,56,6,129,44,75,94,68,131,
0,93,103,136,134,131,2,39,94,58,4,63,107,36,42,69,34,16,12,41,148,50,147,79,128,78,98,81,7,102,135,33,114,26,143,87,120,47,21,68,38,115,10,1,24,5,105,55,101,146,108,66,3,116,6,25,119,64,51,28,71,60,123,104,133,8,117,14,62,48,99,145,83,31,77,106,111,23,84,125,124,85,90,129,100,82,17,57,80,130,88,126,73,45,61,35,74,89,141,110,46,72,112,22,43,86,54,139,127,19,49,56,132,91,13,138,144,11,65,109,149,142,37,92,9,140,96,121,27,113,59,44,122,29,75,137,30,70,118,40,52,150,97,15,76,18,95,32,67,53,20,
0,112,131,101,102,125,141,11,13,117,4,132,81,104,8,38,95,67,20,31,107,58,98,110,109,34,44,15,50,139,138,137,135,79,133,66,85,69,120,74,33,77,92,130,10,64,1,18,115,123,51,43,126,6,88,83,122,142,42,103,7,116,37,5,40,65,19,140,90,2,127,118,21,39,76,48,134,70,30,25,80,26,84,96,78,75,119,91,16,59,86,114,82,32,146,72,23,12,129,94,143,108,149,35,62,61,136,63,60,55,53,128,105,147,46,45,57,93,89,22,9,27,3,124,49,29,121,52,24,100,99,54,17,150,97,36,68,14,73,47,28,113,145,87,111,56,144,71,106,148,41,
0,141,125,28,91,58,33,114,47,94,143,54,12,124,148,63,121,92,29,131,14,97,17,44,43,27,45,102,31,53,111,128,66,51,113,134,73,88,104,65,120,118,74,36,24,122,52,106,1,23,84,59,56,7,149,68,2,64,86,30,8,93,117,135,41,76,145,50,98,147,137,9,103,110,15,37,72,46,116,140,142,119,61,38,108,127,3,139,48,5,112,57,16,78,60,105,10,123,138,101,87,26,115,77,81,6,62,96,11,18,129,126,35,144,55,67,79,107,70,22,150,99,49,20,130,4,69,85,136,21,133,80,75,146,42,95,39,71,32,132,19,100,90,109,89,13,83,40,34,82,25,
0,92,23,74,141,93,61,133,109,106,35,56,104,91,148,59,7,51,1,100,144,122,137,79,46,117,13,102,143,50,73,64,27,3,119,53,6,114,150,40,42,136,124,49,4,82,123,96,11,111,88,95,48,72,19,86,45,135,75,14,77,83,129,68,30,81,44,43,140,130,28,125,12,115,85,89,112,52,146,66,90,80,126,101,120,47,127,10,70,29,17,36,20,54,9,67,25,131,103,63,62,139,69,38,145,37,22,65,18,41,39,134,2,57,60,26,97,113,94,31,138,118,55,16,76,147,34,5,128,71,149,84,132,105,58,21,15,24,33,99,116,108,8,32,110,107,98,78,121,142,87,
0,89,140,102,138,125,56,109,62,16,127,3,59,26,47,117,67,134,61,75,98,137,41,100,28,29,64,40,5,91,148,135,139,131,52,123,51,87,24,2,17,1,88,69,19,96,45,107,49,9,94,30,129,136,110,39,104,90,119,48,133,78,73,93,31,108,63,105,7,115,150,84,145,124,11,143,43,77,116,122,86,72,32,50,97,146,126,130,66,114,99,71,80,142,33,6,112,12,54,82,10,25,141,20,101,8,23,103,46,118,14,106,35,36,147,92,15,149,34,128,27,58,121,21,132,4,60,144,74,111,44,70,38,57,22,113,37,95,79,68,42,83,55,65,53,76,85,120,18,81,13,
0,52,8,60,17,132,29,131,106,68,84,110,103,113,54,22,145,111,3,117,13,42,81,71,104,5,73,107,124,75,77,133,150,126,127,21,48,142,36,93,138,72,65,30,136,97,34,109,86,43,128,123,83,58,59,141,7,98,119,85,69,35,118,6,44,41,121,47,129,120,37,99,144,122,25,78,28,53,46,130,101,143,146,105,26,51,135,32,92,114,18,95,148,16,137,33,55,67,139,147,14,82,45,64,61,116,1,39,15,79,19,70,87,94,134,88,50,24,62,2,57,4,23,108,115,49,11,112,149,12,102,20,56,40,27,100,9,66,76,10,90,63,38,80,31,91,96,89,74,140,125,
0,43,58,97,112,71,13,126,49,51,65,26,134,78,11,5,149,91,25,101,16,60,62,72,37,143,29,132,54,39,89,52,33,68,64,31,98,67,45,110,105,21,18,121,2,94,99,122,118,131,48,28,76,123,24,90,15,57,128,106,83,85,150,20,23,56,8,59,133,107,42,144,50,96,87,47,30,115,109,55,7,4,6,138,66,145,9,22,70,17,35,34,61,120,114,113,1,36,137,100,38,146,103,141,69,117,88,84,12,139,93,41,95,32,73,104,124,46,79,3,27,116,140,136,63,82,44,10,75,53,74,130,135,147,19,92,102,80,86,40,108,129,125,14,142,111,81,148,119,127,77,
0,64,98,139,59,111,87,51,146,136,129,22,100,67,110,78,46,113,58,101,43,40,14,12,55,109,133,141,11,96,66,135,85,127,52,91,50,45,115,123,6,17,30,79,131,90,138,84,140,9,77,3,112,73,29,16,107,1,105,88,128,121,132,34,56,10,124,37,38,72,150,28,114,32,117,20,148,116,76,126,108,144,63,27,69,93,81,75,122,68,134,26,71,8,62,42,149,60,48,47,95,86,89,35,5,15,33,4,106,119,21,103,130,92,39,104,102,120,80,41,54,118,25,70,142,19,49,7,125,61,23,99,137,2,44,24,36,97,31,145,18,65,147,143,83,53,13,57,94,74,82,
0,63,24,70,69,9,145,97,57,149,83,51,94,115,130,108,106,40,52,65,92,107,102,128,86,119,148,66,37,53,22,45,131,111,29,98,50,25,54,141,101,68,32,43,31,44,18,136,16,71,5,80,48,100,85,113,82,150,133,120,122,26,12,20,95,28,140,121,13,87,109,36,61,23,124,42,19,10,1,72,38,58,84,114,77,123,139,39,6,74,99,116,105,49,104,126,110,11,46,62,34,90,33,144,142,75,3,59,137,27,15,96,138,67,117,7,103,47,41,81,17,78,73,56,89,147,76,127,91,135,35,143,21,55,134,93,30,64,8,88,60,125,14,4,132,112,146,118,2,129,79,
0,106,68,33,146,22,132,136,119,19,143,39,12,30,86,115,150,37,29,61,96,56,97,88,117,57,14,17,102,36,142,75,141,10,101,21,31,135,129,95,13,20,133,54,50,35,11,130,38,55,7,15,109,6,85,90,41,5,84,147,111,89,46,82,100,105,63,83,23,118,71,44,116,110,137,53,48,108,73,124,138,8,107,93,60,18,78,113,52,40,42,139,121,80,104,28,131,91,66,112,114,144,34,47,45,103,140,69,25,128,3,125,43,65,134,62,16,79,92,126,120,1,2,81,67,99,24,122,9,64,87,51,59,149,72,58,49,27,4,74,127,145,94,32,148,70,123,76,77,26,98,
0,71,93,80,140,133,50,36,35,40,66,125,77,114,58,8,60,87,116,104,6,132,79,82,56,53,141,72,43,107,129,135,89,150,14,45,27,9,22,110,4,134,70,118,41,24,95,137,39,18,88,49,38,111,19,105,26,148,146,90,119,62,138,108,7,46,144,21,31,127,16,64,130,67,149,73,54,57,142,139,101,63,109,143,74,113,3,103,25,44,84,2,126,11,94,121,68,78,20,112,28,65,32,145,97,30,5,99,100,48,124,15,47,85,42,128,102,123,12,51,96,122,120,83,147,55,91,29,106,81,59,10,115,86,34,1,98,61,23,33,13,75,69,76,52,117,131,92,17,136,37,
0,49,137,68,93,96,88,107,57,8,135,58,6,71,106,103,83,50,48,31,142,7,11,109,16,105,12,33,91,102,128,148,19,131,119,25,140,62,76,118,70,89,29,54,55,92,127,144,130,115,100,138,30,45,72,80,104,87,35,78,145,3,17,47,27,123,37,112,21,90,20,122,69,46,136,14,26,99,111,129,149,82,39,147,77,15,43,108,146,5,66,86,113,120,44,139,61,124,24,79,121,38,9,116,34,22,132,114,84,13,51,126,110,4,95,1,141,143,23,28,56,85,2,40,117,52,60,10,32,64,67,18,63,74,81,125,98,53,150,65,41,133,101,42,36,73,75,134,94,59,97,
0,104,138,106,74,70,15,36,90,137,109,62,80,111,37,31,146,8,17,5,58,38,87,134,150,49,42,110,48,93,103,35,100,18,69,46,28,116,3,20,129,81,50,34,142,143,40,95,47,72,126,94,7,130,97,114,131,96,65,76,77,44,39,2,10,23,99,13,57,120,149,135,78,121,22,55,52,107,4,105,139,63,11,21,124,6,29,19,115,98,113,53,1,119,145,92,16,79,108,125,9,73,75,33,122,101,43,67,56,133,51,89,148,68,82,147,88,112,102,86,59,127,83,71,12,132,45,61,60,41,118,30,66,117,64,32,27,26,54,136,128,140,85,25,141,84,14,123,144,24,91,
0,17,79,62,20,12,143,76,56,49,124,140,24,4,65,70,48,149,138,8,54,109,98,26,11,60,64,5,110,78,139,117,127,1,45,2,116,132,34,108,82,68,145,80,32,55,103,126,102,41,84,114,42,71,122,28,43,101,22,125,23,13,144,69,99,115,61,19,105,123,15,104,21,72,63,94,14,137,112,52,129,67,95,58,150,33,73,118,44,6,53,66,46,147,128,27,111,16,87,83,36,35,25,30,90,50,40,134,86,57,146,89,31,10,121,148,133,51,74,92,29,18,96,37,85,88,136,7,81,130,142,113,39,107,59,141,106,97,93,9,100,75,77,131,38,119,120,135,3,47,91,
0,48,24,144,138,122,62,41,96,8,118,89,107,59,115,22,78,45,136,127,112,142,42,55,120,68,84,70,83,12,106,132,123,21,32,5,86,26,135,3,9,13,137,29,146,53,148,50,91,101,58,20,17,76,2,67,129,117,133,27,99,19,18,92,64,93,139,125,71,126,6,143,15,105,110,128,61,130,104,60,4,134,75,90,87,85,7,88,36,65,97,54,57,100,109,108,111,72,145,69,147,80,150,66,51,149,28,33,103,121,114,81,44,98,16,10,38,113,79,40,25,52,43,116,11,56,102,30,74,95,34,46,39,23,94,49,124,119,37,77,63,131,14,73,1,47,31,140,35,141,82,
0,74,18,36,89,132,94,16,131,119,14,56,98,146,17,148,49,68,142,93,73,13,129,99,78,48,123,112,109,106,12,92,75,102,44,127,67,105,29,7,85,64,134,124,87,51,47,20,42,28,72,139,50,2,111,24,108,79,54,95,22,150,86,62,27,30,136,122,53,57,117,11,41,104,130,70,55,77,58,43,23,118,52,45,8,81,39,128,21,63,5,10,34,147,91,32,88,115,125,60,35,100,31,137,116,40,15,6,71,145,107,121,33,84,90,101,83,25,46,19,103,38,144,114,126,65,82,97,4,143,113,61,133,1,69,138,59,120,141,76,37,3,80,149,135,96,140,66,9,110,26,
0,58,44,14,37,23,100,114,42,24,144,80,132,143,141,55,102,82,39,136,52,101,110,33,111,17,130,22,65,3,13,85,135,25,109,139,83,40,142,67,108,117,45,129,31,20,107,78,48,21,120,89,119,62,118,36,106,34,1,10,63,29,69,121,115,90,103,7,43,145,6,53,2,60,97,12,18,124,96,147,104,68,75,149,38,51,113,76,70,88,93,11,46,91,61,27,30,105,26,146,73,72,140,15,150,128,94,9,59,77,66,32,122,125,99,35,79,95,98,64,138,8,56,127,134,74,50,131,4,16,126,5,84,148,28,71,81,19,47,116,54,86,112,87,49,41,133,57,92,123,137,
0,150,63,127,110,116,29,125,96,114,102,37,118,103,32,57,87,123,30,112,143,60,106,21,99,98,5,76,40,47,131,83,45,128,14,16,90,132,91,38,48,25,142,149,139,42,11,77,44,20,105,2,89,65,7,13,148,58,73,104,53,113,107,97,130,61,49,6,92,81,88,136,56,71,27,70,35,54,79,94,133,95,50,122,52,67,69,8,86,3,22,59,18,23,46,85,15,10,117,1,147,41,129,146,121,68,72,100,78,141,31,140,119,75,145,26,93,12,66,144,17,82,109,80,28,39,36,101,4,43,9,84,138,19,108,24,115,34,64,55,74,111,33,126,62,124,134,51,137,120,135,
0,144,141,16,118,116,78,10,92,41,132,46,39,19,4,75,122,106,23,94,7,99,107,103,22,133,55,111,121,8,67,26,110,98,37,33,82,128,59,63,6,89,29,1,54,137,56,2,31,104,5,112,25,20,149,100,51,129,134,148,97,27,21,146,9,143,77,69,43,120,81,52,139,87,85,38,65,68,49,24,145,66,131,61,114,57,105,28,136,15,32,96,108,35,14,42,47,44,83,74,91,95,123,72,62,71,12,73,150,142,135,109,50,48,13,64,147,113,127,76,101,125,70,18,124,86,79,102,45,3,115,30,53,11,126,17,119,130,58,138,60,90,36,88,34,117,80,84,140,40,93,
0,56,67,36,27,122,58,102,73,149,109,118,34,37,46,103,12,11,32,92,138,126,139,55,97,26,9,90,3,39,45,85,24,38,60,86,80,30,65,33,147,133,116,79,4,114,106,28,54,145,61,40,1,142,18,2,130,135,117,91,107,125,113,121,129,74,6,52,136,63,112,104,57,31,5,150,47,72,141,119,108,41,89,110,22,43,15,19,48,120,13,50,146,94,128,68,8,49,59,71,35,44,101,83,87,95,42,14,84,124,88,134,98,127,16,100,131,20,25,64,105,137,115,69,77,23,111,82,81,51,96,17,99,66,10,93,143,123,76,29,140,53,148,62,21,7,75,70,144,132,78,
0,119,67,101,87,48,9,147,60,73,47,89,110,6,28,62,49,99,128,30,71,46,39,140,19,82,108,113,50,122,130,100,66,97,32,64,135,58,65,146,133,112,149,51,139,20,117,41,106,79,105,121,109,80,118,75,98,68,18,2,143,150,3,54,102,22,84,132,42,36,31,10,16,142,78,107,145,94,4,34,8,74,27,55,40,127,26,115,111,25,38,70,7,137,76,138,88,15,120,69,59,5,85,43,57,11,129,134,21,52,86,91,1,103,13,56,124,90,81,23,33,37,44,63,77,96,131,14,104,61,136,144,12,148,92,114,53,125,141,93,17,72,35,29,95,45,24,126,123,83,116,
0,71,46,21,148,45,134,51,120,101,15,38,115,58,140,39,119,94,8,10,14,5,131,56,80,66,72,33,79,84,83,96,91,104,30,141,136,98,36,114,142,100,78,61,52,34,63,59,2,6,75,70,132,35,150,146,107,135,127,105,24,82,13,93,144,22,41,1,111,103,87,60,37,65,145,53,49,57,138,74,106,90,112,3,25,43,139,133,40,44,50,42,85,19,4,122,69,102,47,32,55,143,92,125,31,9,54,28,149,108,86,117,18,23,130,123,128,147,121,99,118,116,12,27,95,129,124,113,137,48,67,7,29,88,16,81,73,97,62,89,76,17,64,20,109,126,11,77,68,26,110,
0,17,80,110,92,116,93,63,6,43,85,71,138,106,22,37,148,28,56,112,25,141,38,73,64,41,8,5,23,91,18,95,150,143,137,118,82,121,2,87,45,114,124,119,123,55,10,19,102,140,96,142,145,84,13,1,35,149,86,79,122,72,3,12,58,52,42,127,30,47,31,60,70,107,133,139,11,29,15,62,132,101,75,26,36,14,129,83,88,90,147,120,66,54,50,76,146,61,57,115,135,68,81,46,65,98,144,51,100,49,24,44,99,94,9,136,125,7,109,4,104,111,89,16,126,39,69,53,21,34,128,67,117,108,105,131,40,48,103,74,20,78,134,33,97,59,27,77,32,113,130,
0,56,42,118,138,84,31,27,15,132,8,65,147,63,9,1,148,21,54,134,20,71,18,92,60,23,62,67,136,95,149,88,94,130,68,86,145,76,85,98,100,137,36,17,127,131,51,109,140,53,121,117,133,124,89,102,40,114,116,101,87,129,107,113,141,73,110,5,3,103,11,78,24,26,32,80,128,44,35,120,99,38,61,41,142,82,104,75,93,125,19,50,105,59,57,48,7,49,64,150,47,135,112,111,29,33,25,14,119,30,28,115,66,34,72,22,74,2,139,10,13,12,79,39,90,122,81,45,4,16,70,97,123,43,58,55,91,69,146,46,96,77,144,6,37,126,106,108,52,143,83,
0,119,140,34,102,30,75,136,42,32,111,125,72,146,9,139,70,18,105,100,82,87,71,122,56,38,67,107,40,132,130,5,93,62,65,21,44,74,135,116,57,52,23,51,36,150,142,88,55,134,43,50,10,25,97,98,79,48,15,60,7,63,6,73,47,133,11,24,4,81,131,20,29,123,91,99,41,13,26,120,85,2,141,86,126,127,28,145,27,3,35,17,143,54,49,92,138,147,104,114,77,124,37,109,22,121,112,16,89,108,31,39,110,144,14,117,64,94,12,106,45,33,115,19,80,8,59,137,96,148,1,128,53,101,84,118,78,95,68,69,46,103,61,113,76,58,90,83,129,149,66,
0,53,135,122,143,12,108,101,34,144,114,56,94,13,136,100,20,39,81,65,47,107,132,112,2,51,96,26,48,4,8,99,28,18,7,82,40,148,27,21,109,105,83,6,130,52,142,69,64,140,43,115,11,89,77,57,138,84,129,31,76,131,36,73,118,86,92,3,125,45,58,66,38,54,80,93,46,1,62,24,19,75,44,141,98,90,97,9,72,23,149,95,60,49,50,116,145,102,113,14,30,119,5,117,128,139,91,59,79,146,111,127,123,147,106,71,85,25,15,35,134,120,78,32,33,124,68,137,104,22,29,121,42,126,133,87,41,150,61,16,103,110,74,37,88,55,67,10,70,63,17,
0,144,129,20,114,76,48,46,125,17,107,15,71,140,147,141,131,122,138,139,106,96,128,91,83,42,47,87,4,24,53,109,34,43,84,88,62,37,77,94,49,60,78,145,133,66,74,3,98,19,11,35,2,120,54,65,86,112,136,1,63,12,52,82,93,104,102,38,59,105,99,117,126,32,30,6,5,142,90,28,85,14,150,64,143,81,16,69,121,134,50,44,72,55,41,68,10,67,40,101,132,22,137,119,124,108,130,31,123,148,39,100,56,51,57,36,135,97,79,58,103,27,80,115,89,118,95,111,92,73,21,70,149,146,7,8,113,26,45,116,25,75,127,9,33,13,23,61,18,110,29,
0,140,65,95,77,44,124,4,69,32,81,59,38,30,3,74,89,56,120,68,67,51,146,31,53,80,5,100,54,135,82,27,123,41,25,132,142,52,46,37,117,145,104,94,119,111,72,149,128,137,22,1,36,24,114,110,26,17,98,11,131,16,144,29,129,125,42,141,78,43,8,90,88,49,84,113,102,63,34,115,45,73,86,58,47,97,15,91,18,70,75,12,118,64,87,127,83,6,7,48,133,19,57,108,147,96,101,21,85,138,33,55,106,136,14,66,9,60,148,71,107,13,79,126,103,35,116,139,130,2,150,40,50,62,23,39,121,134,76,143,28,109,61,93,105,112,92,20,122,10,99,
0,138,130,132,77,47,1,100,63,50,110,46,101,49,146,118,147,3,69,30,72,81,59,35,131,18,6,27,55,86,25,123,37,22,56,122,32,74,62,71,116,128,114,60,52,134,15,121,150,144,39,141,92,7,66,9,140,133,143,26,34,28,61,97,58,127,129,24,85,20,96,90,117,149,16,119,23,53,12,135,13,11,82,112,98,70,83,79,42,87,68,65,126,109,95,125,102,89,21,73,103,107,88,84,99,124,36,93,19,137,105,57,29,75,54,113,33,44,17,41,111,148,10,14,115,104,145,31,45,64,139,43,108,4,94,8,80,48,136,91,5,38,142,78,40,2,51,67,76,120,106,
0,87,114,65,109,2,125,15,18,145,132,23,123,102,100,90,12,106,49,70,46,110,116,69,27,135,144,149,6,19,76,48,59,119,33,32,21,60,58,150,72,120,20,62,126,92,115,45,86,136,117,140,95,83,142,8,130,133,94,35,131,57,31,38,28,71,4,3,147,40,50,73,128,67,54,61,99,107,113,93,39,84,74,134,121,143,5,29,77,141,108,53,124,11,16,30,78,101,24,98,103,139,129,1,36,82,75,105,37,17,64,34,7,26,118,51,44,81,85,52,127,22,111,137,79,43,14,68,112,138,42,56,47,13,63,122,91,80,146,55,66,41,25,104,88,148,89,10,97,9,96,
0,19,12,69,119,92,39,22,75,138,72,55,5,76,18,27,32,95,34,1,120,101,29,23,42,117,107,141,68,129,140,28,61,84,125,99,79,114,94,16,133,148,150,24,93,11,118,30,2,115,54,131,123,40,70,6,57,74,17,66,35,103,7,60,65,20,104,149,10,144,130,126,97,51,26,8,116,122,146,128,71,36,50,91,67,137,4,41,112,136,3,15,13,132,53,82,78,127,14,85,56,142,63,139,49,105,37,113,46,44,88,52,109,106,48,134,77,38,80,98,33,87,121,89,110,86,143,83,73,90,124,145,59,43,21,62,135,96,25,108,64,102,147,100,45,9,31,111,81,58,47,
0,30,53,35,75,73,118,101,121,149,103,33,22,140,1,29,28,93,77,147,124,96,85,21,131,54,106,108,56,68,111,48,63,7,16,10,83,126,17,57,90,76,59,51,39,104,109,18,144,14,120,71,8,133,45,62,125,139,27,46,31,5,3,89,91,141,98,4,114,86,116,130,150,127,112,87,92,117,19,138,135,15,97,79,78,66,105,80,132,2,107,88,42,145,47,26,40,36,148,69,70,32,115,55,65,52,110,113,100,99,64,20,82,84,122,146,13,94,72,134,143,102,119,25,129,137,49,81,11,34,128,136,9,24,44,37,60,43,74,67,61,41,12,38,50,58,95,142,23,123,6,
0,5,129,111,15,91,114,69,56,65,139,93,122,97,42,47,147,35,101,102,48,148,10,38,98,55,44,108,64,3,88,85,144,95,46,6,150,34,118,92,22,74,37,67,105,124,75,43,146,128,29,141,58,121,14,20,135,126,79,137,32,133,110,66,136,99,76,54,73,112,134,145,45,24,12,83,86,49,26,142,21,77,9,68,100,140,61,17,132,39,50,7,25,78,123,96,143,130,72,33,63,2,19,18,11,82,127,31,13,119,103,71,131,94,70,53,23,36,8,113,80,60,41,1,104,109,117,62,59,30,120,107,52,81,4,116,40,51,28,138,87,57,84,115,89,106,149,125,16,27,90,
0,75,140,56,68,118,50,98,60,27,80,74,147,1,144,77,24,126,143,91,122,119,132,125,102,103,123,106,44,92,145,8,146,5,21,15,38,87,42,94,3,121,120,16,88,134,54,4,61,136,115,43,64,67,28,114,39,133,58,29,117,12,129,135,18,20,131,37,108,45,93,32,105,142,127,63,47,95,113,36,97,26,110,104,11,41,62,82,150,6,2,13,139,17,141,137,34,85,7,23,69,46,109,89,49,70,96,148,111,76,66,138,84,65,14,101,30,116,9,149,33,73,71,59,55,128,51,83,112,107,40,22,79,78,124,35,48,90,86,53,52,19,72,81,99,100,10,57,130,31,25,
0,110,46,44,128,62,98,32,35,19,29,21,56,51,125,105,145,115,39,140,72,127,123,87,130,69,70,85,93,25,82,137,90,16,109,11,65,118,59,52,102,18,114,49,112,34,136,143,134,2,146,103,86,117,92,131,31,71,33,94,40,116,113,6,83,101,88,68,124,8,3,58,99,74,84,9,1,5,133,96,141,22,23,76,91,75,106,57,47,149,148,135,12,63,132,60,142,80,48,107,42,14,13,20,77,50,67,30,37,104,126,10,28,38,81,79,120,139,17,89,61,15,78,24,138,53,111,108,55,45,27,95,41,121,144,100,122,119,64,36,129,43,66,7,4,26,73,147,54,97,150,
0,109,134,72,103,121,61,146,34,143,137,1,75,17,28,126,127,65,140,133,74,54,139,73,30,130,49,7,46,12,33,119,44,57,115,5,63,69,4,45,6,56,85,60,150,10,37,98,77,35,21,55,82,112,128,31,131,105,62,144,53,13,47,43,83,81,138,22,67,108,97,120,149,14,92,107,106,101,59,91,71,95,8,94,124,99,145,90,52,148,79,26,93,110,96,113,32,19,42,125,100,50,20,142,80,132,136,117,78,64,118,86,87,141,102,36,40,89,147,48,25,123,84,38,16,116,24,11,2,114,51,18,29,27,58,39,88,135,122,3,129,68,104,41,15,70,76,111,23,9,66,
0,72,91,110,85,80,70,38,128,61,14,142,135,59,150,32,78,43,149,63,49,118,33,136,22,20,71,100,28,19,73,127,106,74,30,131,1,143,17,26,144,114,44,9,55,27,103,16,83,121,42,35,47,67,5,139,24,120,93,7,96,147,56,50,107,97,129,146,109,137,111,125,92,8,84,52,79,25,41,10,104,57,6,68,86,66,76,134,124,46,21,126,116,140,51,119,102,37,60,69,87,40,77,65,122,89,113,115,145,11,98,23,108,62,81,12,130,132,112,138,3,141,105,18,82,148,94,117,48,75,101,4,2,95,36,133,45,99,123,58,29,90,13,31,53,54,34,88,15,39,64,
0,66,41,124,106,61,107,148,111,56,76,87,55,82,6,149,98,12,108,133,122,113,60,139,70,86,112,119,49,43,14,5,136,42,20,123,72,71,135,23,59,57,10,103,90,28,80,4,51,141,138,29,127,73,130,81,79,116,97,45,126,132,114,19,128,99,64,38,62,67,65,129,75,143,34,94,102,95,63,144,37,13,96,11,115,84,146,74,16,92,35,147,25,9,131,24,3,69,33,89,77,150,36,2,8,53,93,7,101,125,104,120,54,30,44,40,1,18,15,21,46,26,142,39,140,17,117,50,91,83,88,121,52,27,145,68,85,58,31,48,32,22,78,134,110,100,47,105,118,137,109,
0,79,54,5,123,38,14,15,100,98,42,120,45,114,49,143,139,33,71,39,32,121,122,128,117,52,137,141,16,51,47,112,56,104,8,147,67,81,30,124,149,3,140,9,75,146,31,36,91,55,6,53,35,29,80,84,105,12,85,88,127,148,57,108,93,2,26,18,102,20,116,40,125,95,50,103,37,72,27,135,111,119,150,107,131,145,74,44,92,25,144,110,83,63,82,97,118,134,69,7,59,86,142,19,115,94,99,1,130,64,138,28,41,96,22,113,132,90,34,21,106,129,73,68,43,66,58,62,87,76,65,10,78,17,61,23,4,89,136,133,60,24,70,109,77,13,101,46,11,48,126,
0,129,12,33,44,110,45,38,91,100,124,22,90,114,135,4,11,89,1,36,65,29,94,63,34,148,17,58,81,107,142,16,66,86,73,32,27,54,55,113,99,103,37,115,123,146,105,109,85,120,136,118,141,79,134,43,19,72,60,106,8,145,138,51,13,127,9,48,149,67,5,30,95,140,84,128,83,56,69,122,74,71,35,47,144,10,133,97,96,15,70,137,21,24,121,64,125,117,92,26,87,46,104,112,88,2,111,57,108,82,143,52,41,39,20,49,42,50,131,40,59,93,7,147,116,76,61,68,3,78,23,53,126,6,132,80,18,25,130,77,75,31,119,150,62,28,98,102,14,101,139,
0,8,49,9,90,106,13,113,30,53,131,123,32,112,20,39,118,124,33,96,52,24,17,126,36,1,82,97,120,10,128,149,41,93,135,12,100,14,121,130,2,139,47,109,16,86,145,44,144,108,63,62,68,37,148,61,115,146,5,78,136,119,85,99,31,71,83,67,141,43,132,19,4,76,137,11,51,64,84,127,34,114,27,80,91,104,25,42,105,23,87,117,54,94,98,101,73,140,74,89,142,95,3,77,103,138,143,66,133,29,134,46,65,56,45,35,40,28,122,55,110,111,69,88,48,129,107,72,60,150,92,22,75,26,21,79,70,15,6,147,116,38,59,81,102,7,125,57,58,50,18,
0,51,55,30,84,125,147,73,15,17,63,2,58,138,19,104,47,72,38,45,40,69,97,144,127,119,130,76,20,128,66,9,112,4,135,149,67,124,6,132,36,49,101,21,90,100,102,22,133,139,62,86,120,122,56,68,89,137,64,27,61,50,93,87,83,95,29,31,148,121,126,110,129,24,98,16,99,32,94,96,81,150,118,114,80,106,35,85,140,92,111,14,77,28,131,7,3,41,82,54,105,42,123,74,53,43,79,57,113,141,136,46,12,103,143,142,146,60,26,5,75,34,65,70,145,48,108,23,115,117,44,134,1,88,52,11,116,39,107,71,78,13,33,8,59,37,10,25,18,91,109,
0,75,112,33,119,81,40,97,145,83,25,69,20,94,50,63,56,96,53,80,44,117,91,122,130,111,19,18,150,55,103,35,109,21,90,79,89,74,124,7,59,132,85,123,126,148,39,121,28,10,61,87,12,72,71,2,48,23,107,86,141,4,3,42,68,76,43,92,134,99,45,135,58,88,36,139,46,108,66,32,93,1,140,98,125,113,115,136,9,95,15,60,8,101,82,143,127,26,77,22,51,147,14,54,104,146,17,47,64,67,41,24,116,128,52,70,84,5,31,27,142,149,105,30,38,131,137,114,6,57,13,110,138,102,106,118,78,34,144,11,65,29,120,49,133,73,129,37,100,62,16,
0,109,139,8,69,17,135,115,72,122,46,125,45,85,95,4,111,145,32,142,113,78,63,19,23,130,143,12,16,71,149,40,99,116,37,35,79,81,43,76,47,61,73,93,133,118,50,119,141,127,83,27,114,123,137,97,54,64,56,150,33,21,67,20,28,30,25,60,86,126,52,100,48,146,101,82,75,94,62,18,92,128,74,15,9,66,77,42,3,87,104,120,134,144,5,2,26,132,24,7,84,11,98,147,53,108,106,91,41,136,44,105,102,70,138,38,57,124,88,10,90,148,59,58,6,13,68,96,117,36,31,121,103,22,112,129,39,51,55,34,14,110,1,65,131,29,80,49,107,89,140,
0,25,73,4,99,41,96,37,76,111,147,65,28,30,8,55,109,48,124,92,26,5,108,39,42,69,15,86,107,100,19,22,61,112,50,44,138,142,125,23,87,149,52,43,12,115,51,57,117,134,54,20,59,9,126,81,91,89,146,36,80,11,97,135,53,64,150,113,46,123,31,77,120,63,21,14,29,114,33,72,40,27,90,130,2,144,139,6,34,3,18,83,24,143,94,79,16,67,10,137,104,95,148,56,1,78,93,85,116,145,133,49,106,47,38,136,129,32,103,119,127,35,121,66,82,62,88,70,74,102,101,60,118,17,131,58,122,105,132,7,68,84,45,140,98,13,71,141,128,110,75,
0,97,124,122,142,112,101,143,43,119,3,14,91,132,42,55,79,100,69,81,46,76,88,24,44,54,35,8,80,123,74,99,125,106,148,2,96,31,133,82,108,87,33,115,127,53,64,56,98,85,103,107,121,22,110,67,11,109,135,50,47,94,13,51,93,57,5,136,84,15,18,21,128,66,1,77,73,86,130,38,62,26,40,49,131,48,144,59,89,37,45,75,70,113,61,118,27,92,138,30,39,20,25,126,12,150,116,68,90,7,105,72,9,140,111,83,145,4,60,29,120,58,63,28,10,52,149,34,137,36,114,41,139,141,17,146,32,23,104,134,129,102,117,78,6,71,65,95,147,16,19,
0,89,87,22,98,41,8,42,64,13,19,142,68,109,55,71,63,86,56,6,51,10,78,125,45,113,32,52,24,36,103,124,31,133,135,28,59,130,50,120,62,72,47,144,26,146,83,150,11,25,34,80,79,111,5,129,48,106,3,7,148,20,65,99,67,93,90,44,88,2,76,35,121,39,30,101,100,145,136,147,131,57,43,81,40,12,27,18,23,126,115,1,118,15,110,132,69,38,102,112,104,119,66,116,84,82,107,134,137,97,96,53,49,122,108,74,149,105,17,139,92,21,123,73,141,75,58,77,127,46,16,37,70,143,85,9,138,54,29,94,128,140,114,60,95,61,33,4,117,14,91,
0,1,47,61,14,50,34,19,25,150,142,21,88,113,140,94,63,119,132,111,145,79,44,10,72,51,58,76,146,85,13,37,28,5,123,148,32,134,57,4,130,115,99,23,62,24,103,121,12,122,106,68,52,80,36,3,101,110,43,56,90,131,6,120,84,78,60,54,128,11,69,149,143,137,16,40,92,102,126,117,147,26,29,67,86,2,27,66,96,138,8,48,18,112,64,70,55,73,42,65,17,82,59,118,133,109,104,75,9,74,41,129,105,100,91,139,135,38,108,35,81,141,45,39,124,97,98,77,22,144,53,116,7,95,83,107,15,20,31,89,46,127,114,71,93,30,136,49,87,33,125,
0,7,87,146,10,85,133,40,116,77,21,45,145,73,94,60,44,72,141,99,76,70,2,63,122,138,66,35,19,127,126,84,75,120,62,117,149,12,57,121,8,27,43,147,38,20,105,14,148,98,115,110,128,30,144,67,33,125,15,71,131,100,42,123,82,95,26,130,137,97,25,136,53,3,52,1,13,89,92,22,104,23,118,142,93,107,24,114,28,83,29,119,79,48,46,102,90,86,129,47,135,9,81,49,113,50,80,103,41,111,78,124,39,56,37,59,4,143,74,18,54,17,140,32,96,109,58,55,91,101,5,6,36,134,108,34,51,112,132,31,64,106,150,69,88,139,65,61,16,11,68,
0,84,80,131,97,57,73,69,110,112,65,39,108,127,35,95,143,45,124,119,100,29,91,98,66,76,14,63,64,88,13,23,145,17,79,138,30,12,11,5,82,78,121,20,33,21,53,115,111,129,128,105,120,90,54,94,106,44,22,36,62,147,56,135,92,67,38,86,148,7,32,71,4,133,139,102,47,34,132,142,24,48,130,150,114,113,43,149,16,51,123,72,46,83,70,61,18,58,118,49,141,126,87,25,99,140,40,74,89,50,1,9,10,41,37,6,26,85,137,31,81,101,107,125,42,104,117,28,3,2,77,15,55,19,134,59,122,116,144,8,27,68,75,103,96,136,109,146,52,60,93,
0,48,23,30,95,34,61,15,66,70,26,49,96,97,108,22,131,135,64,111,37,57,118,116,51,102,31,110,28,2,82,79,144,89,44,39,59,19,76,52,73,85,54,119,93,92,6,53,120,132,4,100,147,35,112,69,80,98,21,8,86,18,109,33,56,150,9,74,99,141,29,1,55,84,17,42,138,47,24,12,11,127,88,27,10,142,123,94,104,114,137,145,60,103,41,146,133,58,40,50,140,91,68,122,125,101,115,124,134,113,143,5,139,16,71,43,107,38,148,46,136,130,83,128,62,72,65,87,121,117,81,126,75,129,14,77,32,67,106,3,25,20,149,36,90,45,105,7,13,63,78,
0,125,67,138,132,139,94,25,50,114,140,105,76,126,7,93,100,121,65,134,83,61,78,144,51,64,55,115,118,20,79,21,137,117,60,113,2,62,47,89,15,91,43,49,110,84,13,23,109,150,127,85,59,38,39,9,82,112,141,107,29,34,146,108,97,44,71,72,4,22,116,10,129,54,122,58,128,30,111,136,32,98,99,18,42,27,87,88,8,124,145,19,73,5,68,11,36,86,63,75,45,40,26,24,90,120,56,96,31,80,102,28,131,53,135,17,103,119,104,123,70,143,41,81,14,92,74,147,12,46,33,148,69,142,6,133,66,35,3,48,37,77,101,1,130,16,57,52,106,149,95,
0,128,118,122,135,18,137,123,75,65,139,121,36,42,78,150,111,143,114,3,81,140,107,120,66,133,33,19,46,34,125,91,94,85,7,62,41,136,58,71,39,5,101,148,134,11,138,40,90,63,24,59,6,80,50,79,119,112,43,109,73,76,69,102,87,31,47,124,56,92,105,142,32,1,99,108,100,106,26,61,132,51,82,16,13,86,37,93,77,55,45,25,84,141,70,98,96,21,83,28,48,104,117,74,95,110,129,88,72,2,126,9,67,38,8,54,52,49,23,149,115,130,113,12,53,22,146,14,17,89,30,64,15,68,131,116,147,10,97,60,44,4,103,29,35,145,20,27,57,127,144,
0,48,149,130,121,129,93,3,27,19,69,122,31,139,111,120,114,101,47,90,140,37,67,5,150,29,66,127,112,89,108,86,49,6,17,110,38,144,11,50,102,60,43,28,118,109,55,82,59,15,7,91,10,42,98,124,71,145,80,107,88,134,142,52,32,23,51,117,126,100,97,13,78,148,135,44,81,54,128,1,63,136,74,87,96,30,85,18,2,56,35,141,68,64,40,115,92,125,65,4,16,58,138,105,9,131,77,75,94,95,25,83,20,22,76,39,26,8,62,84,103,14,34,61,73,46,57,106,132,24,137,72,33,104,53,133,70,45,146,113,123,12,41,79,119,36,143,21,147,116,99,
0,72,44,111,45,74,43,95,7,100,64,106,136,90,89,38,108,79,84,101,91,25,92,141,67,129,40,99,16,75,122,110,68,24,124,146,32,85,140,54,117,63,60,36,107,12,119,138,143,29,118,30,97,77,8,109,78,33,69,47,6,48,149,80,148,58,28,56,76,73,139,55,120,35,34,81,13,50,115,41,125,145,86,102,147,4,53,2,11,121,134,62,94,5,135,17,114,1,42,59,87,61,37,18,103,65,83,46,49,27,57,127,3,70,14,137,88,82,66,112,31,142,144,20,15,19,71,105,131,98,123,52,51,39,26,21,93,23,130,126,104,150,133,128,132,10,96,116,9,22,113,
0,98,49,79,21,64,143,92,78,125,40,135,137,107,34,44,94,32,65,2,18,136,76,122,63,6,43,141,130,54,16,19,129,97,104,1,38,73,42,45,4,146,86,127,68,83,121,55,84,26,96,66,132,80,139,102,118,37,28,13,17,123,53,72,10,47,147,119,87,52,81,113,111,15,59,93,115,88,90,12,39,8,105,23,56,22,126,25,20,24,14,7,91,48,133,120,46,134,77,128,61,62,142,101,116,36,9,148,27,5,131,41,11,124,30,149,144,103,106,51,74,35,112,29,110,117,70,138,95,57,3,99,75,82,31,114,89,109,150,60,71,33,69,100,58,85,140,67,145,108,50,
0,148,126,5,68,119,101,130,150,35,110,56,106,124,4,109,137,26,121,71,22,90,107,44,123,122,95,21,117,43,118,91,149,88,83,142,6,105,75,49,136,144,54,145,132,31,28,93,115,42,114,141,39,73,64,62,46,63,41,57,131,20,135,100,14,30,29,18,97,99,94,55,12,19,128,87,3,58,96,70,8,86,50,77,84,140,2,134,127,112,27,52,79,7,125,60,102,61,67,25,104,85,72,80,74,11,129,36,108,34,37,78,139,53,47,116,1,81,9,10,82,143,38,138,111,133,13,66,98,45,17,59,103,120,23,40,15,65,89,92,33,51,48,113,76,147,146,24,32,69,16,
0,40,143,136,111,22,76,60,46,135,11,18,73,128,9,81,79,7,132,47,83,35,133,114,68,70,67,66,134,85,51,103,30,109,89,59,120,50,123,137,130,87,113,106,115,52,147,21,58,139,1,145,3,95,100,39,149,53,127,34,43,96,38,28,36,104,125,44,37,10,49,14,150,6,126,118,63,105,112,57,4,93,61,27,98,80,17,92,72,124,74,97,117,54,24,26,116,56,108,8,45,42,91,65,12,129,23,71,86,62,75,84,88,102,142,78,101,13,32,25,33,107,90,2,69,121,15,48,110,119,138,148,141,82,144,140,20,146,5,41,99,77,31,29,94,16,64,122,19,55,131,
0,26,121,103,46,139,95,25,7,137,45,21,84,37,124,129,104,68,79,100,4,17,107,91,136,16,61,65,8,119,72,9,56,71,144,39,62,148,89,78,6,33,52,130,43,12,125,24,54,99,57,32,42,31,81,10,85,123,75,98,96,126,122,116,74,109,13,115,70,146,2,80,94,102,51,55,87,47,108,134,49,142,140,64,110,111,20,76,38,118,22,67,15,23,128,59,105,90,120,11,66,117,29,28,48,69,143,40,147,131,106,86,112,19,44,83,92,145,113,149,27,101,73,1,36,35,5,114,135,14,150,18,133,127,132,3,30,34,41,53,88,138,93,60,50,97,141,58,77,82,63,
0,117,66,111,82,132,142,135,50,85,46,107,36,20,99,13,128,69,123,143,22,122,68,12,121,38,150,115,55,74,58,148,14,94,26,149,95,52,113,133,72,83,100,96,139,130,2,75,23,7,126,108,119,147,28,77,140,57,19,137,118,60,144,17,91,112,114,62,89,102,11,15,76,42,63,9,18,124,32,33,6,104,103,5,92,73,53,41,70,145,109,34,129,59,120,56,134,45,8,78,40,31,49,35,71,138,131,146,30,98,101,81,29,116,141,87,127,4,67,90,110,125,64,39,10,97,47,27,21,54,44,48,61,80,86,24,1,79,88,25,93,136,65,43,84,3,51,106,16,105,37,
0,13,70,76,41,119,139,113,103,44,54,86,108,29,61,35,138,66,46,80,65,92,78,102,17,14,9,97,126,140,73,25,98,24,125,132,95,34,85,72,11,111,10,7,52,37,149,135,23,38,91,62,79,81,130,3,50,127,27,94,43,68,16,19,129,31,20,32,39,150,47,123,12,1,133,63,55,112,53,143,90,84,148,101,131,141,57,145,2,83,82,136,93,58,5,45,30,28,33,99,146,64,117,49,69,115,21,96,106,144,128,18,40,147,67,4,6,22,110,105,74,77,100,122,109,60,88,118,121,104,114,36,8,116,42,48,71,75,142,124,120,59,107,87,56,89,51,137,134,15,26,
0,110,122,120,64,84,125,121,6,106,29,99,21,56,97,34,109,26,142,54,37,53,144,22,25,136,96,31,76,49,145,93,150,132,94,102,24,72,71,133,66,143,100,91,16,147,12,46,135,35,126,15,82,9,86,58,23,129,89,70,40,83,108,39,103,69,7,87,101,8,5,45,92,33,38,148,73,128,61,20,80,111,98,51,65,119,114,60,75,85,48,138,123,62,105,146,47,27,131,43,18,81,68,117,52,95,41,42,118,55,44,11,28,149,141,79,32,50,139,78,88,127,2,3,19,104,63,17,137,90,30,134,124,57,14,140,112,115,10,116,36,4,77,13,107,74,130,113,1,59,67,
0,141,95,130,122,82,137,37,3,6,74,85,78,108,13,125,38,56,102,106,126,144,42,103,79,62,30,59,132,33,43,22,105,119,5,104,48,19,138,77,27,113,31,89,50,36,9,135,24,61,68,60,26,140,23,64,93,70,10,136,112,90,14,55,142,72,57,147,121,97,41,107,115,134,124,71,21,84,34,81,35,116,146,18,4,109,117,111,127,12,110,91,15,76,49,133,129,2,120,32,94,80,8,17,20,86,75,40,47,101,143,54,96,99,16,150,149,87,123,145,118,67,46,39,63,29,73,139,44,52,131,53,65,58,148,1,66,25,11,98,83,69,92,100,128,88,45,28,114,51,7,
0,135,55,28,38,122,62,56,109,121,5,60,105,69,107,146,24,4,106,137,114,29,90,99,54,82,119,81,124,8,142,16,88,95,68,118,7,96,89,14,40,65,67,6,84,139,123,91,11,57,23,127,36,113,43,138,129,92,111,116,33,64,27,22,104,108,80,145,75,37,150,94,15,133,58,85,70,79,76,103,110,98,117,100,61,34,44,102,63,31,143,42,73,72,148,59,39,97,149,45,83,125,9,86,131,101,41,141,134,130,144,32,26,126,77,17,20,53,93,136,30,13,132,21,140,115,47,128,25,49,112,66,52,2,12,147,1,19,50,3,10,87,71,35,18,51,78,120,46,48,74,
0,58,21,76,52,119,4,84,1,99,53,139,13,123,7,85,106,94,72,42,136,14,28,108,118,57,78,105,26,61,16,93,126,120,60,70,29,95,68,122,43,34,51,27,92,109,24,137,97,110,134,63,79,64,148,67,81,69,18,55,114,140,130,66,143,116,88,49,65,100,146,87,50,56,47,12,133,80,17,5,25,117,15,40,132,107,10,62,31,30,38,131,141,128,121,113,23,127,36,124,101,82,86,115,74,45,111,89,142,22,145,9,90,135,73,144,2,150,98,147,6,59,96,44,46,32,149,138,104,125,48,91,129,39,77,20,103,112,8,75,35,19,33,41,71,83,11,3,37,54,102,
