0,116,21,122,161,131,5,35,139,141,39,26,20,111,140,164,68,104,52,102,14,84,41,36,55,17,124,54,10,118,89,94,16,162,88,92,2,113,63,106,34,86,81,8,91,96,120,72,57,127,152,23,144,156,85,153,158,74,159,112,76,45,38,22,4,51,125,77,19,142,143,145,6,64,12,135,147,87,79,138,105,167,27,166,108,75,146,67,9,101,33,165,126,149,25,169,11,31,66,43,93,160,107,44,129,134,83,61,50,69,130,128,157,154,48,53,70,71,49,65,114,97,18,82,59,121,98,40,30,46,155,60,123,110,133,29,137,15,37,56,1,73,7,136,58,109,100,78,62,80,132,99,42,170,151,24,3,103,47,148,115,90,168,150,119,32,117,13,95,28,163,
0,91,80,99,56,52,38,162,32,19,164,72,79,75,120,20,114,98,39,167,129,28,154,131,89,157,82,146,68,96,21,16,100,14,40,63,37,148,156,142,139,77,88,158,138,116,35,57,71,93,29,83,74,31,23,17,34,94,137,118,113,107,103,115,106,76,105,144,18,168,127,119,145,44,169,69,90,130,125,22,147,140,152,143,6,133,7,73,64,87,85,8,109,27,53,25,132,4,117,170,153,134,104,95,50,136,108,58,59,3,165,26,135,30,49,159,161,9,5,41,126,141,151,67,12,54,101,61,65,47,97,62,92,123,13,51,124,102,10,111,84,1,66,81,42,163,78,128,160,121,150,155,24,15,43,36,46,48,60,11,110,122,55,112,86,149,2,70,166,45,33,
0,55,132,125,129,30,151,92,68,150,78,120,66,70,76,147,12,31,90,116,121,131,72,114,159,1,6,155,34,102,144,109,88,27,108,19,162,107,105,100,122,117,170,160,118,7,42,25,54,29,48,119,169,89,127,53,74,4,44,93,62,124,57,82,5,123,21,158,130,17,112,137,20,143,41,13,8,139,168,77,111,33,49,81,35,153,167,96,163,56,36,60,40,134,50,149,136,133,11,141,73,104,154,37,45,99,43,61,65,14,46,24,10,84,2,59,26,113,94,106,91,128,64,126,71,9,86,79,142,38,22,87,3,69,165,152,58,156,157,80,95,18,161,52,164,15,28,67,63,85,32,51,75,23,145,110,146,166,135,140,97,98,148,83,115,39,47,101,103,16,138,
0,1,97,134,130,64,156,113,123,21,81,112,158,11,52,136,164,56,12,132,125,9,62,2,73,78,155,160,117,59,8,153,128,140,43,67,48,107,63,66,165,161,7,80,85,91,34,139,57,36,3,24,61,53,27,51,25,119,146,75,74,6,137,129,169,106,101,115,105,144,93,151,100,72,5,143,50,35,42,118,31,68,19,45,124,111,120,60,92,166,41,20,141,114,23,10,116,47,148,58,168,32,135,29,149,167,22,84,16,77,102,4,94,54,98,69,122,26,142,103,154,152,108,17,40,49,55,44,89,110,87,90,95,15,83,38,39,13,126,86,121,65,14,150,104,88,147,30,109,71,33,76,18,79,145,82,70,163,162,138,131,157,127,170,96,46,28,159,99,37,133,
0,71,139,61,84,3,117,121,107,145,170,156,92,50,9,68,63,89,106,159,41,12,94,149,19,53,87,59,90,138,110,101,95,96,8,81,65,104,148,112,46,88,70,25,11,142,39,100,26,93,45,143,120,123,141,35,1,29,163,99,16,72,85,135,128,116,77,91,134,24,165,122,38,27,97,67,76,66,140,103,144,21,52,150,73,155,158,55,102,49,15,69,33,22,31,43,131,62,108,54,86,57,164,127,20,105,161,80,118,137,7,30,162,147,111,40,10,5,2,44,28,152,51,168,64,47,169,36,126,113,82,74,17,83,34,23,109,132,125,6,78,115,136,119,48,124,154,146,60,42,114,58,151,98,32,56,129,13,18,79,157,160,130,133,166,14,153,37,4,75,167,
0,52,65,108,120,24,34,163,113,146,168,161,95,157,53,3,99,43,13,121,4,132,139,11,36,89,57,73,82,101,112,152,92,61,33,125,62,145,167,71,169,148,2,17,30,77,94,54,100,135,6,26,19,159,133,87,66,156,119,134,9,131,104,96,137,114,154,128,129,166,42,80,46,63,55,21,81,41,111,39,68,84,64,141,124,37,45,123,35,10,126,103,165,44,7,88,28,150,90,74,118,91,49,106,22,93,147,31,69,140,144,142,149,27,76,102,164,8,107,158,75,5,29,20,48,162,130,110,56,50,138,67,38,170,12,78,117,86,79,14,60,153,136,151,58,25,143,70,109,47,160,18,105,155,97,40,51,59,115,85,1,23,83,116,122,98,32,72,127,16,15,
0,19,135,120,169,67,106,152,38,11,12,166,108,96,165,141,94,146,102,30,60,167,27,121,147,142,15,72,77,35,69,40,93,105,66,76,126,83,61,7,145,29,45,33,109,44,103,97,148,143,128,21,10,85,55,136,8,1,132,22,138,100,88,54,84,98,24,151,89,51,87,32,62,170,16,46,155,110,116,95,153,25,101,20,2,163,78,14,157,127,9,68,131,81,118,28,92,48,5,74,73,42,104,56,23,41,65,63,49,58,117,140,26,113,91,107,149,156,158,18,64,6,130,129,90,4,79,47,168,137,86,80,43,123,122,150,154,160,34,31,3,71,75,115,139,133,59,125,99,161,37,124,17,114,164,39,112,111,144,162,36,13,119,53,57,70,134,52,82,159,50,
0,102,43,170,48,103,72,98,9,31,96,141,134,137,62,36,47,25,164,91,130,100,125,111,32,138,109,88,6,64,26,59,70,143,71,63,57,169,17,148,151,124,128,147,93,139,53,15,18,110,42,20,55,121,112,142,99,162,30,129,154,69,122,107,2,65,86,150,4,7,1,166,85,157,76,75,158,127,56,135,11,153,50,22,167,33,120,38,41,118,10,29,35,144,5,61,116,123,58,106,77,83,145,163,74,3,37,95,8,39,156,51,54,52,132,159,117,131,94,66,81,168,49,28,89,67,60,68,113,44,101,23,114,119,136,84,108,12,79,105,146,133,46,104,13,161,73,97,80,24,115,90,27,40,16,82,126,152,165,45,149,78,160,21,140,87,34,19,92,14,155,
0,15,45,163,70,26,6,109,23,48,61,141,53,95,165,34,57,10,4,113,64,102,8,18,69,168,38,133,24,30,82,14,170,71,89,148,39,63,92,154,83,87,74,101,125,84,137,119,121,79,49,143,150,28,127,142,36,7,21,80,31,122,19,93,47,120,105,118,40,9,78,52,140,37,149,108,86,158,123,167,94,166,116,159,42,60,114,104,129,3,73,117,99,110,11,32,126,44,67,147,75,115,155,139,77,29,112,1,106,130,68,156,5,65,111,66,151,164,132,41,50,85,72,27,134,128,25,98,153,162,58,138,12,35,169,146,90,55,161,20,81,135,43,131,91,54,97,51,107,145,88,136,2,59,157,33,152,22,124,76,62,100,17,16,56,144,103,160,96,46,13,
0,72,168,25,164,16,101,105,87,142,73,115,147,48,65,97,63,20,66,113,10,150,58,136,9,89,61,170,17,106,122,8,43,12,114,149,31,34,163,23,55,135,57,41,151,133,127,107,104,117,26,3,167,32,120,54,141,83,51,157,46,88,36,156,161,75,69,159,38,110,81,42,108,116,70,124,76,67,155,137,109,86,14,77,35,143,103,134,21,139,85,44,99,125,138,92,146,118,6,158,111,160,52,94,4,153,15,154,39,166,145,24,5,96,128,33,71,84,140,13,79,1,29,28,162,18,78,2,148,119,7,98,93,37,121,90,64,60,95,130,82,27,80,45,50,56,100,102,123,91,68,132,112,40,11,19,144,152,131,62,53,59,47,126,49,165,169,129,22,74,30,
0,28,168,86,42,148,66,16,35,114,68,124,158,170,41,120,91,126,145,13,97,156,132,37,47,77,163,164,24,121,83,10,159,140,62,137,4,71,102,43,7,134,157,22,54,85,104,113,76,101,57,50,29,153,144,32,11,36,117,106,111,55,147,109,74,75,105,58,48,162,52,64,138,136,155,69,131,49,20,78,135,99,89,123,6,92,161,73,81,90,125,26,2,33,38,84,61,44,108,51,139,103,70,9,15,107,110,154,127,128,141,31,167,67,80,53,56,21,5,63,129,165,72,17,115,88,60,1,118,143,30,93,98,133,146,79,166,82,19,119,25,59,116,34,96,3,122,45,27,14,65,152,150,23,39,40,112,169,87,130,149,100,8,46,12,94,160,95,18,142,151,
0,17,15,97,73,144,126,169,26,89,113,123,130,41,37,67,22,157,170,136,80,118,77,50,24,153,107,45,100,164,8,83,135,131,64,1,143,58,19,74,7,16,87,116,66,161,71,90,39,70,167,152,75,128,133,35,95,129,94,101,46,21,146,72,76,12,132,61,115,33,23,54,109,32,93,57,86,141,79,159,6,44,2,119,31,108,92,3,60,156,47,69,124,65,42,148,96,149,98,151,99,5,102,168,9,121,53,59,38,166,158,165,81,28,34,84,13,43,18,120,163,49,56,29,162,20,139,63,48,27,11,137,154,160,140,104,112,125,40,150,155,111,114,91,134,51,82,88,55,62,52,122,14,30,110,85,127,4,117,103,147,145,25,142,10,105,68,36,138,78,106,
0,11,73,101,112,135,44,130,86,146,88,1,77,109,78,39,150,154,84,70,81,46,159,155,148,49,53,50,169,127,113,15,32,136,132,22,97,117,147,79,56,74,126,144,30,133,3,19,47,57,90,29,152,48,5,168,122,166,151,95,9,106,164,103,76,123,65,31,111,161,105,125,12,43,67,71,83,170,66,40,140,23,80,38,64,92,42,61,85,114,7,28,110,107,163,157,128,149,124,63,18,2,72,162,52,26,98,37,60,141,24,99,27,36,62,10,134,4,153,118,96,116,119,115,54,68,35,91,45,129,87,121,25,41,69,59,100,34,55,8,139,94,158,51,17,143,21,145,108,138,33,156,142,75,82,165,93,104,16,20,102,160,6,14,137,167,89,120,13,131,58,
0,1,48,89,36,111,78,101,122,137,2,157,21,136,7,40,124,142,66,149,145,131,163,5,96,4,50,113,84,52,38,80,25,88,126,10,138,170,110,34,41,121,150,148,18,79,29,57,72,95,100,32,46,91,143,146,106,151,162,49,90,35,54,43,15,164,44,169,93,125,19,87,134,16,11,64,53,8,22,92,123,116,107,97,56,63,120,9,42,153,141,14,31,69,51,23,129,59,104,60,94,39,55,37,127,98,102,81,117,160,85,112,30,76,105,155,86,133,61,6,152,65,103,58,13,119,168,99,108,135,24,74,115,147,77,154,140,33,118,70,12,159,156,109,28,73,82,132,166,83,3,27,45,165,75,71,158,68,167,47,20,130,139,114,67,144,17,161,62,26,128,
0,111,169,148,94,56,8,91,24,146,122,50,43,55,16,7,71,18,75,20,63,10,42,157,156,70,14,109,159,139,137,170,81,52,161,28,57,121,117,22,135,23,45,105,101,163,165,83,89,97,93,33,102,12,30,95,151,73,27,107,142,140,34,38,21,62,104,5,69,166,103,133,129,98,168,66,1,40,136,49,130,90,100,17,124,106,112,72,164,120,46,87,153,162,4,138,134,15,51,35,149,31,167,44,48,126,150,144,13,79,47,3,9,85,113,118,78,92,41,155,141,84,58,110,26,80,77,147,6,88,74,145,76,25,37,132,60,68,99,116,143,32,158,53,64,96,127,67,59,114,61,36,39,2,86,108,115,65,125,119,160,152,123,11,128,82,29,131,19,154,54,
0,15,49,137,105,154,167,107,153,115,59,132,1,55,71,45,38,150,134,42,110,131,133,140,130,160,94,114,35,26,47,101,92,97,48,8,52,16,100,25,32,31,56,58,11,149,65,21,95,170,82,83,91,103,113,68,85,60,41,62,37,168,148,27,129,158,20,144,124,13,155,120,112,50,109,118,161,117,119,54,128,79,67,162,96,24,7,30,33,10,40,84,116,108,111,136,61,88,14,70,145,93,76,72,77,104,9,34,57,86,17,51,102,151,141,125,80,89,127,22,159,121,139,12,152,64,74,28,39,156,164,6,18,29,2,46,23,135,3,4,142,123,43,63,122,147,143,36,78,165,53,166,81,44,69,19,146,98,73,138,106,126,163,66,75,169,87,99,5,90,157,
0,133,52,36,55,149,163,101,65,63,22,24,42,48,115,8,32,131,125,124,70,126,82,69,150,61,45,170,113,25,54,30,28,72,135,105,107,108,53,1,102,34,66,90,33,91,18,86,31,159,120,137,58,12,123,78,95,167,67,7,60,112,14,71,140,76,17,6,20,16,136,152,23,109,146,43,160,110,50,80,46,87,9,51,26,148,47,162,116,81,104,144,29,103,138,15,73,114,5,100,97,165,56,44,68,11,130,132,85,21,94,88,13,98,4,121,169,166,127,129,10,141,118,128,119,3,147,38,158,117,89,19,27,96,142,59,92,79,168,77,145,62,154,74,161,157,40,164,106,143,75,64,111,41,2,37,83,153,151,39,139,134,49,99,35,57,155,84,93,156,122,
0,27,112,111,92,130,155,29,108,138,89,49,120,169,73,34,88,76,50,136,152,33,56,58,96,95,151,12,159,25,137,143,102,140,71,74,99,11,101,3,36,54,4,141,82,165,125,161,23,78,83,145,6,18,170,87,131,105,93,121,14,84,24,28,19,38,9,133,57,66,166,147,10,51,81,123,90,127,139,114,97,8,107,149,37,65,53,63,85,144,39,86,69,32,47,113,26,142,16,60,77,64,164,61,163,20,48,62,94,67,7,157,15,129,80,146,75,154,72,160,100,168,55,43,17,119,22,162,158,118,104,103,128,91,21,110,2,59,156,153,106,1,135,46,45,122,31,41,115,35,42,98,44,13,148,68,40,52,116,30,79,167,150,70,126,109,117,132,5,134,124,
0,152,11,157,163,68,124,167,112,75,85,159,27,49,77,28,116,10,130,67,137,32,120,161,108,31,39,118,21,26,15,73,146,109,64,117,142,162,103,106,80,86,79,14,141,93,123,1,166,98,19,145,16,38,50,37,54,74,135,3,87,52,100,18,143,131,111,65,128,61,25,150,154,82,13,95,43,151,57,42,121,125,158,47,153,71,88,107,127,97,149,168,140,78,20,35,119,58,59,84,155,62,92,44,9,30,34,164,2,132,91,156,134,36,169,22,4,46,7,33,136,114,94,144,122,17,69,90,76,60,48,72,56,160,51,115,24,40,6,45,8,96,66,129,138,53,105,165,5,101,70,81,148,102,23,55,63,133,113,110,139,126,89,83,29,12,147,104,99,170,41,
0,152,130,5,28,3,111,66,115,25,120,9,103,90,101,126,4,31,162,143,138,29,68,117,150,155,97,44,34,19,165,83,151,54,48,91,58,45,74,122,167,166,1,52,10,55,56,154,36,129,70,38,35,124,147,26,80,7,99,146,21,63,67,164,109,49,16,106,59,158,64,96,134,159,127,6,107,125,136,132,102,42,118,40,112,110,84,104,88,128,37,133,105,12,144,23,92,140,114,57,82,98,86,39,161,169,94,131,157,137,30,119,121,61,113,123,8,27,81,160,149,100,41,65,78,145,73,108,43,75,116,79,85,14,20,141,46,95,87,135,53,17,15,22,13,153,60,77,18,139,93,2,89,170,72,50,142,24,62,76,148,69,168,33,47,51,32,71,156,11,163,
0,12,62,134,38,160,54,82,142,23,14,131,33,43,49,115,25,125,126,16,64,34,70,10,157,138,39,89,52,143,144,107,116,122,154,66,121,158,22,4,68,57,48,136,8,21,30,151,149,139,15,69,108,20,168,124,53,5,7,85,6,167,96,150,81,47,60,63,75,58,19,13,71,87,27,102,35,153,90,40,146,114,51,99,148,163,61,94,170,2,110,95,59,145,100,9,29,55,106,119,169,56,140,123,50,28,32,130,103,109,156,31,36,67,105,132,165,155,101,117,161,141,41,11,92,112,45,76,166,72,137,111,128,74,80,24,65,73,152,84,3,147,118,17,26,37,18,42,93,98,135,104,83,133,1,78,88,127,91,46,159,129,164,77,97,86,44,79,113,162,120,
0,70,83,139,145,97,135,58,98,102,137,46,129,6,38,76,131,3,152,124,40,130,11,123,133,158,77,155,4,47,114,94,169,143,162,21,31,25,150,2,73,41,27,112,160,45,136,144,17,163,105,69,165,89,19,127,55,37,53,101,110,48,13,85,82,103,39,5,79,63,14,146,168,23,100,90,20,141,35,92,153,167,86,121,164,15,59,75,125,159,134,56,119,154,126,67,148,64,12,166,80,50,43,57,78,65,1,28,66,170,87,68,140,10,109,44,108,22,95,151,111,60,26,16,84,62,104,117,33,128,91,32,61,147,8,149,81,99,72,138,120,49,118,115,116,7,88,96,51,54,52,30,74,106,42,18,132,156,142,34,29,161,122,107,71,24,36,113,93,9,157,
0,19,164,166,162,28,124,45,66,68,3,51,78,113,93,139,14,135,12,163,132,112,142,4,65,69,89,149,61,42,153,9,97,23,8,122,49,36,26,143,25,144,116,110,111,102,136,133,85,62,157,160,147,75,117,17,148,91,125,155,154,33,108,72,138,76,6,53,13,121,146,82,58,27,101,140,104,71,81,84,2,79,20,169,43,60,64,114,115,10,35,165,70,44,151,16,170,126,38,128,74,50,37,105,73,46,29,7,94,30,18,123,106,150,59,119,118,129,168,92,134,137,63,83,41,109,100,39,52,90,48,56,130,11,127,31,98,158,57,96,40,54,1,55,103,32,95,156,21,80,87,141,159,88,34,161,131,120,107,77,167,86,22,5,152,145,47,15,99,67,24,
0,42,31,56,122,107,129,84,14,155,41,87,61,167,95,2,132,100,74,125,105,97,86,123,76,73,130,4,3,65,106,113,134,21,27,35,90,143,145,24,10,98,1,159,110,6,111,93,149,38,156,70,43,58,163,80,162,126,60,34,121,5,62,48,13,139,7,52,169,77,29,36,92,94,88,67,53,154,30,20,85,117,81,141,39,164,46,157,96,144,146,72,120,54,138,147,17,170,124,55,137,69,28,119,160,103,153,115,49,33,152,128,165,75,168,78,64,109,127,57,142,112,15,12,50,40,16,131,11,150,133,19,9,102,79,151,83,140,89,18,37,32,47,148,135,59,118,108,161,44,114,68,101,116,63,71,23,82,104,166,51,25,8,136,91,45,26,22,66,158,99,
0,96,82,133,83,74,86,19,144,66,35,148,64,67,131,78,20,118,22,99,11,88,102,105,97,60,56,142,3,13,107,137,121,89,85,84,152,17,29,71,153,27,54,128,92,79,140,51,162,50,32,168,28,7,49,166,48,23,141,98,65,101,125,4,143,95,44,1,134,135,75,12,154,73,30,115,139,160,18,136,46,55,170,169,80,111,39,165,76,38,126,63,167,5,77,33,36,81,68,72,158,26,21,124,112,43,57,47,45,41,31,10,110,132,138,108,109,122,16,116,146,58,100,156,163,40,42,69,130,161,149,155,127,106,94,25,61,59,117,52,151,114,8,9,70,123,87,119,34,6,120,37,147,93,53,2,157,90,164,129,15,91,14,113,62,145,104,24,150,103,159,
0,101,112,5,130,23,156,109,56,15,136,91,131,65,161,111,84,24,119,21,29,162,80,165,168,82,170,164,144,3,78,36,104,57,166,40,60,129,19,139,26,66,116,18,62,73,125,132,51,39,8,141,142,11,88,90,96,147,153,25,103,33,35,17,163,32,117,31,46,149,123,54,114,50,108,126,9,150,138,55,86,105,151,106,74,77,102,128,145,155,44,27,83,2,110,135,1,6,76,94,81,49,93,68,45,157,92,89,48,159,10,43,160,52,158,64,37,85,72,167,12,61,148,154,41,4,47,122,42,115,79,14,28,20,53,34,134,120,95,121,137,59,70,99,97,67,146,75,7,127,107,87,38,63,118,113,124,58,100,133,22,140,13,98,30,71,69,152,143,169,16,
0,50,75,69,85,58,129,12,158,167,135,57,39,148,134,43,71,152,7,146,121,27,44,17,128,98,91,84,165,31,5,120,108,163,80,32,86,56,54,15,159,110,79,150,95,89,126,103,138,34,102,40,11,67,74,78,122,169,142,157,76,13,105,137,154,28,116,160,9,88,42,155,18,59,153,83,3,125,49,151,19,64,72,141,41,161,77,10,30,107,47,60,101,117,22,164,140,2,4,130,1,106,99,92,97,127,119,20,147,23,96,35,170,123,87,136,156,61,48,26,45,118,51,16,168,62,6,112,166,63,65,38,162,100,8,114,70,144,133,143,124,73,68,25,81,14,82,21,104,93,29,131,37,66,52,109,36,149,115,53,24,46,145,113,94,55,139,90,33,111,132,
0,47,36,62,87,9,133,131,67,140,81,95,145,34,139,66,135,43,98,117,108,14,17,102,80,101,27,156,124,53,24,10,44,75,114,104,45,58,35,158,123,129,63,20,39,59,73,122,120,112,48,148,41,71,78,8,26,51,94,31,116,21,74,56,130,119,40,137,70,125,142,57,127,97,4,68,110,91,160,92,100,167,37,15,38,22,83,1,151,49,77,7,82,111,69,155,165,33,163,159,134,106,115,88,11,84,72,23,128,168,161,164,103,18,85,157,13,146,28,121,170,5,162,169,54,154,99,147,2,93,86,150,79,149,144,32,136,132,55,46,141,153,166,113,29,138,143,96,105,42,12,25,64,118,65,50,60,30,107,126,89,76,109,152,90,19,52,61,3,6,16,
0,58,12,43,78,101,4,15,73,39,77,131,94,118,42,151,53,166,50,102,21,72,137,120,87,100,74,41,107,113,122,8,99,40,48,13,140,82,162,169,108,127,80,132,22,97,34,60,29,128,103,138,160,9,88,168,3,56,92,79,70,16,156,32,62,161,61,68,27,155,5,114,81,10,153,112,150,31,165,129,47,20,154,146,98,30,59,64,145,84,109,121,143,159,91,17,133,117,130,136,65,141,126,90,1,86,38,35,63,76,89,49,18,45,83,11,134,170,158,104,57,75,142,95,28,144,69,164,33,19,23,111,96,106,14,135,157,105,163,44,6,52,46,115,139,51,123,125,24,85,93,37,71,147,167,7,26,2,124,55,54,36,152,148,110,149,67,66,116,119,25,
0,142,165,121,75,84,107,130,91,116,108,72,135,20,38,158,10,23,118,139,124,62,111,155,140,113,90,147,145,92,63,44,95,161,51,40,64,156,128,7,105,87,81,157,24,167,68,153,14,151,83,117,86,123,96,12,169,73,114,163,150,115,144,34,97,5,98,31,88,80,106,27,22,61,8,74,16,126,100,46,2,131,71,136,67,39,69,122,170,112,57,11,9,15,85,3,26,154,152,45,125,109,55,127,166,148,35,6,141,159,42,164,110,133,33,54,18,99,143,160,162,119,134,65,103,17,138,58,77,56,89,149,168,102,101,59,66,48,52,78,53,146,29,21,70,93,94,43,25,104,120,79,36,1,28,49,76,137,129,47,13,132,30,41,4,60,37,50,82,19,32,
0,67,149,3,121,30,84,57,139,28,25,170,40,27,35,12,156,155,70,79,122,61,22,92,73,97,78,112,150,108,31,59,166,54,110,7,140,124,18,119,87,47,21,118,114,19,51,71,55,32,144,98,23,120,69,50,116,76,164,104,143,44,159,82,93,142,117,29,34,130,58,77,105,126,63,103,38,129,109,99,162,96,163,20,106,53,141,52,161,65,94,10,167,45,26,168,80,146,11,46,91,42,95,157,41,85,83,100,132,17,165,75,36,169,89,148,16,151,123,115,135,160,66,127,62,60,90,33,8,14,72,131,152,138,154,13,68,37,5,113,134,88,1,153,147,9,111,81,2,48,101,43,107,137,102,49,6,39,74,86,128,64,125,15,145,136,133,56,24,4,158,
0,86,132,149,168,112,111,36,155,169,76,138,151,11,74,10,115,121,99,58,1,146,127,5,12,62,109,75,142,162,53,136,141,38,163,102,40,39,66,159,126,2,103,104,113,13,91,107,95,17,87,55,119,8,90,50,105,101,52,154,19,14,57,116,114,4,145,134,18,129,108,77,135,33,82,152,158,85,117,131,21,49,70,46,48,81,72,3,89,42,69,30,88,124,24,120,7,44,64,60,100,140,31,165,98,35,16,106,150,68,32,51,110,22,94,61,80,20,133,45,78,122,93,83,47,37,6,156,25,59,96,161,123,28,9,160,153,29,167,139,137,54,27,118,65,92,73,43,157,147,71,166,34,15,84,148,67,79,143,23,63,26,130,125,170,144,128,164,56,41,97,
0,3,26,60,96,10,111,25,45,167,52,70,170,2,97,149,139,27,126,69,114,151,50,159,28,135,39,18,168,147,85,35,123,54,83,56,157,71,116,36,33,15,99,103,153,162,136,46,53,140,62,92,77,40,76,156,155,73,138,144,134,14,142,87,124,102,13,47,152,29,108,89,145,65,169,101,84,57,120,93,9,129,11,12,8,38,24,165,107,81,23,59,95,109,121,86,100,19,72,119,22,1,106,125,41,42,128,94,131,150,61,49,110,5,141,122,6,30,82,55,4,74,104,132,67,21,7,113,66,20,51,166,98,137,17,146,44,160,127,63,68,130,79,64,161,80,164,163,58,117,16,32,154,91,37,143,31,90,105,115,118,43,34,112,148,158,75,88,78,133,48,
0,100,28,9,154,71,134,22,74,8,53,18,99,96,151,102,146,54,1,66,58,93,141,119,40,113,124,46,88,25,56,144,77,83,86,117,78,105,91,36,143,137,64,129,114,127,135,131,19,48,30,2,55,29,73,157,149,59,7,20,37,5,108,152,63,34,148,104,50,139,24,159,147,168,11,39,61,161,166,80,90,21,33,126,106,115,14,98,132,162,142,163,138,82,136,75,170,43,68,103,49,145,122,112,6,153,107,13,160,3,79,70,10,51,130,140,128,94,109,27,76,65,169,69,158,167,47,121,35,87,17,150,97,72,85,133,42,101,60,26,57,12,23,120,165,45,67,4,123,52,81,15,125,92,32,41,89,38,84,110,16,156,155,118,62,164,116,31,44,95,111,
0,47,63,117,136,153,94,1,126,80,7,85,44,120,123,107,88,140,138,166,114,150,135,128,163,25,104,8,167,69,170,68,160,127,5,13,12,33,29,58,113,82,149,165,91,154,139,79,67,38,96,42,95,4,121,157,55,142,124,132,43,168,159,62,66,36,118,75,77,145,61,56,162,151,146,84,59,28,18,129,119,54,52,147,14,89,164,19,110,156,86,101,158,22,100,50,72,102,6,144,134,46,125,17,40,141,90,112,152,73,81,32,11,108,16,27,105,143,103,99,71,53,30,106,48,122,57,24,10,31,64,131,78,83,76,70,133,161,74,23,115,93,116,49,35,15,51,45,130,26,2,41,37,92,65,60,111,39,148,97,3,87,169,98,109,155,20,34,9,137,21,
0,157,33,10,28,18,148,43,75,35,54,165,96,58,62,26,142,121,17,59,167,76,134,108,2,5,36,63,13,131,143,168,123,31,111,104,90,151,30,42,145,169,106,101,158,116,83,89,162,149,85,147,72,159,46,140,21,34,61,99,84,27,109,92,160,170,79,132,14,66,47,22,37,156,125,24,139,19,119,11,161,137,12,7,153,15,138,77,4,97,52,86,166,164,45,107,105,74,117,68,118,57,69,49,16,144,112,122,25,124,6,87,115,41,8,67,94,32,130,78,135,150,51,40,38,93,155,102,44,56,114,64,128,88,65,133,70,39,127,23,53,82,100,126,48,29,129,20,141,152,71,95,73,9,154,3,113,50,81,120,103,60,80,55,146,1,91,163,136,98,110,
0,168,102,33,36,18,103,43,55,100,101,131,25,65,148,80,110,124,19,166,145,118,162,34,89,54,24,45,8,149,136,51,52,60,157,86,153,71,31,37,106,27,111,82,75,123,140,99,15,76,29,167,135,7,147,74,73,30,85,161,120,17,6,5,88,22,78,117,130,105,128,12,127,47,69,81,49,3,72,160,90,132,20,1,44,155,143,170,84,150,96,169,125,39,56,41,58,144,62,134,57,126,68,112,154,138,156,83,108,95,159,119,104,16,70,107,26,66,142,113,164,115,35,50,114,94,109,64,97,152,122,163,129,48,139,98,32,87,137,63,53,46,38,14,59,158,146,151,93,40,116,92,11,141,2,4,67,165,21,10,28,13,42,79,23,9,91,121,133,61,77,
0,133,142,27,164,111,78,48,58,109,81,167,6,115,57,62,41,119,32,137,95,94,170,127,87,56,47,165,20,9,55,10,89,168,100,71,107,26,154,84,2,134,102,110,70,156,163,144,113,140,101,30,43,21,12,22,61,19,117,86,158,44,128,120,29,125,169,18,126,161,3,68,39,73,148,24,166,104,155,63,138,14,82,33,130,153,146,72,147,7,150,91,53,34,132,76,5,11,157,159,59,69,31,105,35,25,49,85,64,90,46,77,118,8,141,74,108,37,123,152,17,151,136,131,36,79,99,135,28,23,67,88,38,66,51,65,96,139,103,162,45,52,40,129,98,112,149,75,122,114,50,93,1,145,15,83,54,121,60,143,97,106,116,92,16,13,160,124,42,4,80,
0,26,37,59,170,64,33,85,120,88,65,133,157,35,27,136,67,18,113,122,6,47,68,129,138,44,76,147,146,75,71,25,100,145,5,87,8,160,1,114,77,150,55,125,31,66,38,82,20,108,104,16,152,156,40,110,166,23,163,109,90,86,56,123,142,48,135,153,62,22,72,61,164,32,159,53,158,130,54,39,15,106,24,97,30,3,69,144,10,118,134,7,121,58,57,107,45,169,119,132,141,50,78,167,70,98,28,149,81,91,111,103,165,41,161,13,117,101,80,94,140,148,74,115,155,9,49,12,52,51,137,168,11,4,128,29,42,83,127,124,36,102,60,46,126,34,84,17,92,151,21,19,73,139,89,143,112,162,95,105,93,2,116,96,131,154,79,63,14,99,43,
0,60,123,30,140,124,35,56,114,88,65,42,86,85,84,18,76,72,125,97,10,108,70,102,89,36,83,106,24,38,165,16,4,7,121,82,169,64,96,94,157,41,130,50,107,166,139,43,26,159,15,109,149,105,119,53,27,75,45,147,40,152,25,46,28,126,100,163,151,170,110,90,63,118,104,58,127,44,80,13,66,21,167,79,134,145,1,150,2,73,20,17,55,161,19,87,148,128,9,154,12,116,34,49,11,48,103,138,33,144,68,47,99,61,6,92,156,142,93,5,164,77,39,59,137,129,69,37,112,67,54,3,141,131,51,95,78,146,91,23,62,22,122,133,132,31,101,168,117,120,143,32,113,136,57,52,158,74,29,98,81,71,115,111,160,135,155,14,162,153,8,
0,95,136,161,122,62,17,96,6,13,121,53,134,168,144,20,75,76,143,105,149,140,162,72,79,80,129,119,98,2,145,8,73,169,37,148,34,123,115,67,158,4,106,66,165,43,60,97,24,102,94,5,10,11,90,108,56,166,128,46,116,33,18,164,137,77,147,82,36,63,153,170,126,32,31,117,100,51,141,49,155,112,22,74,151,101,113,35,45,154,44,26,130,42,125,92,19,21,127,157,120,14,57,111,89,146,109,163,103,29,64,114,38,47,69,15,150,30,124,81,1,131,39,12,61,167,156,68,41,28,7,3,99,104,85,58,142,71,59,87,91,84,40,86,70,23,152,65,159,93,27,16,55,118,48,133,135,52,110,88,83,54,50,107,160,78,132,139,9,25,138,
0,96,120,35,132,141,140,130,1,44,20,56,58,159,105,24,8,90,3,51,55,67,12,113,29,53,124,26,114,78,165,160,119,161,85,118,123,108,99,117,131,42,93,83,39,73,164,2,167,110,33,147,150,34,97,30,134,28,148,102,64,109,31,57,142,146,100,71,92,61,48,22,137,54,139,10,68,63,14,170,18,66,94,122,101,155,107,103,135,98,84,162,116,19,50,154,136,89,5,87,4,21,9,144,86,153,17,138,16,82,121,47,88,27,143,15,126,128,59,133,13,81,91,168,52,6,106,45,149,115,11,41,163,156,23,70,125,72,129,152,169,40,127,25,111,166,74,145,158,157,76,95,7,36,37,104,69,112,79,60,46,49,38,151,77,65,75,62,32,80,43,
0,84,73,79,162,14,66,32,168,130,17,86,57,150,149,55,137,78,135,8,131,62,46,108,47,136,106,119,167,112,121,129,111,13,69,28,93,81,156,147,134,124,115,118,141,90,3,166,161,51,152,116,70,101,132,120,146,59,63,23,40,148,58,107,6,5,151,88,56,94,15,1,72,157,19,91,139,27,123,109,34,145,96,114,61,133,29,18,38,44,163,67,42,164,140,36,170,95,49,99,74,80,98,43,100,54,39,20,7,122,33,31,138,2,105,77,76,113,155,153,48,75,12,110,125,25,126,159,41,97,85,154,4,128,11,87,142,83,144,24,16,35,30,52,9,68,117,37,169,103,71,92,89,64,26,143,65,60,158,102,50,22,10,53,165,21,104,82,45,160,127,
0,115,153,82,87,155,99,128,13,140,5,102,80,142,161,40,158,108,165,3,167,7,154,18,98,41,60,134,124,106,89,103,116,143,6,30,112,33,129,65,95,25,12,169,4,71,157,120,136,42,35,15,168,47,1,54,64,19,9,107,76,163,126,92,139,67,144,22,10,32,150,57,75,133,27,127,146,135,61,91,29,37,49,69,162,149,81,63,59,114,130,94,125,2,110,44,152,83,73,147,113,62,28,51,56,100,141,52,145,101,58,23,79,66,43,14,85,17,72,45,53,78,159,160,131,166,96,21,90,84,93,34,132,97,26,38,70,88,138,20,111,137,123,74,118,86,31,8,117,55,16,11,119,156,151,48,109,39,46,121,24,122,77,105,36,148,164,104,50,170,68,
0,22,83,159,153,68,25,36,39,53,92,48,55,62,166,157,10,101,79,56,44,167,42,60,130,116,33,7,125,160,139,113,23,66,154,45,52,65,76,40,27,156,35,102,103,50,20,152,143,24,163,96,2,1,6,16,59,74,93,4,94,77,88,12,26,158,138,99,122,135,51,165,9,49,84,89,119,131,117,71,61,112,70,46,29,111,19,151,170,37,127,3,31,164,109,90,142,118,18,11,100,155,63,95,120,5,8,129,150,28,15,146,115,114,110,30,82,13,105,141,107,72,169,148,134,162,73,54,21,78,86,85,80,81,124,161,97,104,123,34,147,168,106,133,132,121,41,136,43,57,64,47,14,140,58,128,38,144,67,98,145,75,137,17,108,91,149,69,32,87,126,
0,36,131,13,133,20,33,116,125,119,100,124,11,120,129,128,134,102,138,21,150,16,154,96,148,145,78,81,117,52,157,147,9,109,46,63,45,4,153,60,114,95,37,8,43,48,88,40,7,82,59,31,118,152,86,169,168,85,2,91,74,51,24,108,79,3,35,170,70,104,113,87,65,84,112,75,94,25,123,62,92,23,44,32,146,107,115,14,10,156,53,166,106,159,26,99,139,69,5,30,38,80,61,141,49,160,66,22,132,39,72,15,105,140,76,149,151,90,142,29,144,77,143,56,19,155,73,34,126,122,64,58,18,89,71,17,93,41,111,121,163,6,103,57,12,165,28,42,164,47,68,137,167,101,162,1,97,83,55,27,127,54,50,130,67,110,135,158,136,161,98,
0,88,3,118,23,131,17,70,94,81,76,25,39,87,97,83,86,63,162,105,15,30,33,101,161,124,1,8,71,13,119,130,11,10,133,163,122,134,22,41,141,116,12,89,73,62,35,95,108,107,57,21,48,128,37,31,68,150,121,79,27,60,168,117,104,34,78,50,64,148,82,36,165,99,153,166,129,44,92,32,158,24,112,52,59,65,18,2,16,147,84,140,56,85,125,40,120,103,91,38,154,61,164,126,159,111,54,77,46,169,29,90,4,143,136,146,114,123,100,49,170,157,66,55,98,142,53,96,67,145,20,74,113,152,144,7,115,167,132,138,43,72,47,75,6,137,9,149,5,51,139,42,106,156,93,26,28,155,160,69,14,151,102,109,19,135,110,58,127,45,80,
0,116,96,56,35,42,20,160,79,83,86,46,165,124,147,98,149,141,14,136,153,54,93,169,40,89,51,103,84,34,67,137,73,140,131,61,135,154,112,16,47,158,5,26,90,127,142,10,59,27,6,31,70,161,78,163,122,45,29,128,117,99,52,120,41,39,159,68,139,58,133,17,157,69,114,38,22,43,132,170,118,95,168,97,12,148,155,125,113,129,7,115,164,156,151,101,28,23,82,65,100,15,4,138,108,102,80,81,62,53,107,25,130,94,162,11,121,19,123,144,167,71,57,119,33,18,2,32,72,74,21,77,49,9,44,143,64,111,146,48,91,13,150,88,166,109,87,85,30,75,104,50,110,92,60,145,152,126,8,24,55,106,63,76,1,105,36,37,3,134,66,
0,119,73,163,127,42,141,168,47,49,107,132,169,126,6,152,98,39,85,16,77,170,165,104,51,15,21,153,58,124,167,71,19,112,120,89,101,34,95,1,72,56,84,166,59,11,159,29,135,76,102,70,161,139,142,23,4,9,164,53,10,156,78,90,97,25,74,3,129,136,31,17,148,82,62,114,118,40,140,14,35,100,30,45,103,75,143,162,33,116,32,145,52,2,154,122,105,131,106,151,27,86,61,134,158,99,160,60,138,155,5,46,20,64,48,109,113,50,137,147,108,146,149,8,117,157,111,96,55,83,80,44,130,28,88,67,93,22,121,68,18,41,91,38,24,81,57,7,79,13,37,65,43,63,123,92,94,87,144,54,36,12,115,69,26,66,150,133,110,125,128,
0,23,68,168,96,28,4,150,2,65,9,146,19,60,110,104,52,100,22,15,74,83,155,151,24,156,154,107,163,152,1,55,54,59,30,90,164,144,40,106,51,127,43,126,118,86,145,3,57,99,33,140,5,158,50,170,69,143,119,72,112,162,64,73,18,42,160,136,36,130,89,120,63,44,80,82,27,131,108,132,48,134,37,153,91,6,133,77,161,98,79,167,71,56,138,76,45,166,95,113,47,149,62,109,102,157,97,111,128,78,25,58,141,8,159,67,105,53,34,139,46,124,16,13,85,115,20,11,165,135,125,147,117,17,101,129,123,35,10,14,121,70,7,114,75,32,81,148,142,137,49,169,92,93,103,87,21,29,94,88,61,41,26,31,12,116,84,39,38,122,66,
0,143,164,61,144,102,155,38,84,56,36,7,30,35,26,24,107,40,85,141,152,46,81,136,96,134,48,37,91,11,153,70,55,79,10,82,99,33,97,151,9,133,109,106,142,62,139,130,124,51,121,93,68,78,17,169,86,110,27,1,66,65,57,73,54,71,13,112,92,69,140,126,135,15,159,75,77,45,166,131,64,6,22,111,87,163,113,158,58,72,16,146,156,123,89,95,147,122,145,3,8,115,162,116,2,20,167,29,161,90,128,12,14,120,67,41,76,42,100,5,149,32,59,98,168,60,127,34,18,25,52,118,105,160,21,28,150,138,47,80,108,165,63,88,74,125,170,43,148,157,101,154,31,23,39,19,94,103,44,132,49,137,114,119,129,50,53,104,117,83,4,
0,89,92,144,128,77,32,131,147,7,61,161,11,26,13,103,113,31,139,134,80,86,135,78,18,158,146,114,12,121,66,59,38,21,51,110,83,72,22,156,159,136,137,162,47,157,16,43,160,30,97,165,63,117,53,81,40,126,23,19,145,85,96,62,125,104,65,39,41,29,54,46,25,75,48,35,120,169,36,112,100,15,20,45,116,152,119,56,95,44,88,1,140,124,108,149,71,166,5,154,87,79,6,138,102,70,82,2,99,8,130,14,74,64,52,9,132,127,67,111,98,42,10,68,118,17,37,24,90,28,122,143,148,150,115,76,109,58,168,60,153,123,141,133,49,69,170,105,84,91,3,93,107,57,55,155,163,129,142,94,73,50,4,33,27,34,167,106,151,101,164,
0,48,47,29,59,13,141,150,102,95,155,14,106,99,160,108,105,10,25,138,120,65,117,5,21,94,134,70,118,98,149,135,167,139,45,73,64,52,44,109,89,169,111,93,100,116,56,11,145,60,87,74,12,42,154,142,58,147,80,31,146,132,112,15,161,101,22,88,4,131,1,110,91,62,55,127,143,23,137,85,28,119,75,168,144,165,50,86,39,3,92,61,54,41,115,107,97,43,162,32,133,7,96,38,18,121,81,9,126,77,148,24,17,151,57,46,114,113,8,16,159,128,158,68,104,164,72,122,84,140,19,51,69,153,76,6,36,152,129,103,123,163,130,49,2,82,66,53,37,40,71,27,156,67,83,34,90,125,136,26,78,166,20,30,33,170,35,157,63,79,124,
0,22,86,85,118,59,75,170,61,140,169,36,12,57,142,146,66,15,97,114,9,127,4,84,134,98,39,113,103,111,20,96,152,90,168,144,76,53,18,7,160,3,50,73,110,30,158,26,143,116,35,45,137,31,62,151,78,125,130,94,54,21,121,139,147,46,148,132,122,166,131,119,108,117,155,19,17,157,58,52,38,104,91,34,8,95,83,11,92,48,44,161,124,81,87,32,133,106,74,80,128,89,105,136,145,64,79,14,164,101,167,107,13,68,51,5,77,49,154,25,67,10,163,40,27,56,109,82,23,93,37,70,69,88,28,63,102,71,165,156,149,150,2,6,24,43,99,135,41,112,159,162,65,47,72,126,55,16,129,120,138,123,115,153,141,42,1,29,60,33,100,
0,158,42,130,50,155,78,116,92,122,79,75,134,110,33,170,168,62,17,107,150,90,82,31,76,151,19,153,109,139,2,52,68,137,63,154,91,147,164,96,126,160,18,65,144,11,112,35,136,46,145,56,162,127,123,37,54,77,7,32,23,58,83,55,113,45,66,86,143,148,5,124,74,16,157,103,115,111,26,146,57,121,169,8,128,119,44,159,4,101,99,70,84,53,1,152,47,21,13,24,29,131,60,106,94,15,10,138,64,129,3,120,81,102,28,69,89,105,140,156,85,87,133,40,118,73,71,72,161,98,125,49,20,9,36,132,12,25,34,100,22,165,6,141,51,104,135,142,88,166,97,117,41,39,93,27,108,163,95,43,38,80,59,61,30,167,114,14,67,149,48,
0,16,67,149,120,13,50,59,85,4,38,122,148,151,48,82,110,78,109,15,129,34,153,167,95,152,70,86,43,144,107,112,118,60,66,6,99,141,71,51,160,84,96,156,22,37,136,10,14,9,45,28,53,42,57,52,111,105,3,80,7,135,154,102,101,158,117,27,169,132,68,155,103,104,81,23,140,92,65,106,113,54,91,168,128,146,166,127,41,19,161,8,64,137,145,2,21,32,147,63,119,90,36,73,170,25,31,26,98,97,162,24,150,143,76,83,61,115,77,29,46,130,56,165,18,79,142,126,49,164,72,89,69,17,12,74,131,133,125,75,139,11,93,44,123,94,58,55,124,1,157,138,116,30,88,108,33,159,20,87,35,5,134,121,100,47,62,114,40,163,39,
0,18,135,44,17,89,11,146,136,52,77,65,139,91,151,42,100,72,137,82,9,121,85,156,5,88,160,154,86,138,134,123,144,152,7,102,51,98,20,50,3,41,29,133,49,157,63,94,60,169,145,132,113,22,163,8,1,53,10,130,140,59,68,112,122,14,6,162,107,99,110,84,149,125,57,35,73,26,23,40,58,69,46,75,37,127,164,62,2,78,120,129,48,12,92,56,90,161,38,33,147,70,55,93,101,64,28,31,159,67,119,24,19,141,126,97,34,83,114,61,103,106,142,15,43,45,118,32,143,16,81,105,167,47,111,95,150,131,166,128,158,96,36,165,170,27,79,87,54,66,124,71,109,153,80,76,25,74,155,4,13,30,39,117,148,104,116,168,115,21,108,
0,40,34,76,146,157,129,9,119,156,100,65,68,114,51,39,87,161,46,47,60,1,74,79,92,151,4,89,122,50,130,24,102,134,70,155,33,109,45,31,63,95,99,59,104,27,98,137,42,41,164,163,112,20,67,49,57,25,167,16,44,135,29,75,152,82,113,158,121,55,13,18,101,125,96,138,131,111,141,107,19,108,140,160,12,86,126,37,132,166,85,52,110,168,91,61,77,90,71,48,149,30,7,22,103,2,84,10,73,83,115,54,159,93,80,6,43,127,169,17,105,21,117,5,62,72,35,78,64,14,136,116,81,106,94,97,133,143,120,118,36,38,162,15,148,88,28,69,32,53,124,56,154,150,144,3,11,58,23,26,165,123,8,142,66,153,139,170,128,147,145,
0,46,27,136,81,120,159,63,47,115,79,137,68,103,19,113,17,110,86,73,88,53,60,112,65,122,167,142,91,83,170,131,161,147,99,76,157,141,146,1,43,4,149,134,55,111,24,82,155,13,80,10,98,104,32,127,93,102,37,124,70,2,38,154,165,44,106,152,66,71,128,41,118,12,52,34,143,56,90,62,163,108,114,158,140,28,11,156,58,29,5,14,109,148,77,119,40,96,78,51,95,126,49,89,72,36,125,54,15,130,61,57,87,8,117,69,74,31,166,162,139,35,138,45,23,169,133,105,9,129,26,48,116,67,100,97,21,6,18,64,3,101,25,92,42,135,160,94,132,84,123,22,145,30,150,50,16,20,153,164,121,168,39,151,107,85,144,7,59,33,75,
0,136,118,141,123,102,43,166,54,75,169,135,71,53,74,92,13,127,93,19,122,101,162,56,65,18,130,84,99,149,5,61,109,147,91,16,48,170,152,62,35,104,68,137,163,143,112,119,10,27,94,52,49,157,23,38,139,121,37,1,140,113,111,58,108,31,110,161,114,160,96,9,146,79,88,159,21,81,128,107,97,144,142,33,124,11,125,87,126,63,69,51,8,106,6,158,115,28,32,168,131,45,40,15,154,14,86,85,78,24,64,66,105,155,132,151,72,26,73,17,133,59,76,20,89,83,138,57,167,134,29,103,44,55,77,120,4,164,25,12,98,39,165,80,22,70,47,42,95,116,90,3,100,60,34,41,67,148,145,153,30,50,2,82,117,36,46,156,7,129,150,
0,106,25,112,111,55,145,151,169,96,159,118,54,45,120,78,107,46,130,68,47,138,6,127,40,10,3,117,161,158,58,135,102,20,147,139,110,88,89,115,157,163,66,43,59,148,137,53,77,91,11,116,67,29,51,136,69,166,36,119,144,154,152,1,122,140,100,162,126,87,132,52,114,42,35,27,165,41,167,72,44,125,12,170,83,32,23,14,48,105,4,84,26,18,24,97,19,15,103,134,62,65,37,75,30,85,124,156,104,146,109,63,31,7,56,86,34,108,131,153,168,113,21,76,81,82,141,2,93,129,13,98,142,70,49,73,121,80,17,149,8,5,95,160,94,164,133,79,61,74,22,143,128,150,99,64,33,101,90,50,39,60,123,28,155,92,71,57,38,9,16,
0,153,107,7,100,135,91,20,154,141,97,41,148,158,1,113,157,56,70,88,170,79,47,167,8,166,161,163,39,23,12,10,40,78,82,44,149,84,85,152,59,27,4,124,30,160,119,69,3,140,126,105,5,165,142,31,11,73,138,168,129,58,25,63,52,120,87,55,76,61,89,108,137,101,28,139,125,65,81,19,159,99,95,133,75,151,136,130,156,98,80,117,93,106,62,26,144,109,48,35,164,68,134,24,21,169,71,123,29,66,34,38,50,77,64,57,16,2,13,9,103,60,116,146,83,74,49,72,150,155,115,37,114,46,147,162,121,86,18,43,6,143,122,94,33,132,127,54,92,112,131,67,111,110,104,15,45,118,17,128,22,14,42,102,32,53,51,90,36,96,145,
0,101,5,7,1,27,18,79,135,116,3,130,20,97,115,62,80,112,134,51,39,67,99,136,110,149,40,69,113,163,58,16,29,52,32,103,146,109,6,43,86,150,74,22,161,21,122,114,121,26,128,82,126,96,70,137,81,57,78,46,133,17,50,4,65,141,42,92,138,87,167,140,164,41,107,71,125,9,165,34,25,66,8,142,105,131,28,73,156,124,170,75,104,153,94,45,85,111,37,100,102,118,143,159,76,95,98,14,11,89,168,64,132,169,33,38,24,12,55,60,72,36,148,154,139,152,35,53,145,13,83,123,147,48,59,117,151,144,44,15,129,54,127,30,106,155,77,47,120,160,19,2,31,63,166,157,158,23,93,90,68,56,49,84,162,61,91,108,119,88,10,
0,95,108,115,67,4,75,99,65,135,131,30,150,125,152,28,124,116,13,54,7,120,144,3,112,43,61,121,35,45,105,106,25,39,72,123,132,166,155,78,161,69,156,12,40,137,23,113,11,141,21,19,88,159,110,52,58,142,117,111,17,68,36,6,26,157,70,81,139,56,49,31,85,146,107,66,133,46,82,109,53,129,79,51,90,24,114,162,122,128,143,63,87,77,76,167,118,153,151,64,18,9,94,42,104,22,134,59,33,126,50,37,140,148,5,100,164,83,93,32,119,165,98,8,91,47,20,169,101,130,27,34,44,16,2,145,163,158,1,103,96,170,14,138,57,48,60,89,97,86,168,136,71,29,160,147,55,10,80,127,38,84,62,73,41,102,15,92,74,154,149,
0,128,14,33,60,17,44,144,111,108,135,91,124,57,41,46,3,106,165,15,151,110,74,119,29,21,156,56,55,85,107,50,84,162,97,117,158,31,115,24,59,82,20,90,10,8,101,19,93,48,2,155,146,62,143,127,18,131,7,88,1,68,25,86,125,169,150,47,79,70,159,112,152,66,23,52,118,109,142,114,40,149,163,39,64,87,96,42,154,89,116,141,61,166,35,138,73,161,65,80,104,130,94,133,37,36,43,170,69,32,72,134,38,122,98,28,105,136,83,77,54,168,137,76,129,102,121,13,99,58,22,167,147,100,160,63,53,26,16,140,6,164,67,123,75,49,157,153,81,4,30,45,132,120,11,113,126,9,5,148,103,92,51,95,139,12,145,78,34,27,71,
0,49,160,20,89,169,112,143,137,67,164,2,146,145,41,126,7,90,162,104,4,54,44,36,28,141,120,23,131,103,21,52,88,124,136,37,75,144,17,63,139,22,115,76,156,31,16,110,26,100,158,5,128,56,91,43,150,148,45,78,10,108,109,65,53,163,48,59,61,35,71,106,129,138,161,18,13,133,154,84,113,39,80,30,105,38,151,93,69,25,114,29,167,12,73,140,74,8,111,58,9,94,86,153,85,87,135,125,79,92,19,33,57,46,149,42,101,60,11,34,117,170,134,55,47,82,159,102,168,107,51,118,3,83,122,64,123,81,1,165,152,97,127,95,14,119,155,24,72,62,50,132,70,157,15,27,40,96,130,66,121,99,77,98,147,32,116,142,68,166,6,
0,77,163,66,54,97,47,102,78,88,135,10,69,111,82,22,155,19,15,103,134,24,58,98,86,96,76,81,44,152,9,141,169,31,107,122,118,95,46,53,84,138,101,120,35,104,57,87,37,40,148,149,150,67,154,14,52,153,28,144,48,91,45,74,50,110,3,16,72,2,49,137,166,92,27,21,161,157,39,116,75,146,132,68,5,61,156,129,160,93,140,59,139,64,119,56,136,70,112,17,83,13,29,145,60,38,124,18,158,80,7,51,167,105,147,165,73,151,89,143,123,170,90,127,164,26,159,42,126,109,12,113,114,23,125,55,41,94,36,79,133,100,65,162,6,168,99,34,30,63,1,106,71,131,142,32,121,115,108,130,8,4,11,33,128,85,117,20,25,62,43,
0,167,14,66,27,145,134,12,68,7,35,32,13,119,97,99,21,130,120,77,143,59,91,162,146,106,110,17,135,8,118,141,36,76,25,94,53,56,116,43,88,3,38,9,169,4,18,57,122,87,64,45,136,28,51,151,49,22,70,166,61,128,157,46,29,107,19,113,140,26,144,54,160,159,133,163,139,11,37,30,6,138,121,129,98,24,20,85,109,111,60,81,58,31,5,42,149,137,165,47,33,75,10,123,155,62,90,92,148,126,103,142,2,15,55,39,96,100,104,84,158,86,156,52,71,72,154,34,153,105,102,115,1,41,83,161,131,16,69,152,93,23,170,79,67,112,124,108,150,114,117,48,80,127,74,168,65,50,164,125,132,78,147,82,101,63,40,95,89,44,73,
0,132,29,21,154,127,113,80,159,2,16,34,126,167,9,5,94,131,52,168,141,63,72,103,99,81,55,107,6,75,66,68,89,144,86,101,149,110,33,54,151,22,7,155,11,83,88,162,125,35,139,119,59,108,62,18,138,152,74,105,51,14,42,147,26,169,60,45,134,163,78,13,118,32,95,30,38,82,146,128,23,58,133,135,115,122,111,165,114,69,27,70,15,93,153,44,67,170,20,25,130,109,121,104,85,19,97,36,120,50,46,90,148,164,117,143,28,39,65,56,61,112,79,161,47,142,3,116,124,98,166,129,31,136,96,123,8,77,145,157,91,53,43,49,64,87,37,48,158,137,106,160,1,24,73,76,102,41,40,10,156,140,17,150,100,12,71,57,84,92,4,
0,154,77,17,10,140,72,135,155,5,138,110,132,39,143,42,144,162,25,60,67,109,108,150,51,34,112,168,169,28,74,122,151,62,165,38,12,85,82,11,153,90,127,83,102,63,147,66,95,32,55,64,52,152,86,116,56,36,126,14,2,19,105,18,79,49,48,93,129,121,15,139,13,87,96,27,133,1,119,145,134,8,33,23,59,92,114,141,61,117,9,97,44,157,50,100,16,26,166,70,7,94,76,43,84,71,131,57,101,137,158,37,156,3,124,160,6,29,54,21,148,73,20,22,128,75,136,170,125,41,130,99,159,113,78,164,103,24,65,120,118,31,30,106,45,123,149,47,80,40,81,58,167,69,111,53,91,98,163,161,142,4,88,89,146,68,35,115,46,107,104,
0,170,13,34,121,14,38,87,29,131,89,92,117,125,54,149,24,146,74,150,129,58,28,145,65,94,75,137,111,25,162,166,70,102,37,141,10,1,47,169,5,151,55,155,19,11,78,123,21,66,101,12,27,86,124,81,15,33,139,59,118,163,22,104,77,68,83,100,60,44,2,157,134,95,88,140,42,158,109,147,32,138,63,115,6,23,108,130,39,50,160,112,64,132,136,20,135,113,67,154,16,17,56,72,122,110,107,35,156,71,62,105,106,18,85,40,61,142,98,48,120,90,7,76,116,4,49,119,73,153,3,143,103,114,79,80,9,97,43,126,99,159,30,167,144,51,148,128,57,96,165,91,161,52,41,31,152,127,133,164,84,168,69,36,8,26,46,93,53,82,45,
0,6,53,50,86,35,51,161,20,128,66,138,47,146,19,44,111,98,139,60,122,81,140,157,62,58,88,97,68,147,162,104,38,87,27,159,124,105,28,131,12,52,96,26,30,40,90,115,14,92,155,8,45,22,37,64,163,63,25,142,3,164,166,29,7,125,10,126,160,143,93,76,84,94,67,170,95,114,59,148,149,80,57,103,113,46,17,16,89,110,120,117,127,145,118,136,156,119,69,73,169,144,2,32,41,61,158,56,70,91,23,85,13,121,48,21,54,141,108,112,75,133,43,107,42,99,129,79,134,165,151,152,24,83,102,65,135,100,74,106,78,168,77,116,33,15,123,18,153,1,82,167,11,55,72,34,130,4,39,36,5,150,137,71,101,154,31,132,109,9,49,
0,157,66,144,121,132,94,38,109,23,130,11,159,129,42,41,64,156,92,151,68,81,135,89,72,47,165,140,50,133,164,142,161,91,106,15,76,93,29,77,107,101,147,128,30,14,160,137,18,74,170,3,62,67,19,146,5,83,8,53,110,52,45,28,148,154,4,88,125,116,40,111,143,51,84,115,65,136,73,21,71,114,104,108,25,6,126,58,98,168,59,2,7,86,134,145,105,127,163,138,82,56,39,9,32,1,31,37,13,54,20,46,150,117,69,48,96,158,61,113,16,10,63,155,35,119,55,12,85,103,75,95,22,49,97,60,141,122,169,153,100,118,102,123,24,87,27,139,43,36,34,70,149,79,120,112,17,166,90,44,26,80,57,162,78,33,124,99,167,131,152,
0,160,100,51,116,49,57,45,151,161,145,69,170,1,12,123,87,148,103,64,159,47,6,119,71,154,126,129,144,55,39,22,72,127,18,21,163,11,104,28,117,130,32,109,158,156,30,5,33,77,40,112,76,81,149,108,35,75,63,102,138,83,3,24,99,157,134,68,135,10,124,88,110,152,50,106,94,92,41,37,111,142,52,79,25,98,7,147,16,8,48,136,17,84,15,105,46,90,95,23,70,132,43,128,143,13,19,27,168,165,58,169,62,96,36,121,73,42,125,115,89,2,59,166,122,67,56,155,91,78,29,14,82,150,133,140,137,167,97,61,60,54,153,80,164,141,85,20,113,4,66,93,86,131,162,26,139,65,31,9,146,118,120,74,53,107,114,44,38,34,101,
0,138,109,8,44,62,39,106,140,74,113,46,118,153,16,132,112,139,65,72,21,56,135,81,94,40,43,155,78,23,149,67,31,2,129,37,141,163,136,50,85,137,11,145,3,157,68,166,64,164,169,115,13,18,29,49,124,122,20,84,57,6,80,107,69,90,91,70,14,38,162,108,32,119,93,101,30,98,51,54,24,15,59,165,79,77,131,73,116,103,167,5,66,104,55,148,142,99,100,123,110,60,34,58,83,42,52,156,150,19,158,127,63,12,45,152,17,25,36,22,102,128,61,92,35,168,1,10,82,146,151,47,4,130,76,159,144,7,27,111,87,114,33,75,147,48,133,28,160,95,26,117,97,89,120,126,105,53,143,134,161,154,41,9,121,88,71,96,170,86,125,
0,119,5,63,142,35,53,11,118,20,153,87,81,128,85,150,46,39,165,48,166,116,16,49,115,37,43,168,154,80,58,126,59,156,88,98,139,140,114,70,73,9,104,129,95,82,117,22,113,111,146,83,61,2,131,157,152,100,125,29,135,60,167,52,32,134,55,149,147,1,50,12,75,17,45,57,122,96,97,127,44,101,47,74,148,164,108,38,138,69,89,56,41,30,123,143,19,67,169,3,124,6,28,34,14,112,160,25,136,132,40,62,161,92,64,91,68,145,170,120,105,159,121,42,54,51,23,137,144,151,31,27,78,102,86,13,66,90,36,10,79,7,84,103,18,94,21,4,33,76,93,163,77,109,8,26,71,99,155,158,15,141,72,107,106,133,130,24,65,162,110,
0,94,125,85,4,22,129,37,50,110,24,57,107,48,11,18,163,117,140,120,109,63,73,100,59,67,78,20,77,147,31,29,76,23,30,26,93,141,130,82,8,2,70,61,12,99,72,115,5,150,105,153,6,128,114,9,51,80,58,66,136,124,90,86,119,102,88,46,96,10,167,156,165,139,168,166,16,38,154,121,40,123,14,36,35,132,43,79,158,149,146,27,101,65,148,74,126,113,89,151,112,160,39,143,34,54,19,64,135,3,142,116,25,106,68,32,162,108,53,137,133,62,28,75,44,159,98,87,144,41,49,13,52,60,56,47,152,111,104,92,81,169,45,1,134,118,170,91,97,55,138,95,71,7,131,17,157,69,21,122,164,103,84,42,155,145,161,83,127,15,33,
0,162,32,103,88,167,45,109,117,129,89,21,166,104,155,19,67,82,158,3,144,79,81,141,51,156,70,150,112,55,29,114,78,75,4,107,43,136,63,122,96,160,97,35,62,154,91,93,64,11,57,22,116,44,106,85,139,134,56,28,38,5,170,52,14,8,111,86,126,53,17,92,161,105,13,87,48,73,127,34,77,132,90,153,147,7,137,95,40,27,54,6,99,113,71,76,168,65,110,146,74,23,36,163,149,164,94,39,37,151,121,25,59,9,60,101,98,42,1,124,148,133,108,12,143,41,20,33,115,72,49,118,68,130,157,152,69,50,24,2,80,26,30,15,135,66,140,138,120,16,169,102,61,10,58,142,18,31,159,100,165,83,46,119,84,47,145,128,123,131,125,
0,8,146,135,28,126,37,137,129,111,1,54,77,44,151,88,57,62,47,91,56,158,113,155,152,119,90,166,78,118,154,164,42,7,133,20,168,125,33,12,110,170,92,86,136,58,38,29,105,143,100,97,131,79,99,60,17,66,103,102,165,139,80,83,2,74,81,76,109,162,169,36,95,67,82,84,117,16,160,121,5,3,55,142,24,70,106,138,49,39,85,124,163,52,153,89,116,93,123,114,61,51,23,21,150,26,144,145,10,107,156,108,18,87,45,63,98,48,68,112,14,128,148,115,53,132,75,13,31,147,141,69,25,157,9,72,19,130,96,46,22,27,15,40,94,104,159,149,6,140,35,11,30,41,43,4,167,64,50,127,161,101,120,71,73,59,32,134,122,65,34,
0,75,71,64,92,11,18,58,72,33,36,38,7,151,69,4,109,143,124,84,125,110,13,83,34,23,35,46,144,164,47,12,111,139,15,73,105,155,56,44,118,74,119,51,166,17,49,115,168,102,145,132,59,43,2,128,130,137,140,3,154,26,122,161,57,90,82,88,121,114,162,87,27,167,93,9,55,149,63,42,5,133,141,107,103,76,147,99,25,32,53,135,62,30,160,19,85,123,150,170,142,138,31,106,113,16,98,100,21,45,61,28,67,157,20,70,37,79,78,91,112,136,96,169,134,8,126,104,50,66,146,29,80,127,81,1,131,86,94,77,120,10,108,14,40,97,54,6,52,117,95,163,22,148,39,129,65,158,24,48,60,68,165,101,159,116,156,41,153,89,152,
0,61,114,21,136,115,80,54,102,14,95,41,163,34,6,129,62,56,71,119,51,13,151,5,88,81,11,79,168,156,118,4,73,93,40,78,165,105,67,108,137,70,153,1,146,130,101,148,63,15,152,18,97,100,170,2,143,28,31,29,85,109,84,116,76,121,91,3,68,45,8,167,169,96,26,86,158,112,150,39,142,107,94,55,32,12,159,48,89,37,141,154,134,69,53,10,90,117,43,49,111,60,59,157,110,47,16,24,74,125,66,20,27,19,138,83,46,113,58,57,33,124,127,22,122,166,30,87,128,42,36,164,82,147,144,25,126,106,145,131,99,72,77,98,139,103,17,38,64,52,75,104,65,161,149,123,7,44,133,162,155,23,92,160,140,35,132,120,9,135,50,
0,137,15,127,106,94,46,34,144,140,150,109,22,148,108,130,50,139,97,101,143,154,59,49,55,12,105,39,33,131,121,71,88,56,81,93,16,158,170,58,26,123,27,157,72,30,89,129,4,70,156,66,73,113,36,133,159,5,82,102,64,77,11,146,85,63,32,153,20,44,149,169,54,99,6,103,62,19,31,168,18,45,126,79,10,35,60,84,151,161,95,37,8,17,52,25,138,132,119,3,116,96,98,41,65,40,68,141,155,122,91,125,136,92,147,134,2,142,7,43,104,83,57,87,78,9,53,61,120,166,69,86,28,13,107,165,135,167,162,145,1,112,90,29,48,152,14,47,75,118,38,128,76,51,124,100,42,21,24,117,80,110,115,67,111,164,74,160,163,114,23,
0,63,48,120,100,41,54,83,71,11,2,110,151,27,157,60,156,74,131,160,19,37,147,46,119,103,88,17,16,84,7,169,165,161,30,116,102,115,158,127,106,162,167,20,77,72,69,146,137,78,155,89,112,82,55,93,159,141,79,107,109,15,95,170,75,144,168,33,38,49,8,65,67,10,96,150,43,114,56,45,138,14,32,163,94,25,58,130,31,126,145,132,52,135,111,97,108,140,117,73,1,59,53,90,21,91,76,9,6,123,139,47,113,5,26,129,28,18,34,152,12,105,64,98,125,164,66,44,39,143,134,153,4,40,68,166,104,62,23,99,87,128,86,61,51,122,118,133,148,42,35,24,121,149,36,81,50,85,29,70,154,142,22,124,101,92,13,80,136,57,3,
0,64,58,50,30,118,39,80,119,90,139,127,166,142,97,21,120,147,76,150,91,157,44,155,128,72,5,121,42,40,82,79,88,106,99,145,168,100,63,125,110,28,55,67,34,4,87,137,134,53,160,154,159,117,2,9,109,15,8,143,96,14,19,95,83,122,59,70,84,31,152,131,20,116,77,71,94,105,27,153,104,38,85,101,61,169,167,89,136,75,26,156,74,1,163,170,51,92,102,52,66,49,23,13,93,37,24,54,165,3,36,11,22,43,113,115,46,78,164,68,25,107,62,133,144,41,73,10,12,18,162,98,141,135,124,65,126,114,146,56,33,138,17,6,60,69,112,103,161,108,123,7,16,47,48,129,132,130,148,151,29,158,111,149,140,57,86,32,45,81,35,
0,30,96,66,33,116,21,161,134,13,73,108,125,52,19,38,40,149,153,99,160,80,16,18,86,117,75,56,59,167,94,162,154,152,79,41,148,43,45,37,163,82,74,157,113,83,31,104,65,124,166,92,90,24,34,121,1,135,70,42,25,85,168,78,26,76,10,77,146,111,15,155,165,120,129,48,61,115,131,141,110,114,140,107,112,4,89,93,62,67,68,64,71,122,100,50,109,127,69,156,91,97,170,20,32,7,51,145,2,81,126,54,63,103,23,88,39,44,158,123,136,98,9,60,58,87,22,128,46,102,101,119,29,84,11,6,8,106,169,49,147,143,133,14,35,159,12,142,138,132,57,164,137,130,95,144,5,3,53,150,55,36,118,27,28,47,151,139,72,17,105,
0,168,33,80,65,160,8,166,110,159,136,102,14,63,96,144,103,73,148,116,42,4,15,26,46,45,27,140,112,20,118,105,145,128,162,78,41,34,68,138,157,6,77,47,151,106,129,1,29,81,117,133,147,143,28,98,135,69,76,150,50,101,30,55,156,92,84,85,75,91,25,72,93,61,57,18,7,70,165,19,82,60,38,59,94,119,90,109,126,35,134,62,54,170,137,141,67,12,142,31,16,99,51,114,39,44,2,21,49,58,87,9,32,146,11,88,158,154,48,130,3,139,161,121,66,111,123,108,152,24,22,122,167,52,97,36,131,104,64,95,53,120,132,5,155,79,86,153,71,17,56,115,113,23,100,169,164,74,149,40,89,83,124,107,37,13,125,43,127,163,10,
0,49,17,86,125,26,135,144,55,111,117,90,124,33,48,128,35,93,98,72,5,79,150,62,56,19,8,92,121,105,65,10,134,132,84,122,155,148,39,141,58,64,143,13,127,38,80,77,69,166,139,3,22,152,99,119,94,126,142,136,104,151,60,59,85,164,100,57,30,31,140,61,106,66,160,32,24,113,44,18,41,15,157,130,88,120,159,7,131,52,149,158,162,118,101,133,75,102,108,147,168,161,107,109,89,34,29,25,28,68,83,145,21,1,91,110,50,71,23,76,153,42,2,169,116,16,47,95,6,53,12,45,138,170,78,63,146,103,37,129,9,82,114,87,115,73,20,70,43,54,112,163,4,67,27,74,81,97,46,11,36,137,51,40,167,165,154,14,96,123,156,
0,103,150,90,151,49,124,25,169,50,83,160,128,141,101,164,26,127,20,170,98,131,40,6,136,48,166,145,154,8,130,68,31,47,62,133,33,144,1,157,44,117,135,16,110,76,142,70,14,99,115,46,146,159,64,17,116,95,93,77,52,59,87,51,134,73,29,74,156,19,125,113,108,41,13,35,153,129,71,58,72,36,120,149,32,109,80,45,97,91,119,106,118,165,147,65,92,10,112,5,94,15,123,139,155,86,56,126,96,18,162,78,7,168,27,102,43,81,84,55,9,148,158,61,143,3,11,105,85,161,138,79,132,30,140,163,100,42,167,104,2,66,28,57,54,107,38,88,37,82,67,114,89,111,75,152,21,60,34,122,63,23,39,4,53,22,137,69,12,121,24,
0,26,81,164,90,36,104,95,106,103,74,142,70,163,82,45,87,31,160,49,130,166,145,92,121,134,149,109,158,165,24,10,63,68,139,51,14,53,17,23,86,127,112,148,97,38,159,46,88,146,169,119,19,138,40,114,75,48,110,6,107,25,50,67,47,128,140,60,79,124,117,144,7,66,129,96,89,73,153,116,167,120,56,141,32,155,58,12,123,37,101,29,108,131,154,18,3,78,85,105,135,76,16,42,157,21,2,15,83,54,115,122,69,59,99,35,64,102,100,150,147,136,1,20,126,162,57,34,8,94,71,62,137,111,161,152,143,91,22,80,55,33,132,113,133,125,170,44,4,43,84,9,151,61,72,52,156,30,39,65,5,77,98,168,41,13,28,118,27,11,93,
0,125,82,94,137,167,149,118,113,6,45,37,28,151,63,153,102,60,69,84,112,8,3,114,23,95,100,35,99,64,36,58,39,126,101,108,142,131,110,98,104,135,156,111,81,107,140,70,87,46,14,31,18,30,73,10,13,130,22,160,43,150,44,49,117,152,155,19,12,50,166,157,9,123,136,96,21,62,122,141,158,161,54,159,74,93,77,103,106,78,147,121,27,109,128,105,40,89,165,79,5,67,33,119,17,120,75,134,7,66,143,47,144,169,52,162,68,20,51,124,170,2,55,71,116,80,11,65,148,61,34,88,168,91,86,83,41,56,146,145,48,163,26,132,139,29,129,16,38,57,4,164,97,32,72,90,133,53,25,115,24,138,154,1,76,15,127,85,92,59,42,
0,169,136,142,99,137,88,33,31,104,133,6,51,131,9,61,8,146,119,75,74,30,25,132,26,69,115,148,45,145,59,14,162,157,62,116,34,160,168,151,71,7,10,166,96,103,106,54,21,102,97,89,65,155,105,32,22,19,82,68,120,161,135,165,86,58,85,141,167,90,129,140,76,53,36,50,101,163,28,48,112,80,109,63,5,72,4,49,150,56,64,170,55,16,52,60,29,138,84,152,100,164,113,123,13,83,81,43,2,98,20,47,158,95,134,70,128,108,93,24,92,37,110,79,122,117,42,40,126,46,38,67,12,23,91,130,94,35,153,17,118,66,154,1,87,139,11,143,27,124,147,44,107,144,125,114,127,156,121,73,57,15,78,159,39,111,18,41,149,3,77,
0,6,163,146,86,93,65,155,32,34,88,89,126,138,161,4,63,157,164,168,143,39,156,79,29,78,91,44,67,133,40,84,61,2,141,108,109,21,37,45,158,3,92,26,47,114,68,169,85,87,135,98,76,50,75,94,160,117,102,30,132,152,148,140,55,99,16,20,123,111,38,113,124,112,119,66,121,145,81,69,9,41,49,8,19,105,127,110,144,15,159,35,82,56,17,162,1,70,25,54,80,31,122,166,73,95,53,59,10,134,23,149,107,120,18,115,36,139,90,130,167,118,106,12,43,100,77,62,165,170,33,103,96,13,151,153,72,142,71,51,14,7,48,154,27,58,128,42,11,60,5,74,52,137,22,57,97,24,150,101,116,125,131,136,64,46,104,129,28,147,83,
0,80,146,152,120,122,141,60,61,3,24,138,71,50,7,93,4,5,67,31,82,27,69,91,106,113,94,21,81,86,112,26,104,40,96,6,170,155,20,107,51,167,165,87,136,99,127,10,163,150,88,161,58,76,30,156,29,154,68,17,42,162,53,70,38,134,121,37,28,115,36,90,110,108,43,32,151,137,168,41,54,83,123,164,169,97,117,25,111,22,98,49,18,132,101,11,9,153,166,145,45,47,46,135,116,55,34,119,114,19,143,2,56,16,126,133,124,12,52,100,139,118,66,23,140,1,144,159,105,160,59,78,57,63,125,103,33,147,142,39,130,77,62,48,149,79,84,15,89,95,74,85,8,35,148,73,158,92,44,157,131,64,13,129,109,72,14,65,75,102,128,
0,97,95,68,111,64,126,7,47,164,35,150,146,147,71,108,90,163,123,110,101,48,115,162,107,39,84,50,52,74,61,160,43,158,85,34,23,12,20,120,121,9,44,60,99,70,53,103,65,148,156,4,21,125,17,144,29,2,82,36,89,80,27,88,138,77,93,145,62,58,136,24,78,122,137,170,130,105,11,155,124,128,117,142,135,140,166,72,118,114,54,5,127,119,57,96,106,133,38,169,22,31,141,14,116,37,151,79,45,56,100,134,87,165,41,66,157,10,8,13,161,26,159,149,49,168,112,3,67,76,139,40,167,104,83,73,102,69,6,75,129,46,152,63,113,16,86,55,18,42,154,131,153,30,92,81,98,91,94,15,28,25,51,143,109,132,19,59,33,32,1,
0,127,158,89,147,40,17,29,3,42,83,119,21,49,163,129,124,126,13,108,5,61,15,130,94,72,66,6,14,62,56,51,116,142,69,166,120,139,138,131,101,70,71,60,128,32,28,167,53,106,26,11,50,44,159,93,57,146,35,112,152,54,104,38,95,8,73,99,136,114,157,46,145,43,117,102,52,37,84,86,68,22,4,48,111,144,164,45,82,165,12,155,79,34,90,118,125,115,169,141,30,161,78,97,31,58,33,92,132,81,149,41,148,65,10,154,16,74,27,67,123,107,76,170,143,140,47,24,150,1,75,134,9,110,19,133,80,36,153,7,59,103,25,151,160,63,137,113,39,162,96,85,77,20,122,23,2,91,105,156,109,121,55,98,64,168,88,100,135,18,87,
0,99,96,16,106,75,25,83,41,67,157,54,125,42,77,59,164,90,28,78,79,19,149,139,60,48,94,117,61,135,84,128,91,43,8,4,124,129,143,114,109,147,150,39,95,31,64,26,63,81,3,55,153,23,137,38,162,70,131,88,40,33,93,132,69,24,169,49,154,102,53,103,170,58,127,141,1,37,140,15,107,29,76,145,163,11,22,17,151,156,68,82,62,104,108,21,122,13,65,119,10,146,34,112,5,138,159,105,30,57,72,126,136,118,130,35,71,155,18,73,116,158,66,80,166,44,89,47,45,133,160,9,50,97,134,85,51,12,142,110,46,14,6,92,148,87,152,100,36,52,20,144,167,7,98,161,2,101,111,86,74,123,32,120,56,121,115,168,27,165,113,
0,146,21,106,49,99,5,28,145,68,43,1,122,11,82,153,58,148,156,2,142,114,124,91,98,139,105,119,125,64,73,165,118,44,136,80,72,78,55,100,152,109,17,46,29,70,112,110,16,69,20,12,121,149,161,4,95,25,56,50,47,132,138,90,75,166,62,140,94,31,104,129,67,6,65,168,13,131,150,32,39,97,22,61,134,162,60,108,8,93,84,3,116,36,126,86,143,170,120,164,14,30,160,92,48,87,74,85,107,154,169,135,34,19,81,40,133,127,24,103,117,38,54,35,89,96,77,144,137,88,23,147,53,18,37,159,76,41,26,57,7,63,79,113,27,123,128,141,115,9,15,111,83,51,59,102,45,42,167,10,130,66,52,151,155,158,71,157,101,163,33,
0,27,121,97,123,105,85,117,12,89,146,4,46,53,7,114,119,140,1,60,24,62,79,147,157,2,22,35,73,95,10,88,99,116,96,52,72,70,9,21,164,111,125,44,134,51,169,155,165,167,17,120,103,131,92,66,138,26,8,76,94,144,141,47,145,160,67,77,31,5,33,90,149,122,87,124,102,108,135,57,14,158,129,118,32,153,45,54,78,56,127,30,43,3,133,150,74,19,170,38,61,152,81,29,37,162,154,91,48,128,142,59,63,13,36,16,139,106,156,93,11,136,168,113,41,83,137,109,159,98,28,84,34,163,115,69,161,107,104,55,50,39,126,112,86,151,42,64,148,40,100,58,130,15,75,65,132,18,23,25,166,71,143,82,6,20,80,110,49,68,101,
0,73,160,64,18,104,113,140,14,131,51,83,122,33,71,168,47,16,17,42,101,127,8,40,81,75,67,90,80,61,23,50,87,154,110,143,24,74,54,52,157,98,124,29,72,56,116,76,139,148,77,88,27,84,1,86,57,60,15,97,102,96,78,114,38,68,115,31,46,162,144,170,147,130,62,142,145,63,123,150,79,167,20,153,146,128,120,39,155,11,156,112,35,10,94,99,70,159,91,66,169,2,134,48,118,32,117,95,151,82,133,119,85,149,164,13,105,138,53,137,41,34,44,136,132,22,109,141,26,93,45,36,49,25,89,69,65,6,7,9,19,125,30,165,92,37,126,43,28,111,129,12,135,161,163,166,3,107,58,103,55,152,5,4,21,108,59,121,100,158,106,
0,129,160,124,166,126,155,137,7,61,114,73,127,83,163,47,33,68,123,37,28,20,161,86,74,139,16,133,117,90,99,115,57,80,144,49,23,42,97,112,65,102,128,43,60,15,152,12,17,59,116,78,34,54,21,154,148,93,103,51,104,98,142,132,89,88,130,150,45,82,2,119,146,157,156,158,36,92,136,24,70,35,46,19,14,67,138,25,153,38,64,96,39,106,91,169,75,121,48,101,62,30,77,56,84,81,40,72,41,134,118,168,50,53,26,122,107,131,3,113,52,149,9,29,105,63,87,109,22,111,58,66,145,167,71,31,13,165,94,108,5,6,170,85,110,162,100,79,143,27,4,159,1,95,147,125,76,11,8,18,44,140,164,120,69,135,10,141,151,32,55,
