0,9,111,117,139,56,10,98,123,97,6,50,95,36,60,44,138,159,69,106,160,103,86,48,1,125,93,61,126,33,76,2,135,84,74,155,19,91,127,20,16,37,13,104,27,153,157,18,26,119,72,120,129,46,134,54,28,83,114,110,42,64,71,17,22,3,89,14,29,7,128,38,12,158,5,62,65,131,148,100,121,11,118,57,140,32,59,136,58,45,67,70,51,68,35,63,96,145,21,143,43,113,154,142,77,156,141,94,52,105,116,53,107,80,49,24,75,47,150,92,124,109,73,152,40,78,112,133,99,30,130,132,41,88,144,151,8,55,85,149,90,87,39,101,34,66,23,82,146,122,108,79,4,25,115,137,147,102,81,15,31,
0,13,83,121,141,127,28,90,35,135,153,84,23,119,151,32,103,117,17,29,80,125,124,126,39,97,57,78,144,53,132,92,59,21,156,145,60,128,89,11,7,79,51,88,150,30,159,58,91,133,15,10,130,138,105,94,107,122,14,6,98,46,41,1,152,134,131,16,100,52,93,61,99,140,115,114,82,106,75,4,70,18,139,55,24,44,123,49,3,146,109,69,56,42,71,81,76,129,157,85,27,155,66,87,45,31,102,5,104,149,22,38,136,101,67,47,37,96,12,2,50,48,86,77,118,137,25,65,154,160,148,143,108,68,158,112,8,54,36,74,147,20,113,34,142,26,19,33,72,73,95,62,111,40,110,43,120,63,116,9,64,
0,48,78,153,6,60,70,146,101,18,139,110,36,4,142,49,38,14,93,102,131,111,56,87,158,107,69,39,76,135,11,89,81,125,66,127,3,77,83,62,91,133,85,80,9,154,150,55,35,128,138,117,54,97,13,130,43,29,73,15,88,95,141,144,37,132,140,104,75,156,50,120,53,160,59,17,27,23,115,7,109,52,65,31,145,112,46,124,25,100,126,24,143,51,71,105,159,33,74,28,47,129,57,114,108,118,122,26,113,96,147,45,64,90,123,116,16,12,86,92,79,2,34,121,119,19,44,22,61,137,41,63,32,99,94,157,8,82,149,1,42,30,20,72,5,58,103,106,98,67,40,21,68,84,136,148,151,10,152,134,155,
0,34,143,52,91,3,99,113,157,141,83,75,70,27,49,155,150,104,87,30,85,63,111,152,119,66,37,81,129,114,158,11,20,25,106,134,9,38,24,73,36,56,127,122,124,77,88,82,93,95,139,153,116,26,69,50,110,97,84,156,125,149,138,5,17,107,160,54,68,92,12,67,6,96,16,41,115,79,57,35,102,2,23,55,76,135,131,126,31,133,144,108,32,61,78,89,128,120,94,90,140,15,142,51,151,74,130,154,80,53,44,1,72,109,4,60,65,39,145,45,136,10,58,112,18,14,98,118,7,121,13,103,100,29,101,71,40,47,159,46,48,22,19,137,147,8,21,33,105,59,64,28,132,117,148,43,123,42,62,146,86,
0,62,27,91,77,24,153,159,102,29,26,89,63,12,111,120,96,31,42,40,34,137,99,88,134,112,74,15,37,110,76,70,87,139,73,43,20,30,8,85,93,57,104,131,72,50,141,48,18,54,100,68,32,51,98,67,136,28,39,157,113,145,126,84,135,149,23,82,83,55,151,53,46,44,4,3,80,38,142,36,132,103,58,122,66,147,13,78,129,75,148,158,33,81,16,65,144,124,105,97,7,9,128,155,25,125,154,1,140,152,150,22,115,130,114,118,86,156,123,117,101,11,6,95,107,49,5,52,59,41,121,17,94,146,60,47,109,69,61,56,71,79,106,133,21,116,160,35,92,119,64,2,14,19,127,143,10,108,45,138,90,
0,137,65,52,127,113,104,146,73,106,128,39,157,59,88,67,112,78,135,134,99,37,120,143,83,103,92,130,110,1,29,53,101,18,17,98,94,61,107,126,42,119,21,124,80,74,4,149,76,87,144,44,25,58,38,132,105,70,64,33,28,147,55,111,69,12,152,49,122,131,81,148,6,96,30,47,40,150,138,145,102,11,118,153,41,129,141,125,97,140,35,100,24,60,79,57,84,5,7,108,10,155,62,43,34,117,19,90,20,26,8,89,123,16,13,27,114,139,23,15,156,51,22,75,63,2,36,66,71,142,151,154,82,159,68,115,9,136,54,109,72,86,121,158,31,116,95,85,77,3,48,46,14,93,91,133,160,56,32,45,50,
0,118,40,55,44,72,88,103,100,22,38,131,28,43,105,26,147,52,24,82,148,160,59,78,149,102,111,143,19,45,63,152,69,14,91,90,9,127,120,33,67,129,99,73,121,66,140,119,50,74,54,6,17,104,7,144,36,51,57,109,106,97,23,83,10,58,141,125,27,64,89,137,123,98,70,107,126,8,18,108,77,65,95,150,79,13,12,76,68,124,1,138,47,117,158,154,25,86,133,20,134,56,114,62,116,34,39,113,37,42,93,11,153,115,136,139,145,157,142,16,71,81,2,132,101,61,92,96,21,156,4,151,128,15,112,3,94,60,87,75,159,48,130,53,49,122,146,85,41,29,30,110,35,80,135,46,31,5,84,155,32,
0,15,140,27,44,65,28,95,18,40,86,124,30,33,34,72,35,74,154,12,56,11,84,152,10,82,55,142,145,81,57,159,21,121,87,42,126,2,88,103,104,53,61,130,66,105,107,29,156,102,6,151,20,31,68,80,160,118,146,92,141,139,46,63,99,132,147,48,43,110,13,109,97,60,128,143,69,90,155,26,134,7,70,25,50,120,38,94,108,96,138,79,64,22,16,98,148,17,111,89,32,106,158,71,1,9,127,76,100,125,36,93,119,115,51,58,112,83,135,137,153,136,52,37,75,150,78,47,149,144,91,85,39,3,49,24,62,123,8,131,77,45,14,133,5,157,41,23,4,73,129,116,117,19,67,101,54,114,59,113,122,
0,11,63,141,148,114,140,111,104,45,95,99,157,7,86,26,152,112,21,58,10,75,68,88,69,66,121,23,46,143,102,15,9,98,12,37,149,97,113,103,54,130,105,24,47,127,134,25,150,13,115,92,124,72,28,17,119,146,120,41,43,160,144,139,100,42,156,31,108,106,29,77,87,101,57,135,109,14,137,4,2,131,159,1,155,142,27,49,5,90,22,33,93,117,56,71,116,153,19,16,34,110,129,132,123,65,50,18,3,53,145,125,81,59,73,35,89,82,40,84,151,39,74,107,128,158,70,64,48,6,122,30,51,85,62,94,8,76,83,52,32,44,60,118,78,61,133,154,38,96,67,80,126,55,136,79,36,147,20,138,91,
0,42,56,45,88,105,72,121,122,100,40,71,30,54,118,110,114,123,78,24,32,92,142,75,36,38,111,4,66,146,96,15,12,22,133,13,95,20,73,81,34,52,141,116,90,145,86,153,74,108,129,49,65,117,126,115,124,58,80,152,64,150,18,144,47,102,50,33,62,9,63,16,1,11,139,107,85,94,160,89,5,157,7,98,97,51,39,8,132,135,106,29,44,113,140,6,55,151,127,125,120,31,2,103,109,112,119,156,83,27,41,87,143,48,21,93,138,84,136,104,134,28,159,14,131,60,3,61,46,147,17,67,149,82,35,154,101,69,76,26,148,130,70,43,99,37,158,53,91,19,128,25,137,77,155,23,57,10,59,79,68,
0,52,92,13,35,142,103,151,102,134,145,82,65,16,9,51,34,88,62,91,116,93,10,68,28,12,1,86,111,29,24,30,123,158,19,78,107,60,133,63,160,75,124,17,112,67,120,152,100,126,5,6,98,131,109,113,122,39,80,106,47,25,99,48,129,140,66,41,77,54,90,143,128,157,44,64,59,114,70,15,101,148,132,136,79,46,58,84,27,42,125,159,2,87,11,8,150,45,38,20,144,137,74,22,7,85,55,43,156,94,110,139,149,69,130,23,155,56,3,153,61,57,89,154,95,81,4,146,135,14,96,115,71,76,53,50,49,119,117,127,141,37,105,72,121,31,40,147,138,32,73,118,26,83,21,97,18,104,33,36,108,
0,138,40,89,112,9,54,86,75,121,110,35,1,56,63,100,156,88,106,160,53,98,74,120,36,15,12,152,113,13,16,73,4,123,7,134,94,10,51,48,67,146,124,21,99,19,95,144,61,101,150,83,45,159,84,148,115,85,41,49,60,80,11,43,116,58,2,55,102,79,81,155,37,130,78,82,131,62,27,92,23,136,17,31,64,118,127,42,153,26,157,22,158,142,20,126,34,139,128,107,66,69,93,145,117,90,32,76,65,38,77,96,44,39,125,105,68,52,70,149,30,103,129,25,154,87,33,57,119,111,108,141,50,5,18,135,6,59,28,14,104,151,3,72,122,137,97,91,143,132,133,147,24,140,71,47,114,109,46,8,29,
0,86,33,64,106,65,96,131,10,148,36,12,154,79,140,58,128,117,98,85,111,34,155,80,76,87,159,49,145,23,37,14,44,133,102,158,39,35,67,149,95,121,63,92,130,82,124,8,26,51,112,157,89,119,151,150,127,11,139,147,109,142,114,16,45,118,28,21,29,62,73,31,135,53,55,108,56,6,137,74,20,3,134,2,41,126,160,146,15,125,77,69,75,156,38,61,59,42,93,116,78,141,101,19,32,1,17,40,91,81,5,66,46,105,136,90,27,24,71,57,25,103,107,129,110,70,72,132,94,97,143,48,153,120,7,22,52,30,84,9,4,68,152,100,54,47,60,18,50,123,113,99,88,13,138,122,104,115,43,144,83,
0,73,84,114,153,5,53,75,159,60,27,37,130,80,133,86,19,88,136,138,44,104,148,126,121,56,33,36,50,4,7,118,96,116,32,34,57,89,150,92,146,157,2,155,83,40,137,81,6,122,154,43,14,144,156,100,58,8,1,110,147,49,64,62,10,9,87,158,79,117,72,28,38,99,42,29,15,48,77,67,71,54,139,20,102,107,128,25,30,21,3,23,65,39,152,22,18,140,135,105,113,11,109,24,132,127,141,90,95,101,145,51,131,35,69,74,41,66,115,119,16,82,17,12,125,124,94,55,123,103,129,149,85,47,13,68,151,31,26,160,63,93,134,111,98,45,59,108,76,106,120,78,112,97,142,70,52,143,46,61,91,
0,125,50,65,59,153,128,137,80,157,140,18,19,84,52,88,132,7,24,69,120,79,58,148,49,20,91,106,149,45,146,63,158,92,78,139,6,104,30,61,89,57,34,48,126,36,123,54,81,60,112,115,136,155,108,33,143,4,9,16,105,93,150,100,73,121,21,127,10,29,151,71,37,46,72,41,55,109,82,113,35,141,145,135,25,114,86,142,87,66,116,138,2,8,152,117,15,160,131,134,159,154,42,44,111,22,39,97,119,98,26,14,23,56,129,5,74,147,101,64,43,144,96,77,94,90,110,38,67,99,107,12,51,130,133,31,95,85,76,68,11,102,13,17,3,40,28,124,156,62,75,118,1,27,83,103,70,32,47,53,122,
0,94,130,116,64,135,128,153,48,155,60,31,121,119,133,9,19,49,81,99,66,11,42,37,154,51,151,75,69,46,77,65,123,120,142,138,12,87,90,156,70,18,85,86,34,112,137,25,127,102,103,84,50,76,104,152,59,82,145,30,146,15,29,22,44,58,2,126,149,109,117,24,158,20,125,96,4,52,150,159,139,39,110,35,143,13,98,72,100,16,134,14,7,107,47,148,21,57,111,114,105,27,95,5,63,17,68,40,54,136,62,140,43,157,124,147,3,26,23,10,36,41,71,56,67,92,74,1,113,80,122,108,45,83,73,144,79,97,93,6,118,53,78,141,28,106,8,55,89,131,129,160,61,88,38,101,115,33,91,32,132,
0,5,111,19,83,97,116,36,79,91,25,42,12,84,114,29,124,87,134,109,22,158,137,126,89,65,74,56,70,75,21,86,69,159,147,11,138,121,44,16,14,129,92,85,3,131,64,45,90,125,155,72,7,27,117,103,54,100,94,139,10,93,153,132,144,112,150,101,110,40,133,76,95,2,48,80,135,28,41,37,81,24,107,23,119,31,43,55,68,88,106,9,77,136,149,63,154,60,8,143,46,102,130,96,146,18,39,20,71,67,1,47,57,15,17,38,82,120,99,98,115,151,148,108,50,145,141,61,49,152,59,104,122,53,160,26,118,62,34,73,30,51,58,33,105,142,66,78,128,32,127,113,13,4,140,157,6,123,35,156,52,
0,106,98,40,84,82,24,118,123,23,132,112,158,96,12,53,136,124,154,152,144,91,138,120,126,1,8,60,160,101,73,119,129,36,21,131,83,33,88,90,50,39,67,130,26,133,34,94,20,141,72,149,2,15,110,85,18,61,137,54,43,109,156,49,116,105,95,30,37,51,55,89,140,11,66,48,71,81,62,5,147,97,13,92,78,135,76,86,159,80,128,148,58,87,22,69,99,68,100,52,64,63,31,122,115,10,16,45,9,46,93,47,108,146,41,104,32,70,65,153,79,151,38,44,57,139,42,14,6,7,59,142,143,114,29,3,121,17,74,75,56,157,113,145,134,103,155,35,107,77,125,111,4,127,150,28,27,19,25,102,117,
0,17,11,63,27,78,69,151,1,92,130,48,56,132,49,122,123,42,139,86,114,156,136,119,47,33,53,29,85,22,117,112,121,143,118,158,66,71,41,38,3,111,95,23,80,129,39,88,32,26,154,9,82,105,79,75,126,141,115,102,155,65,28,62,7,37,84,97,20,138,64,50,91,120,159,96,73,13,40,140,133,15,100,90,127,116,36,124,137,150,142,135,81,74,59,77,14,94,148,146,16,103,54,31,44,109,145,144,87,131,19,67,45,153,52,93,34,98,4,61,51,2,106,147,58,43,18,21,108,72,160,35,134,6,70,152,57,12,30,46,60,10,55,99,25,113,104,24,125,149,68,83,107,110,76,101,128,8,89,5,157,
0,142,65,155,7,94,133,28,57,126,2,129,113,5,39,125,120,103,143,147,122,132,44,53,79,136,112,40,54,121,91,138,63,42,123,50,68,18,114,58,146,30,101,55,118,152,141,154,33,108,51,127,119,73,151,34,10,21,82,87,158,124,47,117,107,46,109,11,56,105,62,86,130,139,9,19,100,77,110,14,116,29,23,98,99,115,12,41,90,150,72,89,17,61,22,92,96,148,45,35,97,111,88,70,156,84,137,81,149,43,20,16,15,8,128,67,36,104,49,134,76,69,159,13,102,6,52,83,48,24,145,31,37,64,131,95,74,153,26,80,38,85,3,75,32,59,1,135,106,4,78,66,60,25,93,71,27,144,160,157,140,
0,91,36,62,122,131,108,95,21,136,138,83,11,121,126,152,32,51,50,35,70,64,134,40,157,96,31,5,6,106,67,160,45,107,10,130,24,56,105,87,57,26,19,60,12,42,2,148,132,93,156,30,43,16,44,75,58,69,98,123,144,13,3,133,34,9,55,28,135,109,124,118,4,141,72,15,89,153,158,22,111,79,140,159,76,37,81,103,102,127,149,41,115,7,80,59,71,29,65,113,99,145,47,112,20,46,63,52,137,78,97,104,25,116,146,49,85,61,90,92,151,84,94,129,53,100,48,39,150,38,101,17,14,128,125,142,18,88,120,110,77,114,119,82,54,66,68,154,155,8,1,143,74,33,147,27,23,73,139,117,86,
0,23,135,14,61,30,122,106,51,120,33,42,78,43,90,56,17,118,71,32,94,131,75,91,89,138,10,139,126,156,110,37,133,143,114,145,21,157,107,108,158,137,154,44,1,2,3,100,40,80,129,45,57,22,112,52,19,39,125,74,8,130,6,68,26,54,59,4,47,63,159,152,9,96,116,149,99,81,92,34,142,93,160,115,104,103,105,79,155,150,134,73,20,113,24,127,146,147,31,67,48,60,36,70,66,84,77,41,136,87,65,50,141,140,7,119,124,128,16,28,123,38,153,98,132,86,49,97,15,82,12,95,151,117,53,85,29,102,5,76,109,35,18,88,148,62,13,121,72,111,11,64,69,46,144,55,25,58,27,101,83,
0,99,33,144,150,134,31,66,128,47,46,39,42,65,14,18,27,54,53,63,22,51,95,123,127,94,136,2,1,158,40,70,146,74,122,11,37,38,6,111,138,107,91,109,29,151,116,119,21,60,56,7,72,75,12,20,43,131,77,137,3,58,57,152,117,5,79,28,62,50,125,89,100,8,9,52,105,142,101,140,118,32,16,97,55,135,149,103,160,133,17,124,130,59,156,159,85,41,44,92,84,153,4,110,96,113,34,36,26,147,141,90,154,132,10,98,68,83,48,88,71,35,114,129,120,108,86,121,80,73,143,76,87,145,45,24,78,115,139,104,19,69,82,112,93,13,23,30,15,102,49,25,148,155,126,106,64,157,81,61,67,
0,147,141,101,76,130,39,37,158,43,18,139,31,2,109,102,119,58,9,129,12,135,90,11,68,113,107,19,1,114,6,152,157,53,148,85,86,96,131,124,70,42,28,117,54,40,91,14,111,133,97,16,105,136,71,126,7,77,156,140,112,108,132,80,30,89,154,47,22,150,106,65,99,74,52,100,23,50,122,26,13,25,64,4,48,69,142,149,94,10,110,115,34,125,121,95,20,41,144,118,127,116,153,155,82,123,92,138,160,36,137,59,103,27,60,62,17,120,93,35,55,24,63,88,75,15,151,21,78,38,33,83,45,46,159,73,72,66,79,3,67,49,84,32,5,87,128,98,104,146,29,143,8,44,61,145,81,56,51,134,57,
0,159,70,135,14,100,106,158,78,147,48,12,123,88,125,91,69,26,108,118,92,146,22,84,129,67,144,137,18,157,51,121,132,131,75,83,13,127,71,99,145,8,122,87,120,112,101,72,85,130,59,93,41,25,80,153,113,126,68,23,37,154,155,62,66,115,33,90,117,27,1,160,103,73,61,94,42,143,15,11,20,134,151,150,2,64,46,7,141,152,53,39,140,4,109,34,58,116,28,98,29,128,81,49,32,104,60,50,55,107,38,45,102,54,6,52,36,86,89,114,156,111,119,63,148,139,95,77,35,24,138,5,57,3,21,56,19,110,79,44,149,16,82,76,124,31,17,136,74,43,40,96,105,65,9,10,142,47,133,97,30,
0,32,152,155,54,61,30,103,92,117,101,41,74,144,134,126,46,146,132,47,25,91,71,1,21,99,113,115,147,81,100,26,140,34,107,127,78,83,13,5,156,130,96,33,88,18,106,98,102,136,120,58,151,10,27,89,85,79,82,90,23,86,19,154,84,31,121,150,49,72,76,97,51,133,109,9,16,148,29,104,38,137,77,94,149,2,48,43,158,50,14,141,40,139,42,93,39,153,3,75,73,4,60,24,67,118,55,160,119,125,128,63,28,87,36,131,138,95,110,145,35,142,108,143,105,62,114,129,159,44,22,11,135,122,15,56,52,17,45,66,59,20,53,124,112,68,64,8,12,111,123,7,70,37,69,57,65,157,116,6,80,
0,145,142,98,155,8,15,3,104,24,158,65,135,108,18,151,5,110,144,53,55,58,126,9,128,107,138,106,160,156,143,130,16,149,72,79,69,60,103,137,91,48,119,75,17,52,64,14,33,97,146,105,152,4,20,83,71,51,141,63,86,40,148,95,122,43,96,88,37,38,124,147,21,159,131,80,19,139,136,117,115,101,129,84,111,49,76,22,29,45,127,150,54,116,13,112,44,92,34,125,42,123,56,78,77,31,109,28,113,10,27,90,121,46,12,61,118,70,132,36,67,50,100,23,2,68,93,62,157,134,25,59,32,6,82,26,30,85,35,154,133,11,87,7,73,47,74,89,1,81,153,39,120,41,99,94,140,57,66,114,102,
0,62,19,22,117,152,54,159,55,129,51,116,114,7,25,93,1,109,133,142,127,144,148,147,135,141,12,111,20,103,156,110,76,34,73,102,67,145,119,157,143,4,124,146,92,17,95,91,136,100,57,83,27,121,61,113,63,107,74,128,158,36,132,137,33,66,72,131,42,85,29,90,160,9,2,84,43,41,79,126,112,3,47,5,94,69,115,13,40,118,49,37,98,125,88,18,45,21,70,31,138,154,68,56,46,140,75,11,8,6,26,50,96,108,15,58,97,78,39,16,106,89,86,82,53,130,149,60,77,155,139,105,23,28,65,104,153,99,14,87,32,150,80,52,134,151,71,24,48,35,59,101,123,81,122,44,120,10,30,64,38,
0,148,40,77,87,104,115,145,99,159,86,138,113,125,42,136,92,21,57,105,2,53,4,133,7,70,156,123,132,62,114,111,100,14,25,89,120,83,128,60,102,137,150,16,147,72,51,106,12,63,155,10,38,95,50,121,157,71,34,154,81,149,32,8,59,73,118,6,139,160,84,112,24,78,23,48,109,93,143,79,90,153,75,146,124,69,135,97,26,31,68,52,96,54,27,56,3,74,140,122,41,119,129,142,45,80,9,15,19,117,67,130,22,33,30,35,47,98,88,91,127,94,131,55,110,101,29,85,46,11,20,1,126,152,158,17,107,66,116,13,44,61,76,37,18,58,82,141,103,5,65,108,39,36,43,28,134,151,64,144,49,
0,32,34,40,139,130,60,70,115,25,158,41,114,13,75,133,140,84,104,49,143,36,53,15,48,159,80,116,155,18,54,134,9,136,22,57,135,125,6,83,24,107,149,10,11,120,42,105,132,111,90,69,61,62,153,150,145,2,78,44,74,117,56,81,151,8,92,89,95,14,79,26,85,137,88,106,109,113,46,93,33,4,127,35,138,58,142,87,37,96,28,68,112,7,103,20,43,119,72,29,144,66,12,101,51,121,71,31,160,154,16,100,146,59,67,38,55,23,30,124,47,152,141,91,1,17,76,19,65,99,122,50,157,118,21,3,86,156,5,98,52,108,123,63,73,97,82,94,147,129,64,39,77,126,148,110,27,45,128,102,131,
0,142,9,5,69,100,68,20,22,99,15,106,46,59,36,127,80,49,157,102,6,115,61,66,37,111,131,87,145,50,124,130,141,88,84,73,81,149,134,53,34,143,135,116,64,72,117,79,125,35,8,114,7,108,94,55,76,153,27,110,109,31,43,10,119,146,41,71,120,75,89,137,123,133,150,151,12,154,45,48,42,144,91,1,103,158,44,63,101,47,126,18,85,97,86,122,65,74,136,98,17,139,24,4,148,152,118,30,77,51,32,29,56,3,13,54,93,16,28,107,52,67,104,25,19,83,159,33,14,147,2,90,38,105,23,78,112,121,70,140,95,82,138,156,57,113,39,62,128,21,96,11,60,160,132,155,58,40,26,92,129,
0,90,3,151,159,41,11,98,130,45,58,60,38,128,157,16,83,116,131,18,56,136,134,67,34,85,96,118,5,102,79,9,25,94,74,104,64,46,44,75,137,29,71,23,141,132,147,100,57,47,17,135,109,59,37,28,40,39,145,31,123,97,76,149,122,52,42,88,69,133,7,50,53,125,33,155,80,26,73,95,101,144,160,4,138,105,65,77,70,154,84,15,35,127,24,139,19,153,86,140,30,124,150,1,108,13,89,110,27,43,113,92,66,51,146,106,107,121,156,32,111,6,62,115,158,68,152,143,93,103,81,55,61,126,63,142,119,20,148,117,54,2,120,129,72,82,14,87,12,8,48,114,36,49,91,99,21,10,22,112,78,
0,127,137,87,108,101,107,135,1,90,25,148,119,26,83,29,31,145,130,152,74,68,134,94,3,124,105,147,59,86,131,97,122,71,23,30,141,150,15,151,46,93,62,65,17,95,123,48,70,110,133,49,50,102,20,79,104,39,156,92,80,55,12,7,72,146,22,38,99,45,60,51,120,142,138,43,14,155,44,66,103,121,129,13,160,63,132,118,34,85,91,24,4,73,69,16,67,5,82,54,33,8,98,84,88,154,143,35,96,144,47,18,37,159,89,36,52,157,56,116,149,9,111,2,77,153,10,106,58,53,27,113,32,40,109,112,100,21,41,28,158,115,75,128,140,117,114,136,76,19,42,11,6,61,81,64,125,139,126,57,78,
0,87,65,126,23,84,66,24,100,101,95,145,98,137,8,83,33,99,26,117,61,144,110,85,135,5,40,44,60,136,17,79,112,160,107,63,89,103,82,102,93,92,152,113,130,12,9,42,53,74,142,159,128,18,116,114,13,134,30,25,57,96,1,146,73,4,48,147,118,86,77,32,29,11,132,138,36,15,81,91,104,62,90,22,50,139,154,121,27,64,88,38,151,7,14,47,52,2,97,131,54,56,105,125,31,37,69,41,123,70,155,16,150,158,157,156,109,19,49,119,115,127,67,34,108,75,71,94,148,129,51,111,20,72,59,140,149,153,46,6,143,80,122,45,21,106,68,76,3,55,78,58,35,124,39,141,120,28,43,133,10,
0,120,63,71,159,119,129,110,122,25,154,48,75,35,98,37,126,61,104,143,147,144,73,155,123,5,111,24,94,114,158,76,152,118,20,60,12,10,138,59,117,81,108,31,100,87,85,102,95,70,121,52,11,58,82,38,22,90,131,32,97,2,134,39,86,42,112,149,41,125,62,107,113,146,23,84,74,69,105,83,40,140,115,109,78,1,7,65,130,54,160,145,6,57,66,68,79,51,18,36,127,153,157,55,116,64,8,133,141,26,44,53,72,128,103,92,14,46,43,45,77,88,136,93,148,15,139,135,132,67,3,124,91,21,27,33,47,106,30,96,49,151,28,4,29,17,19,142,9,99,156,80,34,50,137,89,16,56,13,150,101,
0,38,81,100,101,120,136,66,110,72,8,61,108,83,54,142,137,34,70,9,132,11,71,107,111,60,113,74,28,59,97,148,67,64,33,5,57,55,84,58,43,144,95,53,3,31,80,69,116,127,104,76,149,22,122,2,73,27,133,13,138,16,63,135,90,32,139,145,109,152,46,121,130,154,93,82,103,141,24,48,23,156,47,75,19,105,30,140,118,1,92,115,160,123,68,125,94,26,147,44,112,114,86,36,56,128,146,79,106,35,49,158,129,131,51,17,85,20,77,37,41,153,29,14,15,119,124,4,7,155,45,65,126,78,18,89,134,143,99,96,52,117,62,21,88,39,40,98,151,102,157,50,150,10,87,6,12,42,25,91,159,
0,132,115,102,63,60,27,124,76,21,146,14,49,119,139,156,33,41,47,87,91,5,39,43,34,44,66,108,148,25,110,84,109,50,45,160,56,13,37,142,2,46,90,159,123,113,55,9,77,147,151,129,70,79,116,98,51,69,35,81,16,40,133,126,54,38,48,52,101,134,71,114,158,117,85,99,141,62,28,75,32,7,4,30,104,36,138,111,100,128,155,140,8,127,97,19,89,57,144,15,3,93,23,96,53,68,137,17,82,67,24,10,136,78,103,135,6,107,121,112,105,65,150,11,73,120,31,154,152,125,88,80,118,29,12,20,94,74,130,149,72,59,61,58,26,153,143,86,122,22,18,157,42,145,131,92,95,1,83,64,106,
0,110,136,8,147,135,67,33,129,86,150,22,29,98,44,111,7,12,149,1,151,55,83,91,139,85,137,34,61,75,66,80,99,122,72,157,134,31,24,18,89,82,96,50,144,68,128,132,141,106,76,25,4,109,152,92,63,123,105,77,130,57,156,35,159,121,20,42,10,9,90,27,87,5,142,21,160,13,73,47,38,102,140,56,88,45,28,69,112,23,71,117,60,36,116,59,158,125,58,95,113,65,2,97,32,11,108,6,41,146,155,81,49,154,37,114,115,153,46,48,133,107,94,131,126,119,143,148,17,84,52,103,124,101,54,51,118,26,53,43,93,64,127,3,70,14,39,16,145,104,19,40,100,120,15,138,30,79,62,78,74,
0,159,62,157,138,22,29,54,21,140,64,133,75,27,142,74,153,106,87,143,135,110,113,134,119,97,141,66,59,43,8,9,127,144,1,115,72,158,53,151,42,4,76,47,84,5,11,58,34,148,39,61,57,150,126,26,13,101,79,30,16,77,67,93,105,3,56,44,122,146,80,130,116,117,68,100,111,45,48,36,154,71,50,112,41,96,124,137,98,2,25,120,35,104,145,155,88,90,99,85,18,152,139,86,121,31,73,69,108,24,63,94,15,91,7,12,156,14,89,132,70,6,78,147,60,65,52,82,114,109,33,128,118,55,19,129,46,102,107,103,20,23,95,136,49,28,131,83,51,123,92,10,17,32,81,160,37,38,149,125,40,
0,124,87,122,22,60,123,153,111,55,34,6,68,95,133,73,117,61,38,109,26,83,149,107,70,23,145,115,77,125,127,94,150,2,10,14,79,154,28,43,31,98,85,78,47,76,113,103,136,17,135,96,57,62,64,71,39,88,16,151,12,7,80,105,106,91,48,81,137,132,104,21,41,74,97,63,101,13,49,89,157,27,108,35,139,67,143,147,118,59,131,50,15,129,56,72,112,46,42,160,44,128,121,159,140,58,20,36,155,33,9,82,30,69,158,54,8,148,141,126,1,53,18,51,120,90,3,19,45,142,11,99,32,110,40,75,152,4,144,114,52,37,29,66,138,65,146,93,24,156,86,102,134,130,116,92,84,25,5,100,119,
0,5,93,107,7,120,98,150,73,66,24,137,33,159,84,31,149,25,13,146,55,41,145,147,91,118,86,26,50,133,57,54,44,38,6,10,135,74,52,17,30,80,82,60,59,43,18,85,48,139,101,58,152,106,3,114,112,8,87,128,136,123,109,35,116,69,70,89,103,2,19,56,4,64,140,154,90,113,9,130,138,131,142,72,111,121,34,119,105,14,102,104,49,158,144,117,92,21,62,47,134,143,51,126,83,94,129,95,148,100,15,78,75,27,45,53,81,77,141,29,115,127,65,155,99,71,32,20,63,61,125,122,37,22,36,153,157,40,76,42,67,124,88,160,11,16,28,96,97,110,132,39,79,156,46,108,68,23,151,1,12,
0,21,63,7,115,78,89,64,155,117,22,113,25,53,20,48,16,124,51,116,82,160,110,142,81,40,127,122,134,131,45,33,136,105,108,140,137,59,149,106,68,46,152,49,112,146,10,120,77,34,39,30,125,12,27,52,107,70,88,86,61,32,103,135,153,3,4,62,58,38,96,157,92,15,121,97,114,41,98,154,2,101,54,118,37,147,17,31,13,67,85,156,43,99,90,24,11,73,55,109,83,141,123,102,75,18,23,144,84,66,111,119,28,143,129,44,148,130,8,94,47,57,133,69,60,6,36,100,95,26,56,151,150,139,145,14,65,104,71,42,29,91,159,1,19,138,72,50,79,76,158,93,87,9,80,5,126,128,35,74,132,
0,67,47,96,125,11,113,28,95,3,138,60,43,44,12,70,79,62,19,68,146,16,55,114,41,10,115,26,132,105,54,8,157,129,23,142,118,150,9,91,18,15,86,109,116,120,127,83,112,31,64,51,90,97,128,156,80,155,126,139,111,29,72,32,39,34,159,137,6,158,46,149,53,57,48,134,94,69,122,78,37,100,160,65,50,73,108,121,76,7,143,13,1,107,5,27,153,99,101,21,71,110,117,119,123,151,74,75,14,66,98,124,130,154,56,131,17,144,152,30,89,77,148,88,93,92,58,63,35,102,145,52,59,42,135,133,104,20,4,38,45,49,61,147,106,87,33,82,136,24,103,22,85,81,36,84,40,25,141,140,2,
0,11,17,8,30,131,62,102,130,158,133,27,142,147,141,51,16,58,3,55,160,135,53,29,69,112,57,73,52,120,80,5,83,70,103,123,87,59,148,21,34,127,98,94,6,143,106,39,116,61,64,149,47,31,119,159,125,26,107,46,18,155,72,105,134,138,152,19,137,35,78,110,124,24,71,76,146,7,96,153,93,42,13,66,25,157,23,50,85,33,81,36,115,9,41,114,89,2,20,117,84,43,88,91,48,68,77,28,40,44,75,45,56,92,4,37,90,132,109,63,32,79,74,54,101,144,97,65,15,60,151,108,118,154,14,126,128,150,99,111,145,49,1,95,86,38,156,113,67,129,139,121,122,100,104,22,10,12,82,140,136,
0,38,73,135,57,120,48,109,113,56,40,2,121,22,63,133,37,90,5,59,44,101,1,77,112,21,58,71,66,36,107,85,118,4,15,119,13,27,160,116,34,150,155,141,6,136,106,23,86,159,81,142,94,99,30,16,35,144,146,72,62,111,60,11,64,148,41,74,8,151,125,3,153,97,33,143,69,154,115,49,98,53,92,128,17,88,14,39,91,103,83,75,7,43,147,127,105,110,70,117,76,84,54,87,156,47,96,145,100,89,93,12,9,95,129,29,42,131,82,157,10,31,28,122,104,108,50,130,65,78,158,149,139,79,18,51,67,26,152,132,19,134,46,126,114,61,124,45,25,32,102,140,80,24,138,55,20,137,68,52,123,
0,69,63,54,105,71,14,137,123,120,73,126,8,145,82,3,128,39,122,124,26,40,81,33,20,6,47,108,19,78,94,111,121,41,143,152,11,83,68,101,79,51,46,25,95,91,129,44,36,72,27,119,42,157,75,151,156,103,13,93,130,88,45,15,104,17,131,43,28,49,127,57,31,144,66,100,150,74,133,55,141,1,2,136,96,5,106,142,23,138,146,158,80,37,139,9,70,159,85,87,154,153,56,22,30,60,112,116,4,7,64,109,48,134,125,52,102,135,53,67,155,118,12,18,84,16,59,90,77,115,35,86,89,34,110,62,97,50,160,98,107,24,32,10,99,117,132,29,149,21,58,65,114,147,76,38,61,140,148,113,92,
0,18,22,5,154,68,151,149,99,62,116,35,123,120,48,27,36,13,32,59,141,51,112,65,50,147,90,52,89,81,131,142,109,156,86,12,25,67,42,19,38,64,136,2,133,115,143,16,7,56,95,100,127,41,138,129,78,88,105,61,73,106,10,128,26,104,23,124,134,40,146,139,60,1,28,44,83,94,9,24,84,121,4,160,14,57,110,75,17,158,74,39,54,37,79,33,82,76,63,103,126,150,21,70,132,87,80,148,111,85,119,108,144,140,58,43,101,102,113,31,55,15,125,69,30,20,66,11,97,137,96,29,53,46,114,155,71,3,91,93,117,6,8,130,72,152,98,118,92,107,135,47,77,159,122,34,145,157,45,153,49,
0,91,30,31,100,107,127,95,39,113,10,46,143,133,67,87,9,128,94,37,123,84,47,103,40,88,43,17,32,69,154,106,71,18,61,115,92,2,134,112,23,97,156,86,130,124,139,141,122,117,82,12,110,19,90,132,5,8,65,1,150,48,81,111,108,36,148,137,34,152,58,68,155,98,51,79,53,138,120,78,151,135,25,15,72,7,104,159,50,109,29,146,20,93,85,75,21,33,118,116,45,59,140,42,114,66,76,52,24,129,3,62,60,105,6,77,149,145,102,136,74,126,153,13,28,35,125,56,14,27,64,96,80,41,16,158,101,157,160,11,49,119,54,22,83,26,38,73,4,55,63,131,142,99,121,89,44,70,144,57,147,
0,10,101,112,83,65,40,67,82,31,22,122,140,79,59,154,123,42,56,90,71,139,98,51,109,37,69,70,66,92,2,159,132,47,150,53,21,105,130,117,131,52,133,110,5,57,148,13,155,46,153,20,78,125,86,25,118,4,62,12,63,16,124,28,33,108,85,102,19,94,8,137,104,144,111,93,136,157,27,35,50,45,34,121,43,103,9,60,120,6,24,36,77,49,100,68,76,48,106,1,14,3,152,96,160,147,127,89,91,141,73,54,97,156,113,11,61,128,64,114,116,17,74,138,135,134,87,26,29,41,39,95,75,107,58,80,119,143,55,84,149,88,18,142,30,158,126,32,81,145,72,7,15,151,115,38,99,129,23,44,146,
0,29,117,13,86,158,40,20,24,116,148,88,156,56,100,73,81,106,145,69,30,77,48,52,39,84,90,94,137,89,124,104,131,99,119,61,97,72,50,54,43,141,101,59,23,2,154,126,122,120,150,31,55,102,111,65,53,155,51,135,16,19,34,76,108,71,7,109,45,82,118,103,134,80,42,63,14,130,22,62,57,21,136,153,68,15,28,38,44,144,78,123,33,25,26,70,140,133,32,93,5,46,91,49,27,149,157,92,98,3,85,142,107,58,60,17,1,113,138,128,74,95,35,36,87,41,79,129,83,18,152,151,11,96,159,127,47,37,115,121,4,6,139,64,105,147,75,146,112,143,12,132,67,160,8,114,10,125,110,66,9,
0,74,113,131,30,108,119,8,86,135,60,20,5,10,56,114,62,102,97,151,29,25,136,83,46,144,143,90,146,137,152,53,55,21,66,44,127,13,1,73,133,111,123,129,40,4,18,85,106,42,68,121,52,84,75,140,155,134,67,80,12,26,159,120,103,105,82,58,147,65,70,19,89,81,101,57,37,17,2,50,115,110,9,48,99,45,117,31,3,38,154,139,112,156,79,11,34,76,93,41,77,47,96,148,92,130,132,27,33,126,118,59,51,122,72,116,141,54,35,14,109,149,100,145,49,104,125,128,24,71,6,94,87,158,64,138,88,39,23,157,43,124,150,16,142,78,32,7,160,15,107,153,61,63,98,69,91,36,95,28,22,
0,44,130,2,76,48,115,137,46,111,142,81,64,4,139,108,19,39,35,129,11,119,30,5,91,145,150,118,14,59,17,109,54,85,51,63,32,53,141,86,24,47,123,21,160,105,121,155,97,87,74,73,124,147,149,55,61,41,65,106,26,9,50,7,122,20,103,96,38,95,75,13,143,27,6,43,152,36,1,107,77,8,42,131,126,154,29,37,40,69,112,34,151,120,16,45,23,153,140,110,31,113,157,132,125,93,127,82,136,135,146,60,98,56,88,99,90,71,156,57,133,104,117,158,68,12,79,33,28,10,148,102,128,114,72,92,94,70,67,52,15,66,84,18,58,134,100,159,116,144,25,62,80,78,83,3,49,138,89,22,101,
0,147,108,15,18,130,53,102,85,84,151,94,132,86,33,70,12,111,114,154,152,138,155,64,36,159,1,124,24,34,8,126,63,19,61,89,2,87,144,39,6,66,46,79,160,30,52,131,68,81,137,35,28,101,14,118,37,149,31,158,153,47,107,69,50,23,157,76,75,65,78,128,139,80,25,57,55,109,115,82,48,105,10,135,106,72,7,120,99,140,49,156,146,58,103,145,26,92,104,20,83,44,11,98,150,43,88,4,60,16,77,142,110,17,125,134,121,133,148,29,40,3,100,59,141,122,38,93,71,117,112,41,136,113,129,67,62,123,95,56,32,54,22,5,127,116,91,42,143,9,96,51,73,21,74,27,90,97,119,13,45,
0,4,134,155,131,8,66,146,148,64,30,45,32,150,111,47,16,122,2,92,102,22,88,38,117,69,53,81,48,73,76,158,77,105,78,49,97,65,31,91,120,20,6,37,74,68,13,107,62,103,35,46,132,3,75,115,110,119,143,145,129,153,85,56,79,63,149,83,96,71,128,39,29,67,144,95,10,152,80,159,130,54,7,60,151,59,124,141,86,36,114,87,52,125,82,23,109,40,160,156,14,137,100,24,154,21,90,126,26,104,106,11,27,157,98,99,116,89,142,93,135,41,72,123,19,94,12,15,133,25,55,112,50,33,42,57,1,17,51,70,43,28,101,84,5,127,118,44,18,9,34,140,138,113,139,147,108,58,136,121,61,
0,27,95,60,13,137,36,58,100,22,5,31,125,84,43,86,41,103,30,65,127,129,44,85,74,62,150,152,10,114,2,49,146,14,94,19,33,53,52,96,45,157,113,82,34,151,135,110,115,1,50,120,28,140,12,20,87,105,15,17,104,77,39,123,131,70,67,156,97,101,26,93,159,54,155,68,72,117,81,158,111,92,25,145,66,69,154,134,29,38,108,73,61,55,7,139,48,51,128,107,116,90,141,89,119,8,88,98,76,42,136,138,132,133,149,160,75,78,122,4,112,153,118,37,23,35,3,59,56,148,99,121,102,46,124,71,109,18,32,24,40,126,6,80,144,91,64,21,57,9,106,16,143,63,142,79,83,47,11,147,130,
0,116,7,56,144,143,65,54,84,67,109,96,83,66,89,150,5,88,1,159,73,3,141,97,105,2,69,107,36,120,47,51,34,98,20,79,127,153,154,157,114,87,101,147,39,70,151,142,102,38,58,61,156,118,43,117,57,80,86,59,49,155,21,99,30,149,145,76,31,93,115,158,138,45,68,133,62,10,52,140,126,124,123,24,160,134,110,64,16,112,25,104,82,139,4,33,131,27,100,50,14,71,17,122,146,9,13,26,77,113,135,121,85,29,94,81,44,90,48,119,42,41,28,15,35,129,11,152,132,75,18,55,53,95,136,12,125,22,137,74,32,46,60,78,91,19,148,72,40,111,6,63,128,37,108,8,106,103,130,23,92,
0,3,67,25,21,36,35,2,145,59,54,96,66,110,73,156,76,81,40,137,107,148,139,149,64,106,68,61,133,143,126,26,82,33,13,70,56,39,138,142,129,69,88,23,155,41,116,62,78,104,57,55,132,153,112,94,14,19,160,122,37,120,38,141,9,16,105,47,130,128,52,100,77,131,30,102,136,109,44,27,125,135,117,97,121,49,93,152,144,101,8,11,6,111,20,146,7,103,45,58,42,51,80,75,60,71,140,5,84,127,50,123,113,99,63,24,147,1,114,18,12,72,31,134,86,74,157,154,151,32,46,158,53,10,43,17,91,83,15,48,108,79,90,34,118,65,4,150,124,89,115,22,159,95,29,98,92,28,87,119,85,
0,106,102,47,104,56,152,80,41,17,45,62,155,156,149,140,40,148,50,6,78,107,26,144,70,124,157,105,29,74,54,55,120,49,132,12,126,143,160,42,97,145,59,9,73,11,52,121,134,85,7,36,115,103,94,86,30,20,69,65,68,116,77,43,151,37,154,25,51,139,99,130,66,146,109,8,93,131,138,83,122,118,108,142,71,67,46,28,129,112,22,33,101,44,53,34,15,91,72,2,90,81,13,31,96,75,57,150,14,153,88,119,92,135,48,61,133,117,127,10,38,5,76,111,27,136,141,23,110,87,159,3,79,113,128,21,123,64,100,24,89,18,114,158,84,39,58,98,63,35,16,4,125,95,32,137,147,60,1,82,19,
0,34,23,138,38,94,127,74,24,106,115,145,20,141,69,13,1,158,61,56,125,89,86,88,50,90,53,62,122,36,156,12,85,149,54,135,116,73,142,33,146,118,144,119,43,22,80,147,3,153,11,26,129,121,155,137,81,46,27,123,160,159,104,92,131,98,101,15,5,91,140,84,99,59,76,114,58,39,40,9,136,83,103,139,93,100,96,124,67,44,109,105,151,113,52,68,130,31,71,10,150,17,70,2,25,157,152,64,117,14,132,87,66,77,45,18,29,143,55,48,128,107,95,63,79,102,37,4,126,16,133,32,154,47,110,78,49,51,112,21,35,75,57,28,97,41,148,60,6,134,65,108,42,7,30,19,111,72,120,82,8,
0,4,151,23,42,87,100,109,116,60,111,145,112,90,32,95,110,92,43,83,44,54,66,46,160,147,68,89,56,79,94,157,63,114,76,65,99,105,61,136,64,122,118,149,17,77,16,124,101,155,146,71,127,29,39,1,135,25,62,139,67,15,34,129,55,45,84,106,27,2,74,120,69,21,150,50,28,128,7,12,96,140,85,81,156,58,117,121,33,24,19,22,153,47,40,133,5,159,103,115,41,126,30,80,148,49,14,26,57,73,143,123,10,35,104,36,9,142,53,125,48,59,11,97,3,141,108,37,107,134,113,93,13,88,78,152,52,137,158,132,20,18,102,91,86,98,154,8,31,130,51,38,119,138,144,70,131,75,82,72,6,
0,59,155,160,154,138,58,30,43,8,16,136,129,14,103,100,37,15,40,148,146,93,65,38,29,107,6,114,149,128,96,27,26,79,141,35,116,68,140,52,106,42,4,28,41,159,75,109,64,62,1,105,77,125,20,31,69,87,132,112,144,76,12,61,84,151,145,63,90,134,158,74,7,70,147,131,19,13,115,49,117,82,152,121,51,73,143,23,80,10,25,137,86,122,102,11,118,130,67,127,47,21,157,108,81,71,2,89,33,110,55,91,135,153,72,124,150,95,66,113,142,85,123,32,104,48,139,97,111,120,54,88,94,45,57,17,46,5,101,156,133,53,39,24,50,56,18,60,126,22,36,34,98,44,78,9,92,83,99,3,119,
0,132,95,136,131,54,60,55,121,153,1,74,29,20,37,115,78,44,56,6,46,68,128,100,103,107,99,101,77,7,63,151,118,88,26,106,80,86,39,57,117,91,64,69,75,35,122,76,3,41,15,50,65,13,33,137,93,135,42,152,146,92,40,51,66,120,119,157,89,34,18,149,30,102,123,22,125,138,90,48,133,10,85,113,150,43,83,71,81,16,25,156,144,139,9,28,109,59,23,140,126,49,8,129,32,36,73,127,116,12,21,159,145,134,160,62,70,31,52,142,84,5,154,110,94,38,82,105,155,108,87,58,112,4,104,148,130,143,96,2,158,61,24,114,67,124,79,111,98,72,19,141,17,47,147,53,27,14,11,45,97,
0,140,76,48,25,11,42,159,40,144,75,41,117,148,104,134,149,100,119,9,4,14,18,73,150,72,158,91,13,128,31,151,80,129,83,15,23,60,69,53,106,123,114,35,67,6,133,102,137,52,135,61,107,153,157,89,132,68,24,112,29,95,160,16,64,38,145,94,118,136,138,82,33,141,122,155,130,3,77,146,65,49,19,142,124,86,26,93,87,110,57,79,21,37,97,7,45,8,30,27,154,111,78,43,28,58,54,71,85,17,115,109,81,62,101,5,131,59,143,96,44,121,39,51,127,34,88,50,126,1,32,2,46,103,84,152,56,70,125,55,139,47,113,10,12,63,20,92,108,36,105,116,99,22,156,90,98,120,74,66,147,
0,128,100,60,7,16,121,82,134,37,59,78,159,54,28,63,150,109,91,86,119,22,131,67,33,153,36,132,74,102,32,129,114,38,144,85,111,9,47,142,151,136,145,14,75,137,156,72,118,68,112,140,124,26,56,52,17,160,117,30,90,139,31,106,152,18,115,105,5,46,84,141,57,73,103,2,42,99,45,135,70,80,89,62,27,88,51,23,158,126,130,76,116,40,29,1,155,93,149,69,138,133,13,148,104,55,122,49,15,50,101,66,157,125,143,10,127,19,48,108,4,83,53,44,146,61,98,110,113,25,92,65,94,123,41,34,71,35,95,147,79,39,11,120,21,20,58,154,6,8,97,3,43,24,96,77,87,12,81,107,64,
0,126,116,83,77,24,10,2,92,37,66,55,131,54,26,58,124,109,89,42,98,17,86,130,121,115,18,113,97,20,50,69,107,28,3,96,73,74,82,25,142,39,32,78,52,137,79,67,103,29,13,151,81,141,91,11,143,21,122,159,108,64,157,88,51,68,112,146,155,45,76,156,119,152,133,7,62,132,99,93,117,139,85,65,102,148,94,110,135,118,106,87,138,145,127,41,75,48,31,150,14,114,57,27,22,63,153,46,84,129,111,105,44,47,95,140,12,144,23,59,128,15,60,30,72,120,43,134,5,8,16,49,6,70,71,90,40,4,147,38,100,35,136,125,36,149,1,160,56,61,123,101,34,158,154,9,104,80,33,19,53,
0,49,111,11,127,104,23,48,147,5,99,34,88,153,110,14,21,101,87,151,65,126,131,149,119,159,140,38,1,51,9,103,55,32,80,85,31,57,3,148,78,40,43,2,15,158,107,108,29,135,141,19,76,72,39,66,122,132,18,37,155,143,154,26,36,89,90,146,82,74,61,58,71,100,93,70,63,112,46,86,42,92,20,53,22,60,121,67,152,96,133,84,102,27,6,160,41,16,120,44,97,24,139,81,128,64,145,117,116,12,54,50,156,79,7,28,113,52,114,118,136,83,109,134,150,77,138,75,98,125,13,157,30,106,105,45,47,130,95,33,73,56,8,4,115,129,10,59,123,144,68,94,137,91,124,17,25,35,69,142,62,
0,119,78,79,39,8,100,21,14,154,149,58,95,94,152,126,132,89,121,33,32,107,75,117,160,27,31,150,57,158,133,16,118,53,71,37,108,140,91,63,69,137,34,76,130,68,151,128,85,155,55,80,10,15,120,4,2,67,50,36,82,159,86,105,131,103,113,83,6,30,48,90,70,5,1,44,74,102,96,143,7,54,40,3,29,114,11,115,42,129,84,64,17,99,135,92,45,109,111,26,12,9,144,136,142,139,60,156,28,49,46,88,122,62,20,93,134,59,19,43,56,153,127,47,25,65,98,148,24,77,147,41,38,145,66,87,146,13,22,73,72,141,18,116,124,106,101,52,123,97,61,125,35,51,157,81,23,104,112,110,138,
0,39,32,16,144,38,114,34,8,109,27,138,151,141,81,158,129,7,97,55,155,72,69,95,66,150,91,3,157,22,92,41,79,134,45,120,75,140,1,65,100,78,156,59,18,36,21,147,43,122,146,104,28,137,93,6,136,111,52,5,90,67,51,84,14,24,119,26,10,76,133,2,99,117,88,126,139,46,20,11,63,113,103,35,160,131,94,77,54,143,57,148,105,116,149,132,37,9,98,118,15,31,47,19,58,96,121,135,127,61,30,49,40,70,23,87,13,153,115,64,125,60,83,29,102,130,123,68,159,124,25,101,73,71,44,62,145,74,89,12,80,53,142,48,4,82,112,50,154,110,85,152,33,86,108,56,106,17,42,107,128,
0,139,55,113,143,75,59,159,155,2,137,125,104,151,20,90,63,158,78,23,72,118,31,107,153,145,100,142,70,66,117,64,138,11,102,57,26,122,52,50,56,132,6,54,32,53,112,156,147,101,94,119,80,109,22,97,124,135,146,62,49,160,4,111,148,123,5,42,81,129,15,116,74,3,141,157,8,61,16,33,106,108,152,27,40,150,44,154,136,133,14,58,17,95,103,51,85,89,92,19,76,36,99,35,28,84,121,29,9,41,88,114,110,47,93,65,10,105,48,46,120,73,37,127,144,30,134,98,1,13,83,140,128,67,21,38,60,86,18,71,130,87,69,115,131,68,126,34,79,43,77,82,91,45,39,149,12,96,25,7,24,
0,152,72,138,112,49,129,92,137,2,23,62,24,39,46,10,14,126,16,109,149,3,159,6,1,57,100,52,122,144,93,148,141,115,99,59,81,41,83,7,111,95,118,142,61,60,154,48,5,40,36,87,136,45,120,55,17,127,85,107,119,151,31,130,116,124,77,73,47,143,80,43,110,26,160,33,69,117,42,4,70,104,63,145,94,157,56,9,98,11,121,125,97,153,34,147,22,113,156,155,68,19,38,74,64,32,146,135,131,106,128,150,79,51,54,158,89,123,58,12,53,13,88,102,91,15,67,84,96,105,8,20,65,30,76,108,25,90,78,82,71,37,132,21,86,29,114,139,134,27,66,44,18,101,75,133,103,35,140,28,50,
0,111,137,14,131,140,46,112,160,59,125,138,77,159,155,128,149,123,109,85,58,113,130,121,95,153,13,110,108,10,90,40,4,119,35,6,122,34,67,73,36,152,57,84,61,17,86,41,100,150,51,65,69,102,136,81,132,142,72,16,37,9,106,80,60,97,124,134,55,64,94,33,66,157,74,148,147,50,107,115,25,43,78,71,96,79,11,103,93,22,68,146,158,82,129,32,18,92,139,7,87,91,62,42,19,23,1,49,5,118,141,20,48,75,76,21,56,143,98,12,52,105,101,114,104,27,30,126,38,3,2,99,26,15,45,156,89,70,31,28,117,53,63,145,135,154,24,144,8,120,127,151,88,39,29,54,116,47,44,133,83,
0,15,130,67,113,81,150,4,96,105,103,64,57,148,139,30,156,38,35,149,25,80,54,60,22,5,111,107,82,8,83,91,146,118,95,61,65,131,13,39,116,26,127,24,53,120,45,122,110,159,128,136,92,46,33,20,134,12,69,108,99,47,152,101,133,87,142,72,52,36,7,2,124,97,62,115,100,84,85,29,79,68,51,147,34,160,89,106,31,59,132,119,123,112,144,11,135,94,117,43,28,76,78,18,143,6,17,145,50,158,56,157,49,88,154,109,93,10,3,1,14,21,63,27,32,155,104,86,70,74,58,126,153,140,75,137,48,90,41,55,40,66,71,44,102,151,19,129,42,23,9,121,125,138,141,16,114,37,73,98,77,
0,5,120,56,141,59,33,35,84,119,60,148,2,117,96,36,153,58,97,105,68,101,136,42,53,89,39,76,24,151,154,23,17,38,85,45,34,70,28,110,37,145,65,87,125,25,10,32,66,156,90,157,77,47,72,83,14,54,82,149,20,78,103,74,158,124,104,7,30,137,139,100,46,134,99,44,123,152,52,94,114,43,140,64,11,118,71,112,107,155,9,111,113,147,57,50,144,88,86,12,51,26,8,159,49,129,109,160,21,115,93,41,61,133,81,22,106,63,126,67,29,6,80,73,128,130,1,19,18,122,15,132,31,27,92,142,13,116,75,135,108,55,69,143,121,138,95,4,91,3,48,131,16,40,98,150,146,102,62,127,79,
0,100,142,128,53,94,8,115,64,78,150,1,74,21,113,118,23,41,156,98,63,47,16,144,13,103,31,44,152,148,132,14,106,96,43,114,62,65,33,126,159,89,123,26,27,87,58,108,92,2,20,125,91,121,137,12,95,140,145,35,57,157,153,120,60,129,40,66,15,83,4,160,147,45,141,17,93,68,151,10,75,109,36,72,24,50,146,37,81,82,19,99,11,139,110,112,134,59,84,28,48,30,61,90,3,102,46,39,69,154,25,104,116,55,77,143,136,85,6,111,107,122,76,49,52,124,22,117,42,73,67,155,38,130,29,158,18,80,101,138,97,70,32,71,133,51,5,86,34,7,56,135,54,105,88,79,149,127,9,119,131,
0,145,6,80,24,84,139,29,28,101,66,133,34,10,13,148,131,150,112,114,158,14,121,87,64,68,144,62,36,79,111,1,76,20,123,136,85,15,146,74,44,48,47,159,46,55,120,2,83,26,122,16,117,31,9,160,90,88,106,103,75,129,105,40,3,152,102,58,82,7,67,23,53,97,17,50,22,12,141,56,81,96,78,37,149,89,154,4,8,142,49,21,41,91,132,99,107,11,51,104,39,27,143,151,130,25,135,125,134,65,140,93,73,109,60,116,124,95,59,147,94,71,38,19,92,100,33,128,57,43,156,70,61,110,30,35,72,119,127,98,155,157,137,86,18,153,63,42,77,54,5,52,108,69,126,118,32,45,138,113,115,
0,102,104,84,72,44,80,7,22,19,158,137,90,79,92,94,82,119,43,143,32,59,74,28,4,122,3,11,45,29,37,17,88,155,1,147,78,89,25,124,95,54,132,26,97,130,83,38,81,144,107,10,127,160,157,63,36,24,142,135,9,76,16,50,14,46,31,69,20,151,70,39,65,12,71,159,66,93,2,117,146,140,68,112,5,153,154,57,85,106,125,145,113,62,99,128,87,133,98,103,121,139,34,35,30,41,150,118,75,138,55,49,52,61,152,114,129,8,58,77,6,86,120,64,51,23,108,156,109,48,123,56,136,101,47,105,60,111,67,53,18,13,96,126,116,27,73,141,21,91,134,110,100,42,149,115,40,33,15,131,148,
0,74,28,26,81,69,38,109,72,50,18,60,147,88,99,125,61,104,7,153,156,121,70,36,114,123,93,144,19,27,64,150,39,124,84,6,111,65,42,112,78,5,63,86,79,154,89,55,12,138,33,30,54,90,92,25,23,3,148,71,46,120,110,29,160,130,116,22,136,137,83,68,155,1,4,11,122,56,45,140,105,94,66,134,103,62,133,152,9,34,40,48,13,97,158,2,143,106,139,47,10,52,58,100,31,14,75,77,85,35,67,151,132,102,98,118,21,76,119,126,95,24,59,157,127,87,51,159,41,16,96,128,91,149,135,44,108,57,8,73,113,115,82,146,49,142,53,17,141,15,80,37,32,117,145,107,131,20,129,101,43,
0,45,94,149,23,29,75,103,6,143,40,8,136,108,10,47,125,82,95,144,12,109,53,32,126,98,26,84,18,54,58,148,130,156,158,59,48,105,15,14,38,76,110,135,73,11,97,66,3,1,127,155,145,151,80,63,57,116,17,2,33,124,117,104,67,21,91,122,138,24,134,52,83,41,123,7,9,99,88,37,69,159,86,121,112,4,113,64,74,89,114,20,19,129,160,120,42,79,49,85,150,60,65,51,46,56,68,50,5,131,142,22,77,39,146,27,154,61,43,81,157,147,128,13,140,71,34,152,90,115,78,133,31,28,119,106,16,25,100,35,107,93,102,141,111,96,153,70,139,87,62,92,55,137,118,36,30,101,72,44,132,
0,137,38,2,58,77,64,4,68,123,14,97,81,61,108,102,41,116,154,60,99,30,145,114,128,48,121,62,152,80,37,45,44,78,107,126,40,156,143,39,32,23,138,141,79,82,119,34,59,89,66,67,113,111,120,51,53,63,155,65,10,19,160,20,130,85,15,17,127,103,69,1,18,159,139,28,76,24,129,36,95,150,11,146,86,132,147,8,74,118,47,106,27,50,71,90,87,151,148,22,73,13,144,43,131,105,83,112,158,12,115,94,153,101,29,25,70,31,157,125,42,93,124,33,104,109,3,7,140,100,135,122,98,72,21,149,110,84,55,57,5,91,16,9,96,49,117,134,133,142,136,56,88,52,26,35,92,54,75,6,46,
0,111,143,104,45,113,146,34,52,15,86,131,59,142,71,160,28,120,135,133,73,13,74,57,17,56,107,153,84,127,89,140,37,75,157,61,41,24,78,64,128,76,137,49,2,97,3,21,158,87,105,12,118,69,81,18,60,103,43,33,141,36,100,66,145,31,62,101,109,39,6,14,63,54,50,126,106,155,19,42,112,9,7,115,77,99,129,136,123,154,22,98,29,40,70,150,53,79,20,47,132,72,4,32,138,93,80,152,65,122,148,16,119,114,90,92,156,11,10,130,125,117,85,5,121,102,26,51,67,46,48,38,35,94,151,30,23,55,25,1,139,95,110,108,27,8,68,124,82,88,116,44,147,96,83,58,134,91,144,159,149,
0,27,13,29,41,55,152,151,148,120,97,75,39,96,3,154,83,115,12,57,133,80,50,84,62,25,37,71,137,93,68,2,70,35,48,82,106,46,143,130,116,56,42,153,36,99,98,23,52,74,160,76,79,136,59,31,101,135,141,121,47,15,85,61,128,86,113,44,16,88,102,127,43,146,9,30,158,129,51,140,4,19,1,107,60,10,24,156,65,8,6,111,87,58,147,20,95,110,45,132,159,78,122,7,157,92,14,108,124,11,72,149,112,105,144,26,18,131,38,21,33,126,139,67,104,123,103,53,5,54,64,73,40,28,66,142,69,119,134,125,81,114,49,117,90,34,22,63,17,32,100,145,138,109,94,89,118,155,150,77,91,
0,142,98,148,40,5,134,90,147,47,97,114,67,1,157,77,69,146,27,36,92,102,17,18,8,127,139,7,72,138,106,12,82,4,42,60,151,129,105,125,43,95,55,70,10,3,111,56,130,128,6,30,21,81,94,91,32,104,121,88,156,136,123,119,110,45,61,37,68,122,74,79,38,137,49,96,140,11,2,149,155,51,159,152,76,89,112,75,54,25,23,33,118,131,53,107,39,48,22,116,103,150,108,59,85,31,28,99,52,44,144,73,14,13,57,109,20,71,65,113,78,158,141,63,64,143,101,80,19,16,100,133,120,135,93,50,86,124,66,117,26,115,46,126,24,145,84,132,41,153,34,35,62,154,87,83,15,160,9,58,29,
0,51,74,107,85,132,18,54,63,77,133,146,34,66,129,28,151,124,71,139,144,62,87,127,128,64,106,60,156,110,109,100,25,47,12,92,48,102,159,41,157,160,24,104,58,43,150,52,83,95,97,42,44,149,68,76,56,22,73,21,96,115,86,11,91,117,158,20,122,82,70,7,135,130,38,111,65,152,4,5,30,1,116,125,126,108,39,155,154,88,141,29,16,13,94,138,137,78,112,79,40,99,98,19,120,8,145,81,101,33,26,93,46,114,9,36,153,31,2,3,140,67,118,148,90,27,6,103,32,121,17,45,123,113,23,147,84,35,143,142,50,134,105,89,59,136,119,80,131,49,55,14,72,15,69,10,61,75,57,53,37,
0,105,125,19,86,134,60,50,22,122,83,67,81,14,147,43,142,8,64,47,159,149,96,150,115,130,117,133,37,13,74,82,97,5,38,104,55,79,68,69,30,44,39,62,29,136,1,128,48,16,12,65,120,18,26,144,11,36,80,89,2,84,32,90,158,151,112,10,57,135,157,127,27,63,52,146,121,61,75,20,148,106,118,71,56,99,93,92,40,35,160,78,51,53,41,87,28,101,139,85,153,98,59,103,123,54,45,111,4,3,24,137,94,72,107,7,17,108,132,6,119,154,126,114,31,138,140,58,102,88,113,76,73,95,42,109,9,100,143,49,155,110,77,152,70,91,124,141,66,23,33,21,15,131,156,46,145,34,25,129,116,
0,152,38,121,5,135,112,49,45,100,129,93,143,151,55,78,24,85,90,111,142,50,157,73,65,130,118,76,104,91,153,37,89,147,116,141,134,156,106,14,154,57,115,128,97,139,34,30,16,11,25,27,88,40,77,43,123,13,33,41,29,122,17,125,47,46,72,12,26,81,28,6,51,98,80,160,3,95,74,22,132,68,138,140,10,150,31,127,70,103,113,158,83,87,64,136,9,109,146,2,60,96,86,15,117,63,23,133,1,8,126,108,82,67,52,119,36,75,20,61,149,92,105,19,144,42,124,79,32,58,114,110,102,120,131,56,69,44,53,94,4,54,101,159,107,99,21,71,148,59,84,48,155,62,39,7,66,145,18,137,35,
0,77,94,158,72,157,151,13,16,35,58,65,132,125,82,34,6,24,135,32,75,4,49,106,128,103,33,85,84,138,99,141,60,23,140,5,11,115,45,90,96,139,30,46,109,17,43,127,61,25,144,123,107,130,126,57,48,137,73,31,3,40,66,148,7,19,131,74,12,2,54,156,145,41,116,55,136,21,20,146,27,1,147,121,79,59,83,62,67,100,38,42,112,93,97,129,153,50,14,159,37,81,88,76,18,102,154,98,124,155,68,110,53,152,29,113,101,22,122,9,28,119,105,91,26,63,51,10,15,150,47,108,95,114,111,36,78,69,104,64,86,52,120,71,149,89,80,8,133,44,70,118,87,134,142,92,56,39,143,117,160,
0,58,77,61,104,43,92,131,146,48,112,153,3,119,73,19,9,132,13,154,27,107,94,145,49,126,79,69,106,33,109,128,21,5,125,138,68,75,72,15,66,139,28,71,26,44,65,150,143,100,32,149,147,80,81,133,82,110,137,53,122,47,30,160,85,40,95,108,55,130,50,89,24,123,16,8,57,151,10,52,103,115,51,64,91,90,11,97,116,31,35,159,129,37,7,117,4,121,86,18,39,99,84,157,83,135,76,2,155,45,134,118,120,124,113,101,152,6,36,98,158,144,23,148,17,20,87,70,141,111,56,93,54,25,142,22,140,59,38,1,127,34,14,60,156,114,29,41,88,96,63,78,62,102,74,67,105,42,136,46,12,
0,71,87,43,114,83,85,154,106,82,65,57,9,19,45,59,102,134,31,101,68,157,144,110,117,17,25,122,54,126,150,37,22,1,79,148,135,152,111,99,153,80,140,20,26,93,29,127,64,149,89,48,74,158,124,69,141,78,11,23,72,53,40,10,139,52,128,108,24,137,130,109,55,39,8,36,34,94,76,103,118,104,4,70,91,132,75,116,151,77,105,15,5,98,107,60,121,97,123,136,155,14,66,49,160,62,7,61,138,96,21,73,58,33,113,147,119,120,156,35,63,129,12,100,86,6,51,131,18,28,133,44,84,30,90,50,47,125,38,67,145,159,112,95,42,16,13,143,142,56,2,115,3,46,32,41,81,88,146,92,27,
0,64,108,91,23,127,90,15,26,122,148,141,102,156,42,2,123,144,128,62,74,130,132,58,97,22,149,84,46,86,119,63,25,155,113,124,35,52,8,57,103,136,106,37,68,138,20,49,45,39,126,109,101,50,54,152,133,72,135,85,134,7,12,121,11,61,120,118,159,18,53,104,47,5,99,79,125,38,66,9,67,139,114,129,59,98,16,76,88,43,150,96,27,6,51,73,29,151,17,28,112,116,83,78,60,33,21,40,157,154,4,153,89,41,80,13,32,92,30,147,115,105,140,143,82,3,44,145,110,48,146,158,24,31,160,93,10,70,1,94,56,87,117,19,14,100,36,131,77,111,81,55,65,34,75,69,71,137,107,95,142,
0,21,101,142,32,15,102,156,9,158,50,77,106,3,34,26,53,88,41,95,123,136,35,52,149,39,63,85,12,115,4,127,65,126,83,13,79,22,111,143,55,62,61,6,58,124,112,81,144,133,113,10,114,117,146,159,140,87,76,25,69,132,49,141,137,24,38,67,138,118,120,42,91,129,152,128,29,116,104,94,90,45,46,122,70,80,20,74,51,105,108,130,71,82,8,64,47,57,60,14,17,73,151,135,66,33,154,5,97,96,56,153,1,19,89,59,7,23,2,31,131,16,30,84,54,134,155,99,139,40,160,86,100,75,18,68,44,72,93,145,27,147,121,28,125,11,98,37,119,78,110,43,103,148,150,36,157,92,48,107,109,
0,58,134,133,98,3,113,127,158,157,68,26,92,39,143,35,147,150,87,149,111,121,99,22,24,107,23,40,101,16,17,126,53,102,97,56,77,85,38,120,109,7,30,122,52,6,112,130,76,13,84,123,146,138,75,93,44,151,66,110,91,71,96,62,118,57,136,51,144,152,64,32,114,34,14,5,78,31,18,73,140,90,106,100,54,141,42,132,61,33,43,67,29,49,160,82,89,139,65,59,145,94,86,11,119,41,74,46,2,70,154,88,72,63,108,28,69,19,79,80,25,116,137,115,8,124,12,155,95,142,9,15,103,129,117,10,27,131,135,48,36,153,128,159,60,156,4,45,105,20,50,37,81,55,148,21,104,1,83,125,47,
0,86,73,87,77,65,102,110,46,154,34,8,27,97,18,94,63,83,116,69,103,99,139,95,28,105,122,123,66,52,142,20,2,44,153,23,33,119,53,37,22,141,64,140,14,138,126,70,121,115,160,109,145,127,143,51,48,117,128,93,13,54,107,158,11,144,157,101,85,125,49,26,120,151,76,88,24,146,19,114,113,17,50,47,81,39,135,106,31,133,35,74,30,155,61,100,137,149,15,118,62,4,129,91,156,3,55,7,134,40,42,98,159,89,92,67,57,147,130,80,111,45,36,12,32,1,38,78,132,43,96,58,150,82,104,9,59,148,21,108,10,72,68,41,152,25,56,29,75,5,71,84,112,6,124,16,90,136,131,79,60,
0,146,112,94,53,17,72,121,114,67,90,79,75,119,25,41,111,154,74,87,26,29,63,126,143,31,91,61,2,159,24,81,23,54,59,101,84,35,131,83,103,124,140,11,77,13,150,39,141,33,96,73,10,18,123,9,76,116,136,32,142,133,122,3,106,138,137,107,128,28,58,71,118,45,20,30,132,40,8,149,15,95,98,92,120,130,139,85,100,125,158,160,155,129,153,148,97,7,147,62,102,104,152,78,68,145,46,157,36,37,4,57,47,43,82,70,22,16,60,1,151,135,80,88,21,14,117,69,113,65,5,144,134,93,44,51,27,66,52,49,38,108,110,89,105,12,34,42,109,64,19,115,55,127,56,50,99,86,156,6,48,
0,154,65,155,95,141,127,137,19,40,139,86,24,27,104,145,146,29,33,67,89,44,25,93,88,49,60,77,59,107,80,3,101,6,98,52,131,64,122,142,12,2,34,140,8,128,120,22,119,73,13,30,47,38,91,20,136,138,16,11,126,45,130,143,9,99,115,63,14,5,92,134,32,17,123,35,61,105,109,96,69,15,48,85,125,46,149,153,50,159,76,94,90,4,10,87,150,108,21,111,39,28,84,54,18,113,57,148,81,7,74,117,75,23,110,144,97,100,118,133,41,53,114,42,70,37,147,78,152,121,124,135,79,106,83,151,129,82,157,132,55,56,68,62,66,160,112,1,26,31,58,158,43,156,72,116,71,103,102,36,51,
0,157,136,86,40,142,112,25,141,118,93,65,107,149,2,61,156,46,109,70,116,20,59,110,139,13,52,121,55,126,5,1,30,45,92,44,74,125,81,10,131,16,64,138,153,122,117,106,124,160,41,129,68,105,27,127,96,94,12,37,79,128,50,73,143,21,120,6,100,28,57,83,49,78,115,132,22,159,56,17,98,84,97,63,31,14,35,24,103,29,32,75,69,71,23,90,130,60,9,4,11,113,144,108,43,38,67,123,36,48,148,18,99,53,150,102,82,154,145,151,34,101,104,19,85,66,89,134,114,42,15,119,88,62,8,146,140,7,54,91,39,77,51,80,155,95,26,133,33,58,111,3,47,135,152,72,87,158,137,76,147,
0,152,130,72,103,3,81,120,76,132,6,70,56,96,154,142,69,113,134,37,49,14,18,65,31,159,53,158,51,102,108,114,17,85,109,147,128,39,87,21,33,78,106,107,71,9,139,157,74,8,19,7,118,55,13,38,40,95,27,141,20,75,121,150,116,119,117,4,66,83,42,10,148,93,28,41,58,54,126,80,89,35,73,26,100,115,131,5,122,84,16,86,47,151,92,144,68,12,135,145,62,22,52,160,146,140,112,105,43,111,153,79,46,101,29,82,67,137,123,60,77,50,57,2,156,127,110,138,45,91,48,94,133,125,143,15,61,149,98,88,32,44,155,90,97,99,129,63,24,36,59,104,64,23,34,124,30,25,1,136,11,
0,108,143,17,119,116,158,145,96,23,91,49,154,87,47,26,83,122,75,140,48,43,114,115,126,11,111,106,31,41,14,65,46,157,40,90,146,147,99,85,81,155,86,80,100,74,16,130,124,2,103,76,9,64,142,117,149,27,67,19,134,10,70,127,102,13,94,113,137,15,59,62,7,56,44,95,123,77,78,24,8,29,1,18,79,73,63,120,53,28,153,5,138,69,144,30,52,105,32,12,6,88,35,3,39,54,125,33,25,139,68,72,107,92,37,20,151,110,118,60,129,156,57,71,141,112,104,109,150,61,58,21,45,152,159,97,148,34,38,66,51,160,84,131,50,89,135,4,101,98,121,133,132,136,93,36,55,22,82,128,42,
0,24,16,23,72,29,62,11,47,103,26,46,28,133,77,33,38,63,155,156,75,36,96,113,55,73,69,31,154,19,139,64,30,140,91,67,146,80,58,115,54,81,121,144,107,88,13,125,126,142,44,92,6,95,147,1,151,111,59,83,122,50,99,101,20,48,102,159,160,35,158,157,105,132,65,34,86,2,8,40,138,82,9,41,149,110,25,127,61,114,52,109,148,134,14,117,37,120,68,49,136,43,124,15,100,119,74,27,7,145,90,70,89,4,18,56,57,130,10,143,93,137,51,21,94,84,97,76,45,131,112,153,5,42,12,129,87,118,85,98,123,32,3,106,135,116,108,71,141,22,128,17,104,79,78,152,39,150,60,53,66,
0,30,98,130,43,55,11,53,124,128,105,4,147,37,108,151,46,58,22,103,76,97,129,157,32,121,6,152,52,71,51,85,135,123,24,39,80,87,10,48,156,150,136,62,146,67,18,41,66,115,126,107,12,26,96,49,139,89,5,81,132,68,28,140,33,14,45,95,56,54,122,94,155,138,15,104,79,29,59,131,91,84,101,64,34,20,36,117,78,106,143,47,3,112,19,69,113,158,74,137,83,23,111,125,100,149,25,27,153,120,31,109,144,154,42,77,142,40,65,145,8,118,57,75,61,134,82,90,60,133,88,127,159,9,92,38,160,21,116,114,44,17,93,35,16,102,99,141,73,148,1,70,110,119,13,50,72,7,2,63,86,
0,42,149,86,35,105,77,57,153,92,8,40,48,72,51,111,58,2,66,115,159,112,147,61,79,1,31,5,157,129,7,155,101,52,89,132,118,148,11,82,158,15,25,124,94,65,37,150,117,18,60,95,30,120,93,32,87,104,146,47,102,80,156,76,78,69,50,56,38,113,34,81,145,135,133,70,122,75,20,90,143,99,97,134,12,96,27,142,33,59,23,63,73,6,26,17,106,64,19,83,160,125,36,10,16,41,123,49,44,46,3,67,152,116,53,138,110,43,28,45,119,144,54,136,130,127,137,131,24,109,21,154,74,71,84,151,121,108,114,4,55,85,13,98,103,14,128,39,141,88,62,68,9,140,29,100,22,91,139,126,107,
