0,38,74,37,45,107,6,14,51,75,9,25,49,44,2,30,106,48,88,97,4,95,69,108,92,63,86,29,96,71,80,62,3,90,31,104,1,79,32,102,50,84,77,19,18,82,52,57,11,40,35,99,16,101,55,59,7,64,28,67,12,41,105,39,83,60,70,43,24,56,36,54,53,76,21,85,73,68,91,23,5,42,93,78,17,98,13,109,15,8,47,89,27,72,66,26,58,87,110,33,61,100,103,22,34,65,46,20,94,81,10,
0,1,15,35,3,78,49,70,5,94,67,99,17,57,21,8,44,16,66,87,36,52,90,104,26,41,24,10,86,82,58,97,71,84,29,80,88,42,43,33,73,23,76,110,38,108,85,83,28,14,13,68,19,4,102,77,50,20,105,89,39,11,22,100,65,92,45,51,101,61,25,27,95,53,72,103,48,18,64,75,55,63,106,6,107,54,32,74,46,60,12,62,7,56,98,31,40,2,93,109,34,79,81,9,30,91,47,59,37,69,96,
0,4,30,42,26,27,16,21,98,63,25,100,47,90,86,32,76,40,24,33,28,54,5,6,3,38,89,53,82,45,69,96,97,64,101,66,8,80,62,37,15,55,51,83,34,18,99,94,73,49,65,93,57,17,75,78,67,95,9,61,81,29,23,36,35,50,103,102,22,77,92,70,79,14,1,2,85,31,43,19,88,108,59,104,68,20,7,109,105,60,74,13,44,52,106,39,41,84,110,71,72,107,11,46,87,48,12,91,56,10,58,
0,25,106,100,9,68,50,101,72,54,75,35,29,38,22,85,6,34,108,7,91,48,31,64,14,17,110,89,74,60,41,40,79,97,1,23,73,30,90,69,42,102,103,57,65,53,56,71,88,81,67,66,37,2,105,99,21,20,63,26,92,107,8,16,47,70,78,98,27,10,44,83,59,77,15,39,5,109,80,46,86,94,87,19,76,33,104,96,82,49,36,93,58,4,24,62,95,43,11,3,52,28,13,12,51,18,32,84,55,61,45,
0,81,63,50,54,100,20,72,61,15,103,55,86,27,44,108,95,74,30,12,60,14,97,5,83,98,33,76,23,6,79,85,101,38,90,64,34,40,94,36,52,57,75,84,107,58,106,16,18,66,3,48,9,56,28,31,82,2,32,7,13,105,39,22,41,17,70,99,59,92,21,73,49,93,78,1,91,24,25,102,87,26,67,80,43,51,45,71,8,19,65,46,4,68,77,89,88,42,62,11,69,10,35,104,47,109,110,37,96,29,53,
0,14,44,104,99,20,84,6,76,7,8,11,85,30,10,54,83,50,28,56,90,86,35,51,37,22,89,107,46,42,31,49,66,21,96,75,18,52,65,63,101,71,79,25,1,19,97,105,80,58,95,88,73,33,59,38,109,15,17,23,39,91,102,4,82,77,62,24,36,29,27,94,41,53,47,72,61,45,16,70,98,64,26,93,3,81,40,48,87,57,103,74,68,78,34,13,108,12,67,100,2,32,5,69,92,55,9,106,60,43,110,
0,55,107,5,8,70,97,39,26,109,61,53,76,12,38,2,15,31,86,30,47,88,95,22,74,24,42,101,103,46,77,20,1,50,4,27,84,56,71,40,62,108,98,64,63,94,57,7,66,23,29,99,105,82,65,102,3,17,37,60,9,35,41,96,58,85,34,93,106,104,52,73,79,72,33,78,81,36,83,110,54,51,32,69,44,21,11,67,49,75,59,80,91,10,28,18,48,14,90,68,19,89,92,100,16,45,25,87,43,6,13,
0,41,86,96,27,61,31,85,19,104,7,74,37,109,110,88,45,11,81,3,107,98,48,79,63,16,89,100,34,28,8,70,49,23,51,33,101,32,52,1,50,83,57,22,21,64,82,38,58,91,77,42,94,73,26,102,87,4,72,30,55,18,20,46,78,105,92,99,12,65,69,9,95,59,36,17,54,80,40,13,6,25,97,44,5,43,47,103,66,90,2,35,67,14,108,53,76,10,29,39,15,56,93,60,24,106,68,84,62,71,75,
0,99,53,110,22,84,82,13,78,94,35,3,23,16,21,24,73,76,104,5,11,63,17,77,98,49,37,26,95,43,106,8,50,20,97,80,18,67,66,45,105,1,86,90,79,41,42,39,47,44,51,107,62,103,54,87,7,40,74,109,38,6,93,58,59,56,46,85,65,2,60,36,25,15,9,31,102,27,81,57,34,32,55,19,10,12,92,108,30,64,88,72,89,75,83,4,69,70,29,52,33,100,48,96,14,68,101,28,91,61,71,
0,6,86,97,53,43,76,1,58,72,14,20,91,85,33,40,12,48,54,88,101,24,67,31,15,36,59,39,3,46,80,2,13,61,18,21,11,32,55,44,109,98,49,92,56,30,50,16,45,107,27,110,66,34,103,19,57,22,35,52,87,28,83,42,37,5,99,78,79,105,23,75,93,108,84,77,81,60,65,62,73,96,69,82,89,95,74,90,38,8,26,63,25,64,29,104,106,71,17,9,100,47,94,7,70,41,51,4,10,102,68,
0,33,23,94,48,79,38,19,93,6,108,45,71,27,83,86,73,50,14,20,11,17,89,74,9,18,96,103,91,22,37,25,101,97,28,81,107,3,110,76,80,62,24,34,55,26,88,5,7,47,16,63,10,1,109,95,104,72,52,66,90,12,40,105,69,2,42,87,78,77,102,30,8,13,31,99,57,61,85,106,98,68,29,64,54,51,36,92,59,39,49,60,35,41,58,46,82,75,43,84,67,70,21,65,32,56,53,15,100,44,4,
0,75,93,27,72,89,24,21,67,80,91,60,109,83,56,103,40,45,96,48,86,57,100,6,36,33,61,11,32,51,107,25,71,62,26,102,42,85,41,65,59,66,54,82,58,8,98,69,5,28,68,53,31,64,110,17,105,4,104,9,81,84,18,30,95,14,7,90,16,92,76,35,55,10,43,22,101,78,29,99,12,1,87,70,77,97,73,3,49,79,63,15,46,108,44,52,74,19,94,50,2,37,106,23,38,39,20,88,34,13,47,
0,95,73,19,38,12,109,91,89,74,1,41,103,21,40,30,23,77,83,34,52,84,28,29,39,42,81,47,86,68,57,54,105,61,15,31,25,36,46,11,71,7,99,51,2,5,35,13,43,85,3,96,53,67,17,88,56,87,82,66,6,101,93,18,50,62,94,65,98,24,79,37,72,22,63,76,44,16,49,8,26,80,60,69,106,70,108,10,107,64,20,92,9,14,4,55,75,33,90,58,78,104,97,27,102,48,45,59,100,110,32,
0,73,82,93,77,40,43,62,76,104,30,20,79,16,5,84,13,55,72,94,46,25,11,33,89,69,45,106,87,86,12,26,50,28,22,80,71,47,109,14,91,78,21,9,48,95,32,34,100,54,102,74,66,1,83,105,90,3,60,23,10,59,110,36,108,4,51,63,39,42,81,65,24,2,107,88,49,58,38,52,92,99,19,101,67,37,35,27,75,98,18,85,41,6,17,44,57,53,70,56,103,64,15,96,29,61,97,31,68,8,7,
0,17,15,94,8,12,87,109,34,50,16,46,10,66,32,43,102,67,65,38,33,69,106,72,9,47,11,63,21,44,42,73,1,85,60,81,20,45,93,52,53,68,83,80,84,18,26,76,90,96,31,59,103,56,36,64,86,39,70,82,79,2,77,58,74,48,49,27,29,14,107,110,28,25,88,35,37,6,92,5,61,41,75,62,98,30,71,4,108,100,51,7,55,54,95,22,3,40,91,97,19,99,24,13,78,101,57,105,23,104,89,
0,41,7,100,9,73,97,87,19,30,109,51,86,28,37,79,6,101,21,44,108,12,36,74,34,39,57,98,14,25,47,16,104,82,15,62,13,59,64,5,83,106,8,95,77,2,60,42,48,23,24,68,58,49,84,89,54,17,103,96,11,18,43,56,61,88,67,63,78,85,107,4,31,22,93,102,38,110,81,80,105,70,10,29,26,91,92,66,20,52,45,3,99,35,55,53,33,90,40,1,46,71,32,69,27,75,65,50,94,76,72,
0,76,21,19,81,68,36,11,77,103,72,106,85,8,41,6,54,48,43,46,92,31,61,38,83,94,90,73,98,23,33,102,74,13,86,60,104,4,59,7,70,84,58,40,42,15,100,17,10,99,52,12,87,64,51,24,47,71,16,107,3,67,34,93,109,14,96,45,57,53,66,108,5,95,27,75,63,20,22,25,37,82,29,89,101,62,26,32,1,49,80,105,28,56,91,2,39,50,79,65,44,97,9,55,30,78,35,69,110,88,18,
0,21,105,74,52,110,40,79,19,104,86,5,50,71,17,98,4,16,69,90,64,102,49,36,39,7,72,14,63,103,34,94,62,30,2,47,43,51,32,82,55,77,46,54,67,68,48,96,56,44,13,60,76,84,18,89,42,20,88,27,45,58,107,78,99,12,3,35,9,37,22,81,100,70,59,92,85,101,66,26,83,11,91,75,1,53,38,29,8,15,93,28,41,6,97,23,87,10,25,57,108,65,95,33,109,106,24,61,31,80,73,
0,97,76,82,53,4,38,35,62,78,71,67,107,23,44,108,58,42,92,64,87,14,10,16,74,104,3,72,85,8,59,102,32,19,110,1,96,106,55,21,109,99,105,79,20,34,68,81,25,29,46,2,91,84,18,24,69,66,51,6,49,88,83,15,50,80,73,7,11,61,52,40,94,98,30,48,56,45,86,36,22,77,39,31,26,9,57,95,13,28,47,37,101,103,43,5,41,33,17,63,90,100,54,93,75,12,65,89,70,27,60,
0,66,11,41,54,30,63,21,60,105,36,19,62,88,35,106,77,43,93,38,85,97,91,53,94,5,100,24,18,28,57,45,7,37,23,69,16,40,89,82,27,6,51,15,67,102,103,52,68,26,61,83,86,13,71,17,101,70,12,25,29,79,74,65,10,1,48,99,3,20,75,59,9,76,31,33,47,4,32,8,92,73,2,107,50,39,98,109,108,72,22,84,110,64,80,90,78,34,14,42,81,56,44,87,46,55,104,58,95,49,96,
0,45,101,77,30,4,26,21,109,44,46,73,60,102,37,103,25,87,81,64,48,90,57,50,83,53,106,76,94,78,96,5,97,31,16,14,80,47,6,85,7,98,24,65,19,63,32,38,15,55,49,89,75,11,18,108,59,54,39,105,107,79,86,84,88,42,29,3,62,72,2,8,36,82,61,56,110,28,22,99,71,66,51,104,20,9,27,10,67,1,93,34,43,70,41,23,17,91,100,33,69,13,74,52,40,58,92,95,12,35,68,
0,45,69,1,38,9,52,79,80,49,66,90,104,71,23,82,70,29,72,93,53,75,5,3,55,61,101,100,94,51,63,81,4,28,39,74,20,50,21,27,54,15,36,40,68,73,25,92,43,97,91,88,76,32,58,46,109,37,10,14,30,99,59,47,26,60,33,62,24,65,77,34,2,17,103,41,78,8,105,48,7,18,57,6,19,96,13,83,56,11,12,102,86,110,44,35,84,98,31,64,107,22,95,85,87,89,67,106,42,16,108,
0,97,18,70,17,20,79,5,56,90,49,63,66,45,3,40,101,44,59,91,110,92,29,39,30,15,19,1,9,33,67,41,107,36,104,51,53,25,106,86,43,46,6,102,54,26,31,72,89,23,100,22,60,13,108,68,65,103,42,34,73,11,81,2,38,58,78,77,50,93,84,98,75,32,94,80,12,48,99,76,83,85,35,74,47,109,8,71,69,62,95,24,52,21,4,88,61,7,105,87,14,16,57,28,82,96,10,27,64,55,37,
0,110,9,109,2,22,87,49,50,60,14,28,24,64,73,48,72,107,65,17,93,3,1,88,103,7,57,66,43,46,108,98,106,97,44,31,61,40,105,18,27,86,59,82,77,45,54,80,78,71,30,26,37,11,25,47,23,74,84,32,79,13,36,19,91,99,12,58,35,68,95,10,70,75,100,94,16,104,53,38,90,81,85,8,92,55,76,21,102,29,52,51,62,101,42,15,96,63,41,6,34,33,56,5,89,67,69,83,4,39,20,
0,46,80,27,78,19,9,75,13,94,73,16,72,3,17,65,41,43,37,36,100,102,82,71,39,68,66,76,97,96,59,47,98,8,88,107,12,49,18,4,67,50,63,48,42,57,23,53,95,25,90,15,89,20,32,11,45,38,81,2,86,52,83,74,54,61,40,93,105,6,106,34,84,62,70,109,28,55,7,44,24,91,77,110,92,103,85,29,22,87,51,31,35,60,58,5,14,30,79,26,99,108,64,101,21,33,56,104,69,10,1,
0,40,47,20,49,48,43,2,75,6,64,28,3,45,13,8,88,55,12,110,100,50,66,90,103,68,83,21,5,101,89,85,38,19,29,61,79,46,42,26,10,86,94,18,69,97,44,30,4,71,7,52,78,34,33,72,87,96,56,1,81,82,95,92,9,62,17,53,31,32,106,35,74,37,99,107,58,51,16,109,67,93,41,36,25,23,77,59,102,15,22,27,70,11,73,105,39,24,84,65,14,63,57,54,76,80,108,104,98,60,91,
0,42,85,2,23,30,79,14,18,66,109,49,12,54,56,65,98,37,68,103,70,43,3,73,44,104,22,61,6,74,13,15,52,60,110,94,62,107,102,10,78,41,93,17,32,77,51,55,40,88,31,82,64,57,81,91,108,105,9,84,25,106,67,21,58,63,97,11,46,28,96,24,1,72,86,19,80,50,35,33,36,16,20,26,95,34,83,47,89,45,27,69,53,38,29,48,4,8,5,76,99,7,71,100,87,75,59,101,39,92,90,
0,47,5,95,68,21,104,17,36,24,18,46,73,69,45,30,72,58,42,12,1,55,23,83,86,106,98,53,8,82,9,88,87,57,92,19,26,103,70,62,94,78,25,99,84,89,91,75,93,101,74,39,79,14,38,35,32,81,29,102,49,28,3,80,52,15,31,7,107,44,50,97,76,63,61,34,110,43,48,59,105,40,11,100,33,64,41,4,108,16,109,90,60,56,85,54,13,2,6,67,77,20,51,10,27,71,22,96,37,66,65,
0,18,108,9,104,39,107,106,86,97,7,15,36,52,57,100,66,102,51,34,55,24,73,103,98,46,21,88,69,63,72,71,17,19,89,41,62,70,4,11,84,49,67,56,74,75,54,60,110,59,44,5,77,10,85,79,68,76,16,53,90,8,78,50,22,33,32,14,47,28,94,13,93,20,65,3,29,105,61,25,95,1,35,42,30,91,81,38,6,80,109,26,101,83,12,27,43,48,2,23,87,58,31,92,37,64,40,45,99,82,96,
0,4,10,76,5,50,65,86,51,64,39,46,78,38,74,108,7,20,75,100,109,69,28,29,58,42,105,98,68,41,15,72,52,11,21,81,95,73,88,53,35,14,6,49,94,45,23,32,18,96,103,16,91,26,43,12,82,89,101,9,31,93,34,22,79,63,66,59,33,48,47,24,36,104,71,37,57,99,85,56,107,40,55,77,62,70,83,44,61,110,13,25,3,30,84,2,19,90,27,87,60,80,54,67,8,17,97,92,106,102,1,
0,72,44,3,61,54,34,94,10,65,5,93,26,40,73,106,82,105,67,55,110,19,99,98,60,47,29,66,25,12,2,62,22,59,101,20,87,92,69,43,107,24,31,16,51,28,100,109,77,86,46,53,52,95,23,11,37,63,36,32,33,80,64,49,4,9,97,74,35,6,91,81,85,39,84,71,76,8,57,17,79,108,7,45,56,70,88,103,78,58,30,21,68,48,50,83,96,13,90,102,18,41,27,38,15,14,75,1,42,89,104,
0,59,68,85,5,70,109,86,14,4,67,49,45,8,107,22,98,89,60,66,31,63,35,88,24,92,78,84,97,46,100,18,26,95,99,42,11,23,61,87,83,9,56,15,73,33,53,74,12,6,64,108,82,79,3,91,37,40,62,25,2,21,58,102,55,30,7,93,69,27,94,103,96,77,29,16,57,19,1,80,41,54,13,106,36,81,44,38,48,75,28,32,39,90,76,104,47,101,17,10,20,52,110,65,43,71,105,72,34,51,50,
0,44,61,97,96,38,43,14,29,101,64,2,27,36,41,102,17,100,65,26,55,5,15,13,7,39,11,85,69,99,47,51,79,78,19,87,48,109,18,22,80,46,32,53,105,30,81,108,98,70,82,103,86,90,76,72,56,31,73,54,1,6,4,63,94,83,25,28,9,77,110,88,23,71,75,91,42,93,37,67,10,20,57,49,104,34,106,35,3,66,58,84,92,21,24,16,8,45,52,68,33,95,59,40,74,12,60,89,107,50,62,
0,89,28,106,63,71,21,51,83,29,61,22,94,2,32,3,104,95,31,8,34,105,41,40,12,90,62,56,47,102,30,35,55,87,36,13,101,19,7,42,49,73,1,52,39,68,92,76,14,60,18,46,58,110,75,37,65,72,69,16,91,93,4,20,50,48,15,66,77,38,25,99,10,33,88,81,17,96,108,86,6,59,78,74,24,79,85,100,57,26,80,107,98,45,27,67,84,9,11,5,109,70,23,53,103,54,97,43,44,82,64,
0,41,85,54,12,7,37,77,26,10,68,94,52,110,53,65,105,46,58,44,73,62,18,13,82,22,72,59,47,71,98,30,23,50,78,24,9,4,3,51,79,106,29,96,88,60,38,66,100,1,91,93,8,99,81,14,31,15,48,56,109,108,5,92,16,86,84,95,90,61,87,57,69,107,11,25,32,33,80,55,63,6,35,67,102,34,89,42,104,103,101,27,76,49,36,64,21,17,28,39,45,70,74,83,43,19,40,20,2,75,97,
0,7,28,95,107,63,110,51,23,48,43,60,80,53,68,19,39,5,9,88,89,24,25,29,21,27,16,18,54,14,64,58,76,1,97,69,73,82,31,4,106,2,84,8,34,38,32,52,20,65,30,50,13,93,87,98,104,3,12,79,81,100,83,59,94,91,22,85,70,96,37,102,99,108,36,56,10,33,71,42,41,77,26,35,40,101,109,49,75,67,74,6,72,45,62,86,66,55,15,92,90,57,11,103,17,44,105,78,61,46,47,
0,39,100,30,44,67,79,106,95,86,98,80,85,108,88,58,9,83,47,42,11,77,6,1,65,19,53,51,12,75,34,89,35,24,84,76,87,37,94,109,103,49,28,61,92,41,46,90,36,99,82,17,101,48,15,10,43,91,74,63,18,7,73,62,64,5,31,45,27,25,3,50,56,32,14,72,71,96,66,93,102,8,38,29,52,110,59,23,70,97,68,78,57,21,55,2,40,4,60,69,105,54,33,13,20,81,26,16,22,107,104,
0,66,87,31,26,50,83,56,76,104,86,100,1,39,110,16,57,48,78,105,2,71,25,29,9,72,102,34,54,95,58,74,98,30,103,52,73,13,17,53,67,3,61,55,14,82,108,99,41,44,75,35,97,45,77,94,88,19,18,109,68,7,28,90,106,81,12,51,91,79,33,36,5,69,6,20,101,92,24,85,46,32,64,15,21,27,84,80,22,8,38,4,63,43,93,11,65,70,62,40,47,42,59,96,49,10,107,89,37,60,23,
0,92,95,106,16,2,25,74,40,99,107,71,10,19,64,61,75,17,77,12,73,84,80,65,56,57,5,69,21,93,43,42,72,13,98,39,110,1,46,66,31,102,109,53,89,20,90,50,88,104,94,33,96,70,36,35,38,49,76,83,62,24,52,68,22,32,7,44,60,6,15,97,86,9,87,3,45,30,67,82,81,4,29,51,103,91,54,79,63,85,27,14,23,78,108,101,59,41,105,18,11,8,37,26,28,47,48,58,100,34,55,
0,106,84,61,56,1,57,79,67,104,12,100,55,32,70,28,109,108,97,9,94,58,34,99,92,41,76,31,45,98,21,59,4,95,83,101,65,14,78,39,51,46,29,50,69,53,47,11,35,82,72,43,66,52,77,7,10,74,91,68,26,73,75,20,89,8,30,3,49,93,17,44,86,16,19,110,5,87,102,38,60,24,6,54,103,96,23,15,13,81,85,40,37,80,90,36,107,88,18,64,2,63,62,22,27,42,48,105,71,25,33,
0,66,3,51,45,42,68,55,104,31,57,99,47,23,58,21,74,110,14,13,27,80,100,33,87,85,91,26,48,7,12,63,107,44,105,25,76,28,53,41,97,61,30,108,59,43,20,1,40,60,9,17,52,102,24,106,109,103,11,34,50,49,62,8,67,95,79,71,36,37,19,72,32,56,90,77,69,75,5,84,4,15,39,18,73,6,64,70,78,92,46,83,22,94,82,88,101,89,96,86,65,81,38,10,2,35,16,54,29,98,93,
0,5,87,3,26,82,48,35,2,92,24,13,49,98,95,57,23,73,99,32,69,39,80,40,74,65,72,30,18,96,56,15,52,14,34,93,61,6,70,31,66,100,25,16,68,20,41,59,17,85,88,104,108,9,103,63,8,44,58,60,86,71,107,94,21,46,37,10,91,19,47,33,11,67,55,97,109,4,29,81,22,76,28,43,106,101,110,79,84,83,105,12,62,36,77,45,38,102,50,27,53,42,78,64,75,54,90,1,89,7,51,
0,72,38,65,41,42,22,99,6,68,36,100,104,75,44,3,1,53,73,33,4,92,23,91,87,103,86,19,25,5,18,26,12,16,51,55,45,27,97,24,71,37,93,79,77,2,70,34,96,40,17,69,63,29,89,20,108,11,49,76,56,64,59,101,95,47,62,32,21,84,90,31,30,39,7,35,82,60,50,48,61,15,88,83,14,54,85,80,67,105,110,10,43,106,102,28,78,8,74,46,58,81,57,9,66,109,107,52,94,98,13,
0,73,17,39,51,9,35,92,11,100,86,67,54,104,87,106,16,5,42,107,36,80,76,70,30,56,22,96,14,32,99,49,72,91,108,65,13,85,89,47,60,44,63,40,24,28,59,20,7,55,29,109,81,53,2,95,77,78,21,46,62,74,79,10,71,48,3,69,41,6,31,23,93,66,27,75,102,68,37,15,90,12,26,64,45,19,83,38,82,1,105,58,4,33,84,103,97,43,61,98,25,18,94,50,57,88,101,34,110,52,8,
0,52,14,68,48,16,59,21,97,30,2,31,95,63,61,18,100,1,96,36,66,58,39,82,94,6,70,110,38,42,33,3,41,84,90,35,50,8,37,93,105,34,23,26,24,51,101,60,108,40,89,75,5,19,98,78,29,76,71,27,107,72,54,85,106,62,87,73,56,12,22,102,17,83,80,81,45,28,91,103,43,77,9,65,32,69,4,13,109,88,53,92,15,25,7,44,64,10,104,99,57,11,55,86,20,67,79,49,74,46,47,
0,11,4,106,44,5,46,9,98,92,74,47,102,6,56,66,82,105,36,90,15,22,97,93,34,76,14,40,110,61,38,42,59,31,28,87,48,37,79,94,13,50,75,65,86,52,63,88,16,95,109,51,68,21,58,3,12,73,32,64,83,91,18,8,19,57,80,54,29,71,78,104,77,35,43,69,101,72,81,99,23,55,70,30,49,67,10,62,20,96,2,85,60,100,1,27,7,25,84,41,107,17,53,108,26,103,33,45,89,39,24,
0,20,27,90,11,29,37,50,95,44,78,94,99,87,33,102,66,61,41,4,49,88,2,67,48,21,39,56,6,106,68,84,69,12,31,26,70,1,54,109,16,72,14,108,35,85,82,96,25,19,7,45,22,89,24,3,83,43,91,105,75,34,10,59,46,101,77,62,71,93,38,23,55,13,57,92,32,40,98,107,53,73,60,63,65,86,18,51,42,36,15,47,64,100,52,81,30,110,76,74,104,97,5,103,8,80,79,28,9,58,17,
0,29,103,88,94,48,31,4,96,60,33,67,52,104,81,78,108,87,38,89,44,53,76,22,30,92,47,54,63,50,13,28,56,57,91,70,6,79,61,62,2,90,36,39,17,35,40,11,49,16,106,21,72,32,51,93,7,9,12,5,24,101,74,71,45,25,75,86,42,34,99,15,66,84,98,95,97,20,58,55,77,82,80,19,102,46,59,27,64,37,105,3,10,85,100,23,65,43,14,26,107,1,41,83,110,18,68,109,8,73,69,
0,26,75,46,60,94,4,33,103,65,76,23,2,68,99,10,6,102,63,40,30,57,47,64,50,108,87,67,58,97,29,83,36,81,106,69,96,100,22,61,53,104,13,21,41,89,17,59,105,66,20,55,28,27,32,34,43,48,1,54,44,88,110,80,74,86,56,9,35,51,45,31,52,8,91,49,42,18,92,7,39,78,71,38,24,93,70,62,101,107,77,5,3,25,11,95,84,90,37,72,19,16,15,73,79,12,85,82,109,14,98,
0,97,54,93,95,37,6,11,58,13,45,80,81,96,108,32,30,1,69,4,9,106,50,87,27,12,90,10,46,17,34,101,55,82,42,83,19,89,91,39,85,76,94,78,75,67,7,102,103,31,71,20,36,47,104,73,52,23,110,41,79,74,22,25,33,2,43,84,56,100,44,35,61,68,77,15,48,98,21,18,63,28,26,14,53,86,3,92,38,65,66,40,64,70,57,109,16,24,62,60,5,29,59,51,49,8,88,99,72,105,107,
0,93,30,36,31,14,67,81,96,27,83,4,87,102,62,59,13,110,92,41,52,53,88,2,73,105,106,84,7,23,90,11,77,40,74,34,1,15,42,101,5,71,19,37,55,85,45,70,76,48,39,60,61,33,104,58,26,89,49,35,46,47,66,79,44,97,69,63,21,12,80,8,100,24,82,22,25,32,103,28,38,20,17,64,3,10,95,98,72,75,9,51,107,57,29,50,68,94,65,99,54,108,86,91,78,6,16,43,56,109,18,
0,29,43,40,18,61,58,106,15,60,66,102,46,4,9,74,7,6,39,72,33,28,73,80,11,84,17,96,109,30,27,99,36,47,2,93,101,86,104,98,21,103,76,71,92,53,44,85,57,12,54,38,19,45,37,87,32,105,81,1,64,63,70,52,108,55,5,75,14,56,62,78,88,110,100,68,24,59,42,95,35,34,25,89,26,22,3,50,79,82,49,65,41,107,23,10,31,8,91,94,90,67,69,51,16,83,20,48,97,13,77,
0,51,103,45,53,25,95,2,74,50,56,35,9,80,32,16,52,75,48,24,20,101,8,23,12,31,57,107,62,97,14,58,44,108,4,85,26,33,92,27,17,19,83,10,69,89,21,96,38,11,94,67,3,106,36,5,71,28,98,76,60,43,73,86,1,30,72,87,102,47,61,81,37,84,110,82,15,91,65,77,88,39,79,29,42,22,63,40,78,54,70,64,13,109,46,90,104,7,55,66,68,93,6,49,59,100,41,34,18,99,105,
0,82,33,51,96,42,7,93,97,95,94,71,43,4,3,44,104,105,80,90,73,40,45,72,66,58,85,41,37,61,11,29,49,39,70,35,48,88,76,18,83,84,78,79,108,28,59,38,14,1,34,57,77,60,32,46,101,52,64,86,99,6,89,15,65,92,106,103,68,17,75,69,30,27,21,8,87,109,25,12,54,22,13,23,31,91,74,36,19,107,110,55,53,20,24,67,62,98,16,9,100,10,63,50,102,47,81,5,26,56,2,
0,105,44,35,94,97,51,39,36,81,33,83,89,22,13,47,29,99,43,101,80,8,40,38,60,67,65,72,77,53,68,31,76,71,10,57,48,86,69,95,54,18,63,37,107,106,79,58,9,102,23,16,27,66,6,15,64,5,109,78,82,84,59,61,96,91,7,12,20,87,34,42,56,1,3,32,26,85,110,11,108,74,73,50,25,17,88,14,62,104,28,45,103,93,75,41,2,21,46,4,24,90,70,30,92,19,55,52,100,49,98,
0,30,51,26,37,97,94,107,39,57,43,84,109,9,64,71,78,93,1,88,61,20,5,54,102,24,69,4,14,50,27,18,87,52,70,72,66,79,19,76,106,29,7,38,45,73,49,48,16,91,33,25,60,89,40,82,99,85,58,6,104,17,92,21,11,32,63,41,23,95,22,90,8,68,103,35,59,80,98,75,67,36,74,56,86,28,81,31,108,110,77,53,46,42,3,2,100,13,101,96,83,65,34,10,44,105,55,62,15,12,47,
0,34,1,104,38,6,16,54,53,5,58,7,70,25,2,3,81,97,45,103,28,40,79,86,47,106,92,89,85,90,109,10,23,95,67,37,71,84,64,69,57,27,12,35,14,75,65,61,63,42,15,26,74,59,107,19,94,110,22,41,80,83,60,73,101,8,77,91,99,72,30,9,78,24,18,51,32,43,66,52,13,20,4,36,105,88,100,31,93,68,44,76,48,62,29,87,17,55,49,50,96,82,33,108,98,21,39,11,102,46,56,
0,89,13,41,93,59,44,29,95,75,33,88,101,68,14,50,58,1,107,20,40,51,31,5,3,72,91,66,48,24,4,74,32,12,103,97,35,6,2,34,64,37,62,30,77,109,108,17,96,45,104,79,60,27,25,70,21,65,87,83,54,39,38,46,110,19,80,71,28,9,18,76,81,106,26,85,69,82,11,99,8,94,63,36,55,78,84,98,86,92,15,90,10,7,53,52,16,61,105,49,100,56,57,102,23,42,73,22,47,67,43,
0,100,66,41,42,45,109,5,89,61,17,49,59,105,84,13,88,76,25,22,15,83,1,63,68,91,80,46,81,106,86,20,24,99,101,37,56,27,10,57,6,48,77,39,71,107,7,96,67,44,23,21,108,110,2,74,98,34,69,62,3,94,93,82,73,64,11,104,90,65,51,58,43,75,16,95,19,92,36,70,31,18,28,14,60,87,38,26,78,54,47,40,12,32,55,103,4,35,30,33,8,9,52,53,50,79,102,72,85,97,29,
0,81,41,61,51,49,52,97,13,103,59,93,107,58,29,30,25,22,87,40,56,47,101,96,46,105,31,24,109,94,39,90,91,8,106,6,33,63,9,35,67,27,104,99,34,54,48,64,86,74,44,16,88,100,98,1,21,53,26,83,108,78,17,62,50,43,55,68,15,70,82,60,28,14,110,5,85,12,23,69,65,76,11,3,57,80,19,37,102,92,18,4,84,45,75,38,72,79,10,73,66,36,32,7,77,2,71,95,42,89,20,
0,62,36,34,9,40,31,74,5,97,44,23,53,3,16,51,28,35,25,48,55,63,29,56,20,2,50,60,11,6,58,108,85,39,95,75,99,68,102,70,7,37,4,79,22,103,66,76,21,92,89,33,41,98,17,73,107,72,24,12,57,14,104,49,83,106,59,84,8,77,18,80,45,15,86,47,96,1,87,46,67,71,13,93,42,110,10,88,64,91,94,65,43,81,32,27,69,19,101,82,78,26,30,100,54,61,52,105,90,38,109,
0,46,104,77,57,39,17,84,43,103,101,96,11,24,63,85,31,19,32,42,30,75,49,109,70,67,13,87,56,59,97,81,53,51,36,35,48,54,33,83,38,8,108,9,20,3,105,76,79,60,86,4,90,64,73,2,71,55,1,22,98,66,6,29,58,15,7,27,21,25,12,110,34,94,95,72,26,61,100,78,40,18,14,5,91,107,10,44,47,80,92,16,41,99,52,82,93,37,50,69,23,68,74,62,106,88,65,102,28,45,89,
0,73,105,51,66,1,32,69,29,84,65,37,20,77,95,45,102,35,96,78,19,6,94,26,57,80,76,44,71,38,75,103,100,28,33,60,30,109,53,40,47,27,82,48,87,11,24,25,5,89,88,41,23,46,104,9,90,101,34,14,92,43,106,15,42,10,17,50,61,59,64,97,13,68,72,31,98,55,107,22,85,49,99,21,7,86,39,58,56,18,52,93,91,74,83,110,63,62,108,4,54,67,70,16,79,12,36,2,81,3,8,
0,65,2,47,28,84,36,54,67,1,15,9,74,20,50,98,93,23,75,60,103,76,52,26,109,94,78,96,85,95,41,8,30,104,70,83,59,102,86,48,61,79,69,89,45,81,53,63,71,51,57,110,91,34,16,33,97,100,108,90,42,24,72,3,105,31,10,101,5,49,11,18,62,17,12,7,37,22,19,35,73,39,38,82,99,58,21,64,87,14,66,32,77,55,68,25,107,4,56,27,6,80,13,29,43,46,88,106,40,44,92,
0,79,108,21,84,68,48,91,17,61,60,39,57,23,38,90,107,99,47,64,35,73,70,75,103,72,24,101,55,27,102,5,1,94,20,92,67,71,4,81,30,7,59,6,95,32,106,26,56,53,97,50,16,86,65,52,105,2,9,49,13,74,14,109,96,82,54,41,42,19,46,37,34,36,11,110,78,43,31,3,10,80,8,89,63,33,51,77,104,25,69,45,28,98,40,44,15,100,29,88,18,83,22,87,93,66,76,12,58,62,85,
0,39,85,69,67,2,86,103,17,106,97,47,64,46,90,52,91,95,73,38,75,27,20,25,15,99,57,84,94,100,50,30,4,107,9,42,60,7,102,53,37,110,23,12,31,49,43,16,104,10,108,58,89,63,19,109,24,76,5,65,98,61,72,81,59,22,35,21,93,29,68,3,92,36,62,82,105,70,88,77,6,18,48,44,33,40,51,66,11,41,34,32,74,79,14,8,55,45,83,13,80,1,56,96,54,26,78,101,87,71,28,
0,109,55,66,13,77,11,58,45,15,9,19,28,70,59,16,40,71,74,20,93,95,1,49,6,46,5,68,44,79,25,38,30,64,110,92,63,87,12,90,98,22,73,96,75,82,91,80,36,39,47,24,21,31,57,43,86,42,18,104,83,7,105,10,50,102,72,61,54,2,51,76,4,53,85,37,8,17,3,67,103,78,89,14,35,84,94,56,69,52,34,99,23,41,81,88,33,32,26,108,101,106,62,27,60,48,65,97,29,107,100,
0,59,69,109,49,78,55,4,53,38,11,64,25,20,41,14,13,46,76,99,36,70,54,10,77,33,66,86,98,71,2,3,61,40,45,110,102,97,72,19,56,7,85,68,79,83,23,87,90,48,16,12,104,91,88,34,35,26,15,50,57,30,1,101,81,44,58,39,42,17,27,32,65,43,74,51,89,105,96,52,63,67,5,62,92,9,73,31,8,24,6,37,80,100,107,103,75,29,18,82,95,21,108,47,94,84,93,106,60,28,22,
0,51,28,17,54,72,60,106,82,36,9,11,24,55,30,62,12,47,98,44,75,35,103,105,71,49,45,107,37,67,68,94,13,18,83,99,46,74,56,22,2,26,73,81,38,78,6,86,43,50,63,21,93,42,39,40,48,1,16,19,14,95,58,88,65,85,69,91,25,77,31,7,79,97,96,101,8,5,53,84,90,89,80,100,33,92,15,4,57,110,61,23,109,70,104,20,87,76,10,29,27,64,3,34,59,52,66,41,32,102,108,
0,82,56,59,38,79,110,22,78,61,23,40,81,74,1,109,53,21,55,108,92,44,97,9,63,14,41,51,70,85,10,104,6,60,26,84,68,17,73,102,101,20,5,58,88,43,65,8,100,95,2,89,86,87,54,49,18,13,4,66,103,96,94,62,32,47,16,30,7,105,45,72,34,12,99,91,67,83,19,39,57,29,71,35,90,15,48,69,80,28,3,24,77,11,31,52,107,64,42,93,106,36,75,76,27,50,37,46,25,98,33,
0,101,43,62,76,51,94,1,35,39,75,37,50,107,8,57,74,54,13,98,16,44,21,109,41,72,18,7,40,106,48,108,49,32,58,60,30,38,61,55,19,96,102,104,91,65,71,84,90,66,15,23,10,14,59,95,77,46,20,24,105,68,11,80,25,79,3,33,73,42,5,97,34,85,100,28,81,88,36,64,53,17,9,45,83,86,6,69,12,4,31,63,89,26,93,27,2,99,47,87,110,78,82,22,67,70,56,92,103,29,52,
0,8,69,6,43,33,102,39,64,30,109,1,85,57,58,91,80,27,61,93,77,100,105,104,21,60,73,97,53,68,28,18,44,14,70,36,96,82,95,107,54,10,88,92,46,24,65,35,110,67,5,37,81,31,59,94,29,106,75,71,78,9,16,101,108,3,74,26,83,15,86,103,2,99,62,34,89,45,55,22,66,47,63,41,87,42,11,49,23,52,90,4,17,20,76,13,84,48,56,72,40,79,50,98,51,32,25,7,12,19,38,
0,34,19,36,97,93,31,7,95,109,38,43,25,56,60,75,5,86,77,64,57,79,104,15,22,51,41,87,21,107,99,28,89,78,8,47,48,4,14,2,53,85,9,73,45,46,3,42,63,69,17,101,91,74,92,102,32,20,59,40,65,90,98,23,83,58,52,24,106,11,44,96,110,105,68,10,33,1,39,37,81,70,80,18,84,6,108,67,61,94,26,30,100,49,82,27,50,35,12,88,71,54,66,72,103,62,13,29,76,55,16,
0,97,33,9,90,109,17,36,10,42,84,47,65,54,46,27,81,87,31,91,28,101,69,16,50,13,60,35,41,92,107,58,56,55,44,63,71,88,19,106,7,1,24,76,48,86,57,18,49,61,79,39,73,6,3,20,80,34,108,67,29,30,75,77,98,53,74,64,23,11,82,52,15,43,26,70,100,83,99,89,12,68,78,93,5,72,38,102,40,94,22,32,59,103,104,45,14,96,110,105,85,37,21,4,2,51,8,25,66,62,95,
0,23,51,48,20,72,73,36,81,32,91,88,108,56,2,34,26,62,55,102,93,16,74,86,10,12,13,109,57,107,99,87,106,76,3,101,78,33,82,40,14,28,24,39,94,100,59,11,9,103,25,75,68,21,53,60,83,52,71,89,54,66,69,41,49,79,4,80,65,8,61,45,30,110,84,43,15,96,7,44,19,37,5,92,47,97,42,29,18,98,63,67,35,105,50,27,31,6,104,95,90,70,17,77,46,58,85,22,64,1,38,
0,88,30,18,106,54,64,100,17,107,1,55,3,21,74,67,68,23,31,6,48,97,44,96,50,104,46,83,103,58,108,15,82,22,109,38,47,80,26,37,5,43,70,72,101,53,25,20,12,10,9,91,49,94,41,92,29,110,78,93,99,51,45,77,69,59,61,79,4,60,36,98,42,102,76,62,52,73,33,28,90,71,95,27,81,85,34,40,16,35,13,63,57,14,24,89,56,86,8,11,66,7,105,2,87,75,84,19,32,39,65,
0,24,28,56,29,35,59,45,94,40,89,110,60,5,84,95,102,33,15,2,71,70,22,20,26,39,99,9,109,21,27,47,90,68,44,30,75,76,105,11,108,66,61,55,107,4,74,7,23,17,34,54,104,81,14,10,41,91,3,98,92,57,12,38,43,101,80,65,8,51,67,48,13,52,106,100,16,85,62,79,97,6,73,25,64,46,37,18,53,96,19,88,49,83,86,36,31,78,82,32,63,72,103,50,1,77,87,69,42,93,58,
0,56,2,52,109,85,46,44,66,37,24,18,16,36,8,94,79,7,55,110,58,102,60,96,83,11,99,53,19,91,65,67,50,21,42,95,35,92,71,47,104,49,10,72,77,57,43,12,75,59,48,28,82,101,69,22,62,14,74,100,88,23,51,81,73,6,15,30,9,34,33,97,20,4,38,41,106,25,103,17,84,107,13,39,32,27,26,76,98,29,80,93,31,105,1,89,54,68,64,40,78,86,70,108,3,63,90,45,87,61,5,
0,108,15,100,103,49,54,56,89,50,93,34,18,65,2,74,7,97,101,26,51,75,96,4,107,69,95,11,77,29,87,31,35,58,84,16,70,43,46,99,88,105,5,64,79,104,60,106,8,78,17,91,38,39,52,85,30,10,53,94,23,14,22,37,102,12,86,55,63,32,36,66,48,33,68,67,92,21,44,109,28,71,82,90,72,81,13,83,24,3,42,19,76,1,45,59,27,73,40,9,62,57,98,41,25,61,110,20,47,80,6,
0,40,70,14,84,13,92,12,94,90,102,24,83,98,96,100,108,110,26,34,86,3,18,97,56,44,52,76,25,106,38,29,61,28,93,1,71,23,19,60,9,33,77,89,8,99,105,17,109,69,36,27,91,64,20,59,47,87,66,51,101,16,41,74,62,58,37,53,103,78,15,22,54,31,21,95,67,5,11,6,43,30,42,82,80,50,49,88,65,4,46,75,63,107,45,39,79,68,48,57,2,104,35,55,81,10,73,85,32,72,7,
0,54,62,60,48,18,104,75,89,29,39,41,3,44,38,24,58,107,45,61,47,5,17,10,59,82,64,110,67,50,34,27,7,87,43,81,4,40,35,51,49,99,8,65,90,52,14,37,70,103,13,36,105,86,98,71,80,46,84,83,73,21,33,66,20,25,102,78,74,28,1,108,88,91,53,11,6,96,30,15,26,72,16,93,101,2,42,95,57,23,68,63,79,32,100,76,77,106,85,9,12,55,31,69,22,92,94,97,19,109,56,
0,35,54,91,100,56,80,89,16,40,34,18,38,63,24,76,90,106,33,83,74,25,29,92,70,41,87,47,86,96,53,31,64,72,39,62,55,46,45,6,105,94,68,61,66,109,22,5,43,10,12,9,84,97,99,36,93,103,11,14,17,42,57,75,98,69,23,104,3,51,2,81,73,108,8,71,95,102,50,7,13,26,107,28,44,110,58,20,88,67,15,27,78,32,82,37,19,79,49,85,77,4,48,30,59,21,101,52,1,60,65,
0,82,26,110,41,69,37,49,5,19,53,46,42,74,6,55,97,106,40,104,93,96,108,59,67,4,61,13,87,48,99,18,103,51,43,94,30,35,44,16,10,66,57,12,62,50,105,15,84,38,32,60,27,65,31,8,36,22,63,98,91,89,20,73,95,100,76,107,58,45,28,7,25,17,24,2,34,81,78,71,47,85,33,9,109,21,83,68,3,80,23,102,72,52,39,101,70,14,64,11,56,54,75,86,88,90,79,29,92,77,1,
0,23,28,29,18,60,7,89,64,84,1,101,78,81,52,45,51,55,3,102,38,39,100,93,106,103,62,47,13,10,37,90,58,44,48,21,15,34,72,87,85,108,80,4,53,73,97,32,25,86,67,2,11,79,14,68,43,35,50,107,82,74,88,91,40,49,33,8,41,36,61,26,94,63,46,109,27,98,95,16,105,17,20,24,92,12,104,71,83,6,31,9,70,66,96,5,69,59,30,19,76,56,99,54,57,65,77,75,110,42,22,
0,38,69,67,85,28,46,2,77,14,49,78,109,36,86,68,96,79,43,31,4,105,60,50,18,35,73,84,27,17,58,97,95,7,91,15,12,53,87,82,104,25,107,72,63,51,32,92,54,26,1,81,39,62,33,47,16,80,56,66,42,101,22,48,44,100,65,3,99,83,74,76,106,5,40,6,102,89,10,94,9,24,34,41,52,110,21,103,59,98,70,23,20,64,8,71,61,55,37,29,19,108,30,45,90,88,13,11,93,57,75,
0,66,108,37,30,78,67,7,92,61,31,48,49,9,102,4,42,64,19,51,29,10,88,13,45,57,103,1,59,24,84,17,53,15,99,73,27,83,65,98,12,34,56,18,77,94,52,105,95,106,87,93,62,20,25,104,14,22,40,82,76,41,11,107,3,54,100,21,47,36,33,80,8,74,79,75,69,91,23,96,63,39,85,70,72,35,86,28,16,55,50,38,58,60,46,43,71,68,110,81,5,90,32,89,2,97,109,44,26,101,6,
0,42,28,75,91,85,1,24,96,69,58,92,25,50,77,45,56,107,41,51,61,23,5,89,90,66,62,103,101,84,32,68,52,95,102,57,36,11,99,97,9,86,22,83,38,29,40,3,14,80,72,70,49,67,108,88,100,26,39,71,6,18,46,65,55,8,78,53,20,7,81,110,60,27,76,105,12,19,87,63,16,64,74,13,104,93,2,33,4,30,31,17,10,106,73,109,21,43,82,54,35,79,94,34,59,48,98,47,44,15,37,
0,110,8,5,65,63,101,15,71,28,14,47,42,77,107,83,48,20,44,72,37,95,68,75,43,76,53,3,18,24,67,12,105,66,23,57,78,97,102,85,99,100,52,33,80,17,62,31,26,21,56,74,94,2,40,51,38,10,11,16,90,81,27,39,54,1,59,98,91,7,82,104,69,6,96,61,70,9,58,73,89,60,103,106,35,92,84,32,4,41,108,79,36,64,50,93,30,25,46,19,49,45,88,22,87,86,29,13,34,55,109,
0,86,5,89,39,108,48,59,51,78,65,42,12,33,85,79,58,22,13,53,68,16,83,23,25,57,106,46,75,95,18,49,7,35,88,26,69,43,41,10,8,104,28,81,1,71,74,21,60,31,32,110,103,109,36,27,91,70,76,73,99,4,47,17,94,92,40,50,96,90,29,82,63,45,107,38,9,102,66,3,61,20,101,62,77,56,64,24,87,6,93,52,67,80,72,19,44,15,55,34,14,37,84,100,11,105,54,97,2,30,98,
0,39,77,55,59,44,60,57,21,97,92,66,90,38,11,88,80,13,47,50,49,20,87,93,61,9,107,78,72,25,5,48,29,41,53,32,64,54,71,58,12,81,30,35,67,18,14,100,37,101,42,109,68,99,102,104,84,106,79,36,1,83,105,108,31,91,56,6,24,103,51,46,70,4,98,15,33,27,43,19,86,26,3,95,22,10,110,85,73,16,34,52,69,96,8,40,45,63,65,75,2,28,17,7,74,23,62,76,89,82,94,
0,100,9,75,15,17,40,97,108,48,8,38,42,52,31,34,91,23,58,51,90,63,74,105,1,24,70,94,14,83,25,61,3,32,109,28,81,13,107,88,57,46,93,53,76,80,67,47,85,12,22,39,92,64,45,79,29,104,2,69,77,110,36,71,10,56,60,101,4,73,18,54,44,21,99,86,33,50,68,11,66,102,62,6,106,78,98,19,30,87,5,103,82,43,26,96,41,65,89,37,72,95,49,20,16,27,7,35,59,84,55,
0,26,92,80,62,24,78,64,22,61,105,1,101,87,9,65,83,11,103,43,23,85,67,48,90,55,18,38,53,110,97,4,58,27,5,15,13,76,2,84,29,107,86,77,19,16,47,31,52,82,95,99,49,94,69,46,109,35,106,59,72,10,93,17,100,12,81,39,14,66,89,70,42,20,71,98,88,79,44,21,57,60,32,30,41,37,3,51,7,74,75,108,91,34,8,73,50,102,6,40,56,104,63,36,54,28,33,96,68,45,25,
0,85,87,6,73,96,49,81,28,37,63,69,48,65,75,19,21,35,79,67,100,4,92,10,72,94,24,20,110,12,74,29,15,104,56,55,77,54,106,27,62,41,14,98,43,90,91,1,51,23,22,102,108,7,88,39,9,5,103,95,86,101,8,93,64,59,38,80,60,71,3,57,40,46,70,52,2,99,13,17,16,53,33,58,89,30,36,42,61,32,26,11,68,50,82,76,25,31,107,34,109,105,47,97,78,45,83,84,66,44,18,
0,31,57,7,33,41,69,78,19,90,15,3,105,36,10,60,58,92,37,91,23,97,79,84,96,61,73,65,40,102,94,6,39,53,50,100,45,46,32,34,87,106,24,80,2,29,4,47,104,44,108,54,72,35,68,77,109,14,1,38,62,88,8,75,25,51,20,16,13,59,110,55,85,12,48,89,74,27,26,76,70,52,71,17,22,30,18,42,21,56,63,86,67,43,99,49,66,93,83,28,9,11,64,101,82,5,95,98,103,107,81,
0,16,20,58,39,34,106,109,3,31,35,18,110,13,23,54,93,65,12,97,81,56,89,103,15,102,71,63,85,47,83,43,4,76,17,9,101,14,22,48,44,32,74,7,75,82,37,61,52,45,10,46,100,87,26,50,11,42,8,51,107,41,96,57,49,64,2,24,88,6,55,59,29,91,38,73,69,92,21,53,5,105,70,25,33,19,108,80,30,1,86,94,104,67,68,62,78,79,27,60,40,90,99,95,84,72,66,98,36,28,77,
0,70,5,64,68,29,11,41,109,23,47,73,19,31,75,39,91,63,79,89,59,100,52,48,104,9,77,98,103,99,74,51,76,21,97,17,40,95,96,82,7,43,33,88,69,28,92,12,22,72,10,105,14,83,20,8,44,71,84,53,58,102,78,50,87,16,38,65,49,15,46,30,2,34,93,1,24,54,3,106,26,35,110,55,32,18,107,25,60,56,80,90,61,4,101,6,42,86,66,67,62,85,108,94,57,81,36,27,45,13,37,
0,102,58,36,100,55,90,28,71,67,40,14,74,87,33,91,21,27,26,94,15,110,80,65,93,85,61,11,79,20,82,16,32,59,10,38,9,17,6,46,47,81,76,34,29,103,13,7,39,23,50,66,25,107,96,106,63,41,70,30,60,89,105,97,49,31,72,77,109,56,3,8,1,2,64,4,43,92,69,24,73,84,68,5,48,83,53,44,57,99,35,104,12,19,51,88,62,52,95,108,45,22,75,42,101,98,54,18,37,86,78,
0,59,27,98,40,55,107,19,90,37,23,35,103,6,86,25,56,30,22,1,108,75,9,18,4,83,62,77,89,43,105,46,42,2,97,69,68,60,47,5,17,16,63,92,71,104,74,20,96,8,33,72,34,67,58,99,41,51,57,81,15,28,79,78,73,48,91,95,82,31,94,36,44,50,100,85,39,53,21,76,49,64,52,106,26,14,10,109,110,70,66,12,7,29,11,32,65,45,38,88,101,102,80,93,13,24,84,61,87,54,3,
0,49,91,94,60,92,40,8,59,98,42,79,90,84,88,104,3,95,93,74,64,77,86,15,53,27,105,78,58,6,110,1,5,4,44,13,69,73,10,70,47,61,36,32,25,22,57,89,7,39,35,19,28,83,54,34,100,80,107,68,43,67,16,106,75,56,11,41,108,14,51,17,87,31,102,12,101,71,23,76,99,2,30,72,97,65,26,63,66,18,21,109,29,50,46,81,9,45,52,103,33,20,82,96,24,85,37,55,38,62,48,
0,16,88,103,78,32,4,58,65,54,95,59,93,86,21,33,45,25,73,50,89,19,63,87,70,5,6,101,52,18,1,107,35,79,34,11,105,99,27,61,72,100,22,106,57,37,96,75,109,83,55,80,90,20,76,67,47,15,31,56,71,39,94,64,102,110,91,38,41,51,44,9,77,14,97,62,81,12,60,42,23,7,13,85,46,43,53,3,68,29,8,36,84,108,49,10,82,2,74,98,48,26,69,92,28,17,30,40,104,66,24,
