0,86,11,123,36,58,32,23,1,87,38,101,18,45,140,4,109,89,6,49,52,97,112,134,125,132,63,67,117,118,42,114,127,31,84,69,54,111,102,91,25,113,57,78,59,137,81,85,95,10,5,110,41,96,77,19,27,108,128,116,13,70,99,138,115,62,139,7,12,44,26,28,98,39,104,79,103,43,92,93,130,24,65,53,106,47,83,61,46,35,68,88,29,8,64,55,56,124,51,34,94,119,121,74,80,131,129,82,37,2,17,40,30,21,90,71,120,50,14,73,126,33,122,105,66,136,72,76,3,15,60,75,133,48,16,22,9,100,107,135,20,
0,23,21,140,124,46,31,15,12,19,28,86,101,14,7,27,66,104,1,91,78,16,122,72,39,84,115,93,120,95,134,51,132,82,58,8,114,70,85,37,111,54,65,89,61,73,80,126,69,102,128,138,45,121,116,94,20,112,43,60,67,118,109,13,25,22,88,44,11,119,136,98,40,50,57,49,33,133,83,76,3,2,34,62,108,42,113,24,110,64,127,68,79,96,100,52,77,32,5,56,131,6,29,92,55,106,81,26,30,4,87,107,139,48,63,105,137,53,17,99,9,18,41,59,129,47,97,125,90,36,123,71,74,103,10,38,130,75,35,117,135,
0,12,132,108,24,98,32,10,39,1,56,118,92,8,115,79,71,74,101,119,127,58,72,73,25,16,112,62,82,47,54,100,35,103,117,70,93,64,99,91,86,9,46,89,61,50,124,131,107,136,133,63,88,20,53,23,51,68,17,5,26,18,67,40,96,33,111,30,104,28,130,48,106,57,43,45,66,7,83,140,3,135,59,113,29,125,4,138,11,60,31,19,129,42,78,123,22,120,38,134,110,69,37,80,15,95,65,6,128,84,14,77,34,52,44,94,114,36,75,139,55,81,105,76,41,90,49,116,121,102,109,87,85,97,126,137,21,13,2,27,122,
0,61,9,67,53,5,29,127,64,77,94,19,118,107,47,2,52,119,101,83,21,76,45,50,14,32,126,100,10,65,128,63,7,28,44,18,13,88,20,43,105,139,34,120,103,81,74,110,109,37,62,3,104,48,42,116,117,72,40,122,129,73,75,54,11,134,82,35,86,66,80,124,23,68,99,121,97,41,16,1,135,132,112,24,31,15,92,49,25,96,85,27,125,131,4,59,17,69,108,22,33,98,12,140,6,136,60,115,106,93,90,8,38,91,114,58,39,102,111,113,36,51,71,84,130,56,70,89,55,137,87,95,79,26,46,133,78,123,138,30,57,
0,90,133,110,128,44,27,33,131,74,16,94,70,137,51,135,73,22,123,40,108,59,109,134,34,93,98,126,53,56,58,115,129,77,82,136,36,96,62,38,49,92,99,132,78,139,30,67,76,55,68,25,43,116,57,106,113,50,75,81,47,29,5,71,95,52,122,28,97,120,102,9,20,18,7,13,66,72,15,84,14,86,37,85,103,119,112,79,2,89,19,101,105,121,10,138,118,69,32,83,24,91,35,61,80,3,63,64,21,17,42,8,87,65,1,88,130,41,125,111,117,100,39,6,124,12,26,107,140,11,60,127,54,48,45,114,46,104,23,4,31,
0,35,50,4,104,41,46,85,10,129,12,59,103,36,125,1,54,3,78,76,97,65,108,121,42,112,27,136,45,140,82,20,52,16,95,71,69,40,126,90,72,61,87,99,7,110,88,32,105,137,98,109,24,21,83,63,19,23,138,31,37,89,133,70,18,68,117,80,56,14,116,75,60,79,51,106,55,53,2,118,67,114,123,11,66,25,47,9,92,8,130,102,44,49,93,38,139,48,43,30,127,135,111,94,39,34,26,113,62,29,120,13,58,101,124,84,81,131,86,15,119,100,132,122,22,128,73,64,134,91,5,6,57,96,33,17,107,74,115,77,28,
0,131,68,76,13,27,65,29,102,31,37,117,137,32,138,85,134,94,66,40,82,87,14,118,96,73,20,139,126,30,110,119,71,124,114,115,23,70,103,121,136,81,58,15,55,74,16,113,26,95,35,12,140,86,99,64,8,78,56,91,52,57,84,19,107,98,49,63,18,127,48,3,51,120,39,38,72,125,45,44,53,67,75,101,6,1,34,62,59,7,92,116,123,106,88,90,4,10,111,22,36,60,21,50,69,28,133,2,128,46,9,83,109,100,122,112,104,54,25,97,41,47,42,11,108,33,129,80,132,17,43,77,105,5,79,93,89,24,130,61,135,
0,4,12,103,107,85,95,130,96,120,48,133,44,76,23,18,42,112,29,79,122,13,81,22,129,84,63,58,16,134,14,49,32,40,116,55,106,127,15,35,67,62,69,33,73,31,83,17,53,91,111,72,38,66,39,25,82,51,100,9,34,125,90,65,128,57,75,105,37,132,43,124,2,1,28,80,118,68,136,87,115,138,135,27,6,74,36,108,121,47,78,50,109,101,45,137,56,126,7,52,89,102,104,123,11,113,93,99,110,94,71,3,19,88,61,92,46,70,54,21,24,97,5,30,20,8,26,10,77,64,59,114,119,41,86,98,140,131,60,139,117,
0,55,62,123,15,34,54,109,98,118,33,25,63,61,68,18,17,108,106,23,89,138,53,9,57,41,44,131,120,69,52,107,90,93,117,56,16,4,114,96,116,97,39,2,137,66,99,12,60,59,129,140,20,42,5,122,32,105,88,133,64,80,130,132,26,87,124,84,31,86,126,37,35,111,78,75,101,40,134,104,51,71,24,14,72,22,49,81,28,79,103,100,121,58,13,3,95,127,65,136,11,119,6,91,1,7,47,36,50,113,43,76,21,125,82,70,74,135,110,85,112,29,45,139,10,73,92,102,48,77,128,67,19,115,8,83,30,46,94,38,27,
0,4,66,85,129,48,93,99,23,120,41,63,126,6,90,12,33,137,65,18,140,19,96,9,2,94,34,67,44,3,30,7,132,138,107,56,13,59,130,103,43,110,11,104,81,109,68,5,58,106,15,128,102,100,69,72,125,89,87,45,35,121,50,46,113,91,80,124,92,73,114,95,115,134,86,139,31,118,49,51,57,38,117,82,52,60,74,8,16,84,21,70,77,97,61,78,62,105,29,53,88,25,14,64,36,27,116,98,28,83,79,133,101,20,42,24,55,54,122,37,32,127,112,135,76,119,131,123,136,71,47,75,17,40,1,111,39,10,26,108,22,
0,47,56,25,97,75,10,126,86,128,78,36,115,23,133,104,76,98,131,109,65,80,73,58,35,113,27,64,29,3,32,42,112,61,37,102,105,9,77,12,101,138,118,33,22,136,103,8,87,129,5,2,4,40,18,70,20,111,19,43,16,71,39,38,55,91,1,85,60,72,6,66,122,96,11,119,31,121,30,135,26,28,79,95,48,57,114,62,125,106,124,140,90,116,88,63,99,137,49,92,21,17,93,24,59,69,82,123,139,132,108,50,120,34,53,45,94,68,117,89,127,13,44,134,110,14,107,54,51,81,46,83,52,7,41,100,130,74,84,15,67,
0,127,110,126,130,112,115,60,129,78,28,122,39,95,123,21,86,106,72,63,101,50,49,87,125,26,128,91,74,13,140,76,52,118,67,9,121,92,133,17,48,114,137,53,93,135,3,4,18,100,46,98,23,45,41,103,109,65,7,37,89,34,10,20,94,70,107,88,120,14,79,40,54,47,90,19,57,85,8,16,138,71,116,136,132,119,117,96,25,11,113,12,69,44,68,38,2,15,27,111,42,58,81,30,24,29,55,102,51,108,61,83,139,82,64,36,97,80,124,59,73,1,84,105,56,31,32,75,77,35,62,131,43,134,66,104,33,5,22,99,6,
0,2,8,27,121,16,120,29,126,95,112,125,137,58,12,61,115,78,51,6,122,47,86,110,42,17,69,77,114,91,80,90,65,103,25,101,67,19,109,138,15,81,48,98,40,106,82,134,72,94,64,71,84,24,99,36,113,73,88,92,9,11,32,117,7,38,26,59,140,63,45,89,18,28,139,136,131,46,56,93,116,130,107,35,79,10,87,60,49,41,31,53,14,118,52,100,111,132,128,43,57,23,20,62,119,97,21,13,50,37,55,5,66,135,68,83,124,70,108,34,44,85,4,33,22,96,30,102,127,3,39,74,133,104,123,129,76,75,105,54,1,
0,108,25,55,124,13,39,91,30,34,71,58,111,42,94,116,120,16,115,15,99,17,97,107,19,54,87,113,47,37,62,41,93,24,49,66,75,79,72,46,69,127,126,117,45,61,29,131,36,102,103,9,92,18,20,129,3,59,128,7,10,56,38,40,2,89,100,122,109,119,83,123,70,96,139,33,65,121,78,110,82,105,81,35,130,43,31,26,28,133,8,4,73,76,44,23,11,32,80,64,14,27,6,84,98,21,134,125,135,57,52,112,136,106,101,90,60,48,74,95,12,53,104,118,88,138,50,86,67,137,51,68,5,77,22,63,140,114,132,85,1,
0,88,123,134,1,74,105,124,30,122,111,112,119,14,117,103,19,65,40,104,18,135,11,71,47,52,125,69,127,84,26,16,96,91,136,121,87,5,138,32,106,57,4,68,3,110,50,22,86,53,34,25,29,58,137,93,39,13,21,60,73,98,38,95,99,41,78,9,126,108,102,36,46,20,28,10,82,8,94,107,140,133,77,100,24,17,85,101,76,72,56,75,35,89,42,97,33,118,79,63,49,64,139,83,66,6,31,51,80,128,92,37,44,132,109,43,90,116,114,59,130,120,54,129,70,55,113,115,62,23,2,61,131,15,7,27,48,45,67,81,12,
0,96,41,44,61,124,83,75,6,114,26,134,31,88,46,126,113,116,32,25,101,1,27,112,37,2,110,90,123,118,43,98,127,129,60,11,100,122,85,120,138,73,121,56,22,95,62,42,92,91,5,45,84,30,17,130,108,77,20,23,104,58,38,139,135,97,53,54,7,52,87,71,24,66,57,3,40,16,78,59,50,28,18,76,29,131,64,34,128,107,117,111,19,109,68,48,72,82,51,55,47,105,8,39,9,10,35,132,80,125,12,136,89,63,102,137,69,86,70,133,79,67,99,14,15,93,74,103,81,119,13,65,4,140,49,36,94,115,106,33,21,
0,60,108,139,73,17,68,128,19,113,130,52,57,80,14,45,33,134,31,2,44,79,100,15,84,22,30,32,124,88,10,59,21,16,53,140,105,102,46,74,96,18,115,58,119,117,129,65,85,50,43,111,67,83,39,7,138,48,34,3,40,92,42,90,109,9,86,106,114,26,28,131,116,136,93,81,72,20,78,35,75,47,66,107,55,89,24,71,51,125,137,123,4,126,112,63,76,41,135,118,91,121,97,37,13,12,94,5,8,98,120,64,122,29,54,82,101,61,23,11,6,38,110,104,70,27,133,77,49,62,56,87,36,25,1,99,127,69,103,132,95,
0,7,103,11,139,56,127,36,101,47,130,68,6,29,66,90,41,112,25,108,13,61,115,105,27,15,58,137,83,46,62,24,114,124,20,2,37,123,72,14,67,73,44,54,75,119,18,39,118,132,50,53,135,1,31,16,21,35,70,51,45,134,91,99,104,3,86,98,42,19,140,5,107,30,60,82,87,77,95,71,117,94,133,55,28,88,12,23,80,89,79,33,106,125,110,129,78,49,64,65,22,126,32,131,9,38,10,81,4,93,8,69,59,34,102,138,109,111,84,136,63,76,128,113,116,92,17,85,120,122,74,40,96,100,48,26,57,97,52,43,121,
0,68,122,6,35,29,71,127,4,108,95,107,112,48,80,140,46,103,13,124,18,105,27,138,132,39,10,73,24,7,113,56,98,99,88,81,66,21,38,100,110,134,90,55,3,64,97,62,28,12,14,129,44,96,37,15,50,26,47,119,41,94,25,34,101,9,87,111,89,135,115,82,114,77,92,74,61,93,76,45,67,137,91,128,130,22,109,104,78,75,49,8,23,17,139,118,117,60,5,1,123,53,70,32,84,86,116,120,11,102,85,72,20,106,136,43,16,126,58,33,69,59,51,65,133,54,52,36,57,79,40,42,131,31,2,63,83,125,19,30,121,
0,49,95,10,41,91,82,105,33,98,65,4,53,40,20,140,78,18,111,48,19,24,32,97,139,74,21,60,100,54,99,38,125,5,14,72,29,3,26,17,25,86,12,42,69,7,107,56,67,9,59,96,51,120,46,39,90,11,34,64,50,88,113,37,108,87,119,118,62,23,115,35,1,130,47,131,89,112,117,122,85,66,127,2,36,94,58,83,68,121,52,27,104,126,134,123,31,132,102,6,81,109,128,114,103,136,116,15,30,106,43,75,22,63,45,44,16,124,133,28,57,84,137,8,101,76,73,61,79,129,70,92,110,77,135,138,13,80,55,93,71,
0,95,5,129,17,133,38,89,87,90,16,82,130,11,112,2,58,26,124,97,42,47,10,80,100,71,21,35,128,43,52,138,22,105,83,79,34,25,76,63,68,13,56,30,75,118,66,123,18,70,37,117,104,41,32,40,81,92,126,132,24,62,99,69,23,110,29,33,55,86,102,46,54,78,125,39,121,136,103,74,65,93,96,44,115,101,3,135,60,134,139,131,85,57,31,119,51,127,114,107,59,8,6,116,122,19,12,49,109,113,137,72,48,45,15,98,1,28,50,4,20,27,53,77,84,91,67,88,7,36,108,140,9,73,120,106,111,64,61,94,14,
0,23,5,122,84,31,66,13,11,61,72,104,6,125,126,54,94,90,55,16,2,77,28,83,108,9,35,27,51,124,76,114,89,50,138,88,121,128,14,93,18,15,48,92,33,81,78,47,43,109,12,39,44,7,30,20,41,105,45,115,73,133,98,62,127,135,96,111,42,58,34,113,32,24,46,112,29,95,63,102,75,71,120,1,91,8,67,100,99,74,21,130,60,106,118,107,65,40,49,82,53,59,25,69,17,22,97,129,86,70,140,36,80,116,85,134,52,103,37,10,139,79,56,87,19,123,57,38,4,101,117,137,3,136,131,132,110,26,119,68,64,
0,134,72,126,10,105,116,44,112,1,21,52,49,65,122,54,11,23,110,27,84,135,104,34,64,93,100,56,82,106,37,42,81,107,14,99,13,121,12,133,128,123,136,47,86,6,50,28,24,5,124,2,38,90,59,139,70,77,39,132,138,129,119,9,67,32,87,45,98,85,127,91,7,41,88,51,31,71,131,113,80,20,103,89,48,57,94,75,4,97,117,58,78,95,35,79,18,102,66,96,92,16,76,60,3,111,43,109,8,17,26,125,83,36,55,62,19,137,118,30,25,29,101,69,46,68,120,108,61,63,40,74,114,15,73,22,130,115,53,140,33,
0,68,28,135,77,2,14,101,24,119,120,45,11,115,96,89,29,38,55,33,97,102,49,66,30,20,105,90,107,67,92,87,136,84,133,85,116,63,26,86,60,125,51,112,57,56,80,106,117,121,81,23,123,5,71,131,93,50,95,73,76,42,13,100,44,3,16,94,134,91,59,127,8,104,7,140,122,25,137,22,124,36,31,130,48,6,99,78,52,41,69,4,118,111,98,43,88,61,17,39,103,40,35,37,70,19,15,72,128,46,132,108,47,74,10,58,126,129,114,18,139,62,54,83,138,12,21,75,82,32,53,27,110,79,109,9,64,113,1,65,34,
0,4,133,72,57,115,52,63,8,124,27,26,42,86,106,25,78,59,81,7,54,66,16,117,140,111,118,75,137,98,96,116,14,41,15,139,39,138,65,103,128,30,79,76,135,37,101,60,3,112,36,38,5,95,67,61,120,53,123,122,2,74,34,68,71,127,109,40,93,47,17,130,84,102,90,70,134,21,100,18,58,48,88,31,89,99,83,121,62,110,73,108,85,10,136,87,55,91,51,13,12,125,97,35,82,45,20,92,46,44,43,105,49,132,24,50,104,23,19,69,77,131,107,94,11,126,114,6,56,113,80,1,28,9,29,32,64,129,22,119,33,
0,86,35,68,110,60,126,54,32,5,117,63,21,39,28,88,132,103,128,113,94,136,15,67,44,61,78,118,102,83,115,85,64,27,81,80,99,119,24,79,51,12,125,33,92,114,124,106,2,70,71,129,6,31,40,74,46,10,26,58,139,100,1,87,93,4,43,116,19,72,77,23,22,30,69,90,62,56,13,42,101,137,138,121,127,133,50,135,53,97,45,84,25,73,105,47,122,8,109,134,34,130,3,108,48,17,66,120,82,18,96,107,37,20,75,140,9,111,36,95,49,65,112,59,14,55,38,76,123,29,7,16,89,57,98,91,41,11,52,131,104,
0,130,87,7,85,5,88,68,129,102,106,108,66,30,97,11,28,21,96,127,67,138,47,79,51,107,57,93,128,99,60,53,98,23,134,55,33,119,92,61,136,76,48,117,13,139,116,131,112,38,22,72,6,91,71,90,26,9,109,19,118,121,39,56,135,50,44,63,12,133,34,124,94,78,114,27,16,137,140,122,62,45,77,4,73,125,84,75,46,95,35,31,105,52,83,54,17,29,18,15,43,100,42,86,25,65,111,36,81,80,103,58,37,64,126,59,110,41,40,104,3,132,74,101,10,24,70,69,115,2,49,89,82,20,32,14,8,120,123,113,1,
0,49,123,111,61,77,81,80,26,88,2,5,60,38,51,56,140,30,9,18,54,127,65,71,108,11,117,105,37,95,78,41,72,57,112,135,6,99,106,42,92,110,13,90,1,129,119,86,21,4,34,3,121,118,10,130,115,55,35,63,31,126,16,19,136,85,103,24,82,114,66,122,139,48,109,128,137,87,32,12,58,74,116,75,40,134,25,68,79,47,45,138,98,20,102,62,29,104,36,83,59,132,7,27,120,67,44,69,46,94,125,100,93,113,17,73,8,64,131,23,91,89,22,84,107,101,43,15,97,96,53,52,76,33,39,14,133,124,70,50,28,
0,26,69,10,97,92,118,20,93,120,107,90,89,113,70,63,84,1,3,111,105,22,96,121,126,42,125,83,35,29,123,23,114,7,109,130,110,8,45,18,76,117,39,28,52,37,47,106,140,43,75,34,31,44,67,104,58,115,15,17,101,80,108,127,55,65,79,128,87,4,51,32,66,13,131,134,56,82,54,81,53,11,57,99,98,14,129,33,124,46,94,138,86,25,95,59,62,12,68,78,73,16,116,38,137,5,19,71,9,24,132,102,88,36,112,64,21,77,60,139,133,2,122,91,41,100,40,103,85,72,49,30,50,136,27,61,6,74,135,119,48,
0,15,111,1,27,69,115,32,45,93,126,70,104,92,85,35,117,88,130,34,50,112,7,137,14,89,94,13,10,139,72,97,108,116,58,79,113,55,75,101,54,102,95,23,51,81,24,124,135,128,47,38,53,91,96,133,134,59,3,49,43,100,5,140,2,87,103,74,16,84,52,122,65,22,42,107,6,57,37,98,11,44,136,77,129,82,83,71,66,18,64,20,123,67,110,63,80,127,114,48,33,41,73,12,26,17,8,40,29,106,90,86,99,9,78,46,19,62,120,76,25,131,132,56,109,28,31,39,138,36,21,60,4,125,68,119,61,105,30,121,118,
0,72,108,117,58,128,57,30,39,98,36,6,9,88,31,105,61,41,101,65,44,3,13,79,2,45,94,21,100,118,28,71,99,67,12,132,70,136,62,50,66,131,127,42,37,52,64,10,54,125,17,122,1,8,80,24,11,95,15,56,19,16,96,35,23,5,137,69,81,109,34,51,91,25,20,46,102,60,48,73,133,85,87,38,4,130,110,116,115,7,26,43,121,27,126,63,97,106,114,104,129,92,103,40,55,83,47,111,120,124,29,33,68,107,82,138,32,119,18,112,90,139,75,89,14,77,22,123,78,140,93,135,134,84,74,53,59,113,49,76,86,
0,30,15,55,49,88,65,31,132,54,133,113,107,136,93,117,129,91,83,47,121,4,56,12,90,13,38,23,77,85,45,134,24,112,10,51,6,22,78,64,35,76,18,16,41,123,25,101,2,69,26,138,34,37,120,110,95,96,1,74,127,50,81,82,87,62,39,118,125,131,66,44,92,72,42,28,33,46,3,7,17,122,111,137,57,109,124,36,116,11,52,53,135,108,8,67,60,119,89,139,20,115,61,70,100,27,140,105,130,71,14,29,106,40,128,9,32,86,99,63,79,126,97,19,5,58,59,94,114,68,75,80,43,98,103,21,73,104,48,84,102,
0,29,112,12,4,34,3,92,80,61,113,110,18,109,71,49,26,126,28,24,51,84,74,55,79,19,98,25,115,8,33,105,85,35,99,128,136,103,15,137,97,93,123,77,59,45,62,65,14,102,36,1,133,78,2,82,63,23,90,48,42,50,38,104,106,58,124,129,140,7,125,107,95,47,40,32,96,44,53,22,16,83,75,68,117,17,43,121,122,119,116,56,20,131,89,138,100,67,111,114,11,52,46,94,108,87,86,41,134,135,127,130,30,31,91,73,13,81,54,70,132,60,64,139,37,27,69,9,66,88,21,5,101,72,6,120,57,118,39,76,10,
0,83,131,140,61,26,87,41,102,77,137,17,118,136,57,51,89,13,125,99,86,121,11,42,139,124,101,96,65,127,46,8,103,74,111,29,45,52,66,129,82,37,14,22,7,104,60,20,47,94,93,59,19,9,119,71,106,73,16,53,15,3,36,110,88,4,62,132,108,92,85,2,58,130,32,128,33,1,21,122,43,35,113,64,68,133,40,138,23,69,31,34,49,81,79,126,95,48,90,135,98,24,115,76,105,100,134,12,91,28,6,112,25,109,30,75,107,44,50,67,18,63,84,55,72,97,39,27,116,38,56,70,80,123,78,5,10,54,117,120,114,
0,113,61,90,45,76,118,104,74,2,84,73,44,56,18,69,82,123,48,93,59,127,50,138,133,137,11,110,86,83,91,9,77,129,8,5,40,107,32,49,122,19,51,125,140,85,28,58,63,88,96,98,60,78,81,6,79,105,75,102,89,47,62,10,54,128,3,33,41,87,16,120,70,64,38,112,108,21,116,24,25,4,99,52,126,139,46,39,23,130,94,117,1,71,34,119,121,14,109,132,114,131,7,13,43,111,124,97,101,136,27,95,12,72,92,135,30,67,22,42,115,103,100,36,20,55,80,17,53,65,134,26,106,15,31,35,66,68,57,37,29,
0,64,81,17,73,23,28,18,110,13,104,40,63,77,25,94,31,97,136,19,37,92,126,52,15,129,66,48,26,132,11,70,41,121,107,2,36,12,20,113,102,79,127,124,55,118,115,7,9,6,1,135,90,96,57,103,122,134,46,117,54,68,4,34,88,116,49,39,58,32,89,133,95,137,100,114,111,76,93,38,53,98,62,51,71,65,60,87,99,101,120,131,35,112,69,24,82,75,42,14,140,50,105,44,30,5,33,67,130,16,139,10,3,56,109,27,123,84,85,78,22,128,47,119,108,91,80,125,138,61,59,43,21,83,8,72,45,106,29,86,74,
0,75,67,12,31,74,64,85,70,78,51,77,36,101,34,41,68,136,46,121,97,99,104,137,32,44,80,47,114,33,22,120,13,16,56,55,116,128,84,96,93,122,73,134,130,72,18,117,29,102,127,125,87,106,98,7,19,1,23,15,65,21,11,58,20,88,126,25,43,57,105,82,90,92,2,63,89,76,53,103,9,49,135,62,14,5,17,139,95,40,131,54,37,26,123,60,110,6,108,129,28,140,79,138,132,3,81,61,27,71,52,39,59,45,8,133,118,91,119,66,30,24,115,100,10,113,35,109,38,124,86,94,50,42,69,111,48,4,83,112,107,
0,117,73,24,43,131,9,5,102,44,101,51,97,103,21,82,48,113,61,4,108,86,53,58,112,13,32,89,132,66,28,126,18,140,138,67,39,90,25,91,100,125,74,114,14,139,93,78,87,54,23,65,121,45,50,110,127,106,36,134,37,19,80,130,34,70,77,120,27,123,135,60,20,52,17,128,33,122,92,75,118,83,46,85,2,16,31,133,49,88,124,38,41,64,69,6,3,68,95,59,11,63,35,72,30,76,29,115,107,104,10,129,8,57,26,99,47,15,105,136,111,84,71,42,55,81,40,1,98,7,62,56,116,137,79,119,94,109,96,12,22,
0,87,91,25,10,18,26,117,53,56,134,15,92,106,108,52,102,57,74,38,2,121,23,39,36,130,93,44,112,90,58,129,114,16,132,111,35,101,20,14,8,140,42,33,139,55,126,82,45,79,49,24,63,75,66,122,88,1,29,125,70,64,81,61,4,83,41,73,37,50,68,54,9,138,31,119,6,28,86,98,76,127,96,104,51,118,109,84,128,48,3,97,43,72,89,59,124,12,13,69,100,78,123,62,30,110,17,107,11,80,137,19,135,60,77,22,113,105,65,27,95,71,116,94,136,133,40,103,120,34,85,21,131,46,5,99,67,47,7,115,32,
0,139,50,31,85,124,79,14,115,40,11,9,136,61,93,53,16,83,48,73,32,6,56,17,108,88,39,103,23,36,95,15,81,58,120,134,22,82,49,77,97,118,25,72,70,8,101,89,45,130,7,102,1,126,135,121,65,51,74,62,35,91,69,63,84,87,68,57,104,94,138,125,133,24,140,106,38,116,86,13,67,100,99,119,20,27,76,28,96,46,131,47,30,112,2,10,41,29,60,75,54,52,127,43,92,55,34,44,110,107,12,105,4,5,114,113,78,37,80,33,117,3,71,21,122,19,66,109,26,98,111,18,123,42,129,64,59,132,90,128,137,
0,97,18,115,57,112,126,113,50,104,118,82,71,67,78,56,66,47,31,92,88,105,79,42,32,76,34,45,12,81,17,22,59,120,21,9,84,46,132,131,3,138,137,111,139,62,80,70,130,33,114,106,123,74,5,95,54,41,107,127,55,129,109,58,61,125,121,99,116,103,28,117,20,53,85,136,16,4,110,94,40,39,1,72,65,37,122,64,102,10,36,7,124,52,35,69,24,44,26,51,91,60,134,25,98,108,96,29,86,38,2,119,19,11,30,13,133,83,73,100,49,48,15,135,93,6,77,14,87,75,68,27,23,63,89,140,128,8,90,43,101,
0,7,71,91,122,79,81,52,125,76,96,17,110,84,112,104,15,89,42,128,72,137,43,119,65,64,41,45,48,131,108,33,49,59,90,97,9,36,107,51,13,136,22,73,29,68,58,37,12,127,69,113,139,3,19,106,74,46,126,26,123,118,67,30,83,135,1,44,78,105,80,40,24,115,100,92,117,50,103,8,61,16,124,98,132,85,60,55,114,63,120,94,116,11,86,47,62,27,14,134,20,54,38,109,23,34,21,101,93,56,35,77,95,140,99,6,129,5,82,28,18,4,31,75,130,66,138,133,102,111,2,10,39,70,53,121,88,57,87,25,32,
0,77,113,135,3,94,55,86,92,56,140,60,81,6,122,121,17,13,39,16,51,64,133,24,48,132,45,34,118,43,50,29,8,111,68,28,10,98,73,35,108,120,89,70,103,71,26,134,53,2,15,4,78,30,83,14,95,109,128,62,115,112,61,19,11,32,46,106,116,72,136,101,90,80,37,36,96,110,130,65,125,12,104,69,1,119,5,7,42,66,44,82,59,91,41,85,58,63,25,129,117,131,54,23,114,127,22,123,126,93,137,27,102,21,138,49,88,79,97,76,40,105,38,107,87,75,124,47,74,84,100,99,9,18,33,57,20,67,31,52,139,
0,63,19,57,107,102,83,66,16,40,43,32,115,59,37,136,5,34,84,100,118,44,120,97,10,133,54,91,65,48,75,93,108,116,69,105,89,49,13,42,96,15,95,23,72,90,121,76,111,70,139,119,7,51,17,140,98,130,56,64,47,20,135,39,112,124,11,113,25,137,28,4,73,21,80,36,99,60,18,126,62,30,128,45,86,35,67,81,46,122,2,82,103,55,94,9,129,38,109,92,52,31,12,71,125,87,68,24,27,106,123,77,131,117,50,6,26,79,74,58,114,110,1,29,127,88,134,61,33,3,132,78,85,22,41,104,14,8,53,101,138,
0,28,94,49,43,17,99,9,102,114,104,119,118,71,109,47,77,60,27,100,45,98,37,87,82,7,12,90,69,126,133,86,6,124,14,52,54,91,80,50,70,81,61,79,3,18,117,105,44,92,140,130,55,115,33,13,34,5,26,39,72,58,22,138,96,93,8,135,97,40,134,10,4,88,24,111,125,11,116,108,19,136,127,65,120,57,112,48,25,42,53,46,16,103,56,62,101,63,121,74,128,132,129,35,2,23,76,137,59,95,75,122,85,1,73,21,38,15,67,30,68,32,131,31,110,84,123,66,89,64,20,36,41,83,29,139,106,78,51,107,113,
0,1,88,60,135,38,21,116,9,129,4,98,43,113,72,24,126,37,96,94,69,42,92,93,71,86,5,105,102,79,16,11,111,115,73,6,128,139,13,99,124,20,80,15,106,125,118,17,90,47,138,70,50,121,52,84,25,133,64,54,87,33,100,65,57,104,101,78,137,97,51,109,35,26,130,114,134,117,108,112,14,18,3,30,83,89,8,75,95,68,76,82,63,45,19,22,2,62,29,132,85,66,81,58,28,77,91,56,131,34,49,27,44,55,136,103,67,23,39,46,31,123,119,12,48,7,122,61,110,36,127,41,74,120,140,59,40,107,10,53,32,
0,139,135,44,67,90,75,19,73,31,46,128,59,137,92,124,78,118,25,112,33,51,26,36,120,45,134,27,72,80,96,74,9,52,3,102,65,93,37,57,122,49,35,87,10,123,79,5,61,115,17,114,127,53,64,113,58,60,94,22,15,81,47,1,62,97,69,28,14,111,20,130,121,84,38,6,106,131,86,126,43,24,42,4,41,99,21,13,116,101,100,16,140,18,7,91,63,50,83,117,76,89,138,30,40,107,98,119,108,68,8,82,29,12,133,129,2,132,77,39,105,48,11,34,70,95,103,88,104,54,55,66,56,125,23,110,136,109,71,85,32,
0,92,93,61,111,36,53,52,82,85,101,68,37,108,84,83,104,20,28,23,43,103,46,66,130,6,77,139,64,121,129,87,98,76,65,96,102,72,70,39,112,44,133,71,34,94,7,137,136,109,59,42,123,56,105,107,45,73,54,81,5,88,135,19,140,4,60,25,134,10,49,1,100,124,9,79,27,117,47,89,110,80,13,57,138,132,50,95,122,51,12,116,86,11,38,128,15,40,78,2,30,35,118,33,75,62,90,41,18,106,55,26,31,115,29,22,63,58,74,3,125,131,114,14,32,113,8,126,24,48,21,91,99,119,17,97,67,127,16,69,120,
0,10,140,14,134,58,115,111,126,92,38,87,33,17,20,79,89,112,103,60,102,74,90,65,85,40,82,48,108,78,26,84,54,57,18,21,99,117,55,86,93,59,61,27,44,131,22,37,107,133,25,116,119,118,137,104,125,72,46,45,138,35,31,11,101,73,129,8,91,43,12,67,1,69,19,80,95,128,6,36,3,32,53,127,83,50,110,94,135,15,100,30,9,76,41,24,121,136,106,81,7,77,34,70,98,97,139,130,109,47,123,114,52,39,56,64,68,4,66,120,71,88,122,51,23,2,75,16,113,96,29,62,132,49,28,105,124,42,5,13,63,
0,35,104,41,138,31,72,36,113,98,44,20,43,122,82,103,19,92,139,68,78,108,136,109,63,69,107,2,29,75,101,110,15,76,74,47,95,124,80,126,48,102,94,51,86,79,125,26,112,119,30,52,73,33,130,7,54,105,18,116,57,140,60,120,21,99,88,70,114,93,67,71,128,39,133,6,55,62,65,8,4,77,5,83,3,10,90,64,42,46,27,38,66,1,61,117,14,91,32,127,118,49,53,58,123,115,96,89,59,37,106,16,56,40,11,13,84,9,137,85,28,111,50,97,87,131,34,17,134,100,22,129,12,81,132,24,25,23,135,121,45,
0,84,38,8,25,6,134,7,88,67,93,59,97,11,3,100,47,136,45,21,80,131,26,107,77,36,22,128,111,4,50,109,41,120,17,114,135,68,82,105,30,86,2,9,110,60,31,95,52,23,62,140,63,57,46,66,20,130,1,101,137,70,103,117,69,112,78,81,71,87,102,113,94,74,5,119,29,28,61,51,34,127,49,132,90,44,91,121,126,53,72,64,139,18,35,32,106,138,99,92,65,125,40,24,124,56,54,39,48,58,33,129,123,27,42,13,19,89,10,14,43,118,75,15,73,76,104,12,96,98,115,116,83,122,16,85,37,108,133,79,55,
0,126,69,124,98,39,75,35,6,110,81,3,52,86,17,1,119,130,14,63,105,46,78,31,62,45,40,20,38,93,47,79,85,51,23,29,2,118,16,33,104,10,116,106,123,19,4,5,37,67,111,134,88,41,26,60,103,32,87,9,27,82,28,21,92,34,135,18,113,25,127,77,56,108,89,99,61,139,58,91,15,44,107,43,55,94,101,96,76,84,70,71,54,72,140,131,117,129,90,73,30,125,42,137,128,22,53,121,65,133,115,24,13,74,120,64,102,68,49,100,11,109,36,97,8,50,80,59,48,95,112,132,122,12,83,57,136,7,66,114,138,
0,71,111,124,52,18,138,32,139,44,72,43,108,112,30,9,29,101,135,54,106,132,120,86,24,11,126,57,102,10,12,61,100,13,83,51,15,128,63,103,88,97,20,28,117,16,6,70,74,107,19,96,90,134,41,1,37,119,95,91,78,85,125,5,55,50,123,89,7,131,105,99,79,77,140,2,47,68,40,69,109,14,76,27,45,80,121,87,65,64,92,94,46,110,59,42,26,98,33,73,114,22,21,66,116,17,129,31,4,39,48,113,82,38,137,104,62,49,75,67,25,136,3,118,23,35,53,115,93,81,127,122,84,133,130,36,60,56,8,34,58,
0,111,56,74,117,67,38,87,133,107,5,137,109,114,21,37,65,59,29,32,55,112,101,17,78,128,135,34,7,16,85,81,2,18,66,138,130,62,8,60,86,140,22,52,102,11,12,26,50,54,70,79,91,69,110,31,139,93,134,106,100,42,104,41,1,90,129,72,120,136,9,47,80,99,94,46,92,45,73,49,24,35,20,40,36,131,126,132,119,15,28,53,3,82,44,64,14,27,108,33,127,95,118,30,63,13,48,58,19,88,57,122,121,113,116,25,23,39,83,105,10,75,43,124,89,76,51,115,96,125,6,68,84,71,97,4,123,77,103,98,61,
0,81,123,137,50,140,51,139,45,40,97,72,44,53,25,42,109,129,1,31,136,17,24,108,110,49,41,19,84,77,9,71,34,68,26,14,20,47,116,131,10,65,3,82,76,105,56,69,90,115,16,54,91,103,112,80,83,74,75,63,64,33,113,43,88,27,46,119,86,57,38,111,121,89,7,15,92,138,23,87,95,62,96,29,118,32,128,39,35,135,4,99,102,117,93,127,12,104,5,2,8,60,98,122,101,6,13,79,134,59,36,85,94,22,133,120,126,37,61,100,106,78,28,70,30,66,125,107,130,55,48,52,114,21,67,124,11,73,58,132,18,
0,64,90,131,51,109,118,86,91,62,129,29,126,138,54,87,6,103,113,74,73,58,37,65,116,16,25,10,61,19,45,135,134,89,14,137,43,94,49,108,42,2,23,50,85,102,44,70,130,9,56,76,98,67,88,93,78,3,107,11,79,101,112,18,104,38,57,99,97,21,123,32,69,41,77,95,71,96,115,75,133,31,22,33,59,28,110,139,68,132,125,40,12,82,7,136,53,122,120,105,4,124,100,24,92,5,121,48,17,8,27,128,30,84,127,34,20,81,111,114,52,83,1,26,55,13,39,35,63,80,117,47,66,119,15,72,36,60,46,140,106,
0,37,89,12,51,52,81,13,69,7,30,128,61,57,102,8,120,93,106,101,62,84,91,45,25,31,105,86,130,107,39,1,24,60,33,103,80,97,71,78,122,124,54,138,34,19,70,88,136,134,49,23,90,38,73,63,55,22,18,72,26,67,32,6,118,83,127,85,98,75,9,47,56,95,29,20,113,64,92,4,104,117,44,53,2,82,42,139,40,109,21,16,14,108,123,3,96,94,110,58,79,140,133,43,28,77,137,65,41,66,99,68,116,15,125,17,50,112,10,5,114,111,48,46,121,115,131,74,129,126,135,27,100,36,132,35,87,76,11,119,59,
0,122,14,92,24,44,42,4,34,50,106,29,79,140,116,63,93,128,84,102,46,104,21,137,38,101,78,22,56,5,7,100,103,13,2,127,67,112,86,27,30,8,11,35,96,32,47,83,77,121,60,72,139,69,131,138,105,59,130,134,61,110,19,58,82,89,51,119,26,23,1,39,118,87,64,99,45,41,124,16,66,55,129,73,12,90,31,74,91,114,28,132,33,49,25,9,15,65,37,111,108,6,94,20,18,76,98,126,85,113,48,54,40,125,81,17,62,117,123,68,120,88,97,109,36,80,43,75,136,95,71,135,53,3,70,10,52,57,115,133,107,
0,64,6,27,2,75,120,67,113,80,3,132,108,37,49,82,93,61,92,109,71,76,18,97,45,129,128,83,39,57,53,38,50,44,23,121,99,94,60,4,55,72,85,95,17,25,136,77,130,74,123,10,66,81,104,48,138,115,31,96,62,28,58,133,137,101,117,107,68,139,131,140,16,19,89,119,41,35,51,84,12,40,22,24,36,126,102,20,46,105,33,111,127,8,63,112,103,15,59,100,54,69,79,91,52,47,14,34,78,32,70,88,65,43,30,114,26,134,118,98,87,124,42,9,90,29,21,122,106,5,1,86,7,110,73,135,11,125,56,116,13,
0,133,118,48,82,117,41,32,114,67,73,60,23,29,132,76,62,38,25,131,57,87,39,61,105,55,115,124,113,24,120,36,63,30,78,3,18,34,125,71,37,119,122,49,50,134,81,103,21,45,11,86,100,16,12,59,54,10,13,135,89,4,110,17,6,111,40,136,92,104,26,53,91,9,121,85,19,58,7,31,90,22,130,98,5,20,95,127,66,116,2,128,68,56,15,1,126,74,99,96,69,102,14,75,44,108,70,129,8,101,106,51,109,140,42,52,112,77,65,93,138,97,84,27,107,139,72,88,46,83,35,79,43,33,123,64,137,94,28,47,80,
0,21,48,54,78,137,130,115,99,110,24,101,93,92,18,136,11,39,90,69,125,116,111,72,15,76,65,114,28,2,83,131,56,58,10,96,68,132,81,12,107,4,89,133,41,45,127,119,139,35,126,67,14,88,1,44,74,71,43,53,31,80,124,121,16,138,94,64,38,17,51,112,46,59,27,108,140,9,34,36,73,91,129,42,98,85,22,49,3,8,40,63,6,13,104,52,100,135,47,5,66,62,86,61,77,30,37,79,106,23,97,50,87,82,57,7,60,33,105,128,120,102,134,26,55,19,84,25,122,32,29,70,117,20,118,75,109,113,103,95,123,
0,34,98,22,99,129,112,35,96,21,92,61,73,138,29,131,79,51,122,140,40,71,39,11,110,90,3,120,81,100,47,93,54,139,38,36,52,7,87,25,132,75,31,19,55,18,60,94,103,118,126,95,125,59,30,58,89,6,137,50,13,130,135,24,80,84,70,32,106,134,10,86,74,108,82,72,127,17,27,113,33,91,1,53,14,105,88,63,2,69,44,28,49,41,8,114,133,107,12,117,5,16,45,109,9,116,104,48,121,56,68,76,37,128,20,43,102,46,4,66,136,57,115,123,119,83,65,42,85,15,78,67,62,111,64,23,26,101,77,97,124,
0,102,90,109,98,57,13,101,61,6,53,4,2,135,97,17,67,111,124,85,12,69,125,87,126,132,89,129,80,123,30,24,134,120,34,20,108,8,105,52,107,72,56,99,75,19,77,117,76,119,58,93,38,62,82,100,7,139,39,25,116,78,94,23,91,86,115,50,22,112,71,43,73,70,3,79,15,21,127,96,133,122,64,137,113,29,26,60,104,10,32,48,16,42,66,18,9,136,59,44,65,49,5,84,83,33,110,51,55,14,35,36,140,1,63,68,27,28,92,118,106,46,81,11,95,121,47,114,130,131,37,74,88,31,138,54,103,45,41,40,128,
0,133,79,53,42,104,24,129,73,124,138,77,103,48,93,31,32,135,59,86,105,117,112,2,64,102,136,56,126,6,25,28,92,115,46,67,140,113,63,128,45,121,111,125,51,43,94,16,57,114,69,22,19,119,20,12,29,137,91,76,68,58,18,127,37,84,109,120,61,130,82,41,99,122,36,52,8,100,87,33,15,40,83,3,75,106,65,95,88,101,96,107,23,74,44,108,30,89,39,116,9,97,49,34,134,78,90,47,62,71,7,17,80,4,132,55,110,13,54,81,70,60,50,35,98,131,38,123,1,11,66,118,85,139,72,14,27,26,5,10,21,
0,31,75,138,77,102,38,125,123,90,91,101,103,4,52,23,17,134,126,49,24,132,58,20,71,131,115,89,42,127,56,37,86,51,116,70,136,73,140,120,93,44,114,41,6,69,105,47,129,14,28,48,128,7,59,34,80,82,50,79,2,16,113,76,10,62,8,133,137,67,106,74,40,97,65,117,13,108,15,88,135,36,130,30,45,27,139,66,81,78,95,124,18,107,60,112,29,100,54,32,92,39,110,122,33,121,3,35,1,57,118,19,72,55,109,26,21,99,119,68,64,85,61,104,25,46,63,43,5,11,9,111,84,83,22,98,53,94,12,96,87,
0,69,82,121,7,90,20,97,16,131,15,35,19,44,100,120,137,101,33,132,80,87,22,13,48,109,93,12,127,92,112,110,31,6,111,105,30,34,9,54,70,113,91,60,72,117,27,77,68,74,62,8,28,45,66,50,64,119,73,122,134,59,58,41,107,57,75,115,36,104,81,136,26,98,89,40,124,94,55,1,11,63,106,46,23,96,37,51,123,84,32,103,14,67,126,56,18,61,3,108,83,102,39,139,71,53,129,88,140,125,118,49,24,5,86,25,135,78,138,130,52,99,17,114,76,10,4,42,29,95,65,47,128,79,85,21,116,133,2,43,38,
0,129,128,99,87,38,9,112,104,43,14,1,73,21,31,127,2,111,46,10,32,26,20,130,13,119,59,97,75,77,15,88,78,17,113,74,36,6,39,63,95,132,29,4,123,69,24,108,110,102,42,54,35,120,117,12,137,126,85,100,41,136,8,16,122,79,48,61,114,11,124,66,109,86,91,37,135,94,18,50,105,116,44,5,139,40,76,70,62,22,49,58,65,125,82,47,19,115,34,134,121,56,138,103,96,57,98,92,30,3,89,64,27,55,28,84,51,131,33,93,52,81,106,71,118,72,107,25,53,45,60,83,133,80,90,7,68,67,101,140,23,
0,52,79,9,18,40,127,76,89,85,70,23,30,15,77,116,88,96,13,94,43,138,120,126,35,99,29,22,136,60,106,82,117,78,50,65,118,19,48,32,114,93,1,75,125,49,26,39,132,112,110,129,84,61,108,63,17,103,59,31,33,4,67,53,73,74,56,87,91,28,5,42,124,81,64,128,92,69,72,34,102,11,113,24,38,83,123,51,107,80,55,68,101,98,105,45,97,6,133,140,109,131,71,66,20,100,37,2,119,58,86,121,46,62,7,134,3,135,111,21,54,130,12,16,95,57,47,104,44,36,14,8,41,122,27,137,90,115,25,139,10,
0,11,70,54,6,27,102,118,23,60,104,112,75,120,13,68,121,59,24,19,108,16,20,47,26,82,39,41,90,128,29,137,111,92,95,97,127,31,106,125,76,7,129,116,130,49,25,136,50,37,107,2,87,55,34,14,71,88,84,42,140,99,10,119,114,123,40,66,57,73,15,69,109,139,77,8,62,124,43,48,46,22,44,115,89,5,117,21,122,4,58,135,36,81,64,133,3,56,63,83,32,93,105,138,132,38,79,98,72,65,134,101,18,1,52,35,131,12,53,61,28,110,126,17,30,33,100,91,103,78,86,45,94,113,74,96,9,51,85,80,67,
0,126,132,69,41,65,96,17,56,27,32,20,35,114,127,48,23,140,105,60,113,12,49,80,47,101,82,138,121,102,77,29,128,50,62,19,133,4,131,135,3,99,8,103,125,117,83,129,25,63,79,107,95,59,75,7,109,100,42,58,9,66,98,44,39,94,37,67,55,120,36,6,74,73,137,52,68,108,13,72,14,10,106,139,18,11,21,116,130,89,51,123,92,5,15,78,136,81,90,31,76,110,2,40,34,70,93,16,118,115,64,111,22,112,87,43,57,86,134,119,1,104,122,38,46,33,91,71,28,54,85,45,97,53,26,61,84,24,124,88,30,
0,80,86,136,18,12,13,106,113,93,81,115,96,42,15,121,53,26,140,31,57,130,97,110,83,74,94,50,85,55,21,36,125,116,67,129,71,126,100,103,123,118,105,82,43,11,17,65,120,134,108,40,30,131,73,37,90,111,95,41,32,101,2,61,35,128,8,127,34,6,4,48,29,16,78,20,24,84,119,98,25,38,1,10,64,87,14,92,99,51,39,7,59,137,23,45,3,124,77,135,112,27,114,60,52,122,89,33,104,49,46,28,139,72,138,117,91,79,107,102,76,44,58,22,75,63,69,68,5,19,66,54,88,62,56,133,9,109,132,47,70,
0,25,56,34,4,38,128,14,53,85,75,103,84,99,23,19,88,26,73,24,96,139,47,8,135,65,90,6,21,105,106,70,57,68,109,9,69,12,110,122,124,86,62,31,50,80,44,13,119,32,11,3,78,33,87,120,114,18,140,97,41,133,20,94,60,111,121,92,2,72,58,43,30,42,79,74,63,89,134,131,102,117,7,17,40,51,48,115,91,52,10,27,126,76,116,137,129,66,71,59,45,61,112,22,132,107,16,123,54,83,55,95,64,1,35,29,5,81,136,138,28,98,108,113,46,100,93,15,39,37,125,104,36,82,77,127,101,118,49,67,130,
0,123,32,51,36,119,94,136,106,66,20,2,28,127,30,39,87,120,5,89,133,26,52,12,115,18,57,86,16,25,45,19,7,23,69,10,121,40,9,126,54,91,14,122,84,29,4,102,37,131,85,44,72,77,27,35,76,98,140,8,78,74,43,55,100,105,31,128,15,47,111,48,83,3,13,125,42,17,90,137,129,104,71,58,130,62,1,33,60,92,63,96,113,46,11,81,109,68,64,79,108,116,67,61,59,80,65,110,50,41,49,34,114,101,103,56,82,53,99,124,138,88,22,70,6,97,107,132,24,95,118,135,93,112,21,117,139,75,38,134,73,
0,46,116,87,47,136,6,15,44,32,58,128,26,21,56,18,113,132,55,27,110,101,102,43,4,67,98,97,50,62,68,88,92,57,135,2,70,86,34,14,96,30,108,73,99,66,93,95,49,72,8,82,133,78,22,103,117,64,7,109,130,119,36,17,129,71,120,137,39,126,69,84,51,122,45,131,127,107,83,76,24,140,59,77,48,106,35,37,85,60,40,5,33,31,29,25,65,115,94,12,139,11,89,114,74,53,123,52,41,75,80,3,138,23,81,28,10,100,61,134,79,105,118,124,91,90,20,13,42,111,63,38,54,125,121,104,9,112,16,1,19,
0,85,51,119,69,81,95,35,55,134,138,107,45,39,14,78,38,44,37,72,22,67,116,9,65,140,76,111,104,127,133,101,47,136,79,27,2,3,110,99,66,97,64,56,84,46,48,94,106,43,34,105,128,19,83,17,61,30,102,91,86,73,88,12,36,100,4,23,130,52,87,58,10,109,7,70,131,75,93,112,60,103,117,25,77,137,122,139,31,129,59,49,24,118,120,82,89,11,32,90,5,63,74,115,13,80,42,16,121,54,114,8,135,98,123,71,18,92,68,124,28,6,113,126,62,15,1,29,96,53,108,125,33,132,20,41,57,40,21,26,50,
0,117,44,8,61,7,114,133,32,69,31,127,5,49,2,135,85,17,115,84,67,18,128,50,77,15,23,72,52,30,55,95,107,22,100,66,6,101,74,105,119,99,108,73,102,88,11,26,57,134,64,19,109,86,36,78,131,112,28,63,116,111,129,139,93,136,98,34,104,80,38,87,35,56,89,48,27,123,43,125,113,110,124,9,68,39,81,62,76,20,132,121,10,90,70,16,3,92,122,60,59,96,71,54,65,82,51,138,75,118,42,21,12,97,25,130,58,14,106,120,37,53,4,13,24,137,46,79,33,41,103,126,140,1,29,94,45,47,91,83,40,
0,70,47,115,60,18,87,17,110,103,129,79,120,15,135,137,96,4,130,37,8,61,51,84,44,82,33,32,52,101,6,81,65,40,7,131,66,21,20,138,98,106,107,24,109,1,118,93,136,23,124,105,56,43,114,68,122,16,39,99,13,91,102,78,73,34,100,12,116,54,69,5,80,104,58,30,92,10,134,133,85,76,31,117,140,64,53,36,94,22,28,57,49,139,26,86,45,14,126,90,128,77,67,35,88,127,11,113,123,46,27,97,38,48,111,41,89,42,71,59,112,74,2,119,83,3,25,121,72,125,50,108,75,63,19,62,29,55,9,95,132,
0,89,44,135,35,121,126,10,24,14,9,90,120,82,116,42,101,137,111,77,34,79,92,78,50,23,112,39,138,132,5,94,80,95,33,124,47,29,129,103,43,16,85,86,131,57,104,106,71,4,134,136,72,54,41,25,115,12,11,108,1,48,58,125,8,98,91,65,38,52,2,102,26,140,74,93,75,31,27,127,36,139,18,28,68,87,64,107,22,119,3,128,113,97,73,45,37,7,133,109,46,117,15,17,76,118,59,20,53,13,66,70,30,84,21,110,40,6,130,49,63,67,61,99,123,60,19,114,32,83,56,105,96,100,55,88,69,62,51,81,122,
0,91,67,79,48,28,37,116,10,136,66,15,85,50,56,83,32,128,69,4,138,119,123,129,40,125,24,51,61,49,101,8,120,53,89,113,21,98,106,70,118,7,58,109,74,11,13,131,122,36,114,73,47,26,35,112,115,135,39,132,31,68,108,127,105,57,30,130,75,64,95,9,55,34,22,63,23,94,25,126,121,137,72,52,12,76,38,86,62,3,20,97,6,124,102,80,78,42,17,5,99,33,110,77,45,140,103,117,14,19,54,16,41,133,104,93,81,134,100,2,46,59,88,139,107,60,1,90,18,65,96,27,111,43,92,84,44,87,71,29,82,
0,12,17,28,58,55,133,127,11,32,114,138,43,48,72,115,1,8,34,46,24,74,16,97,117,102,42,131,10,87,52,82,33,103,73,64,106,83,41,25,59,54,134,120,50,119,122,68,44,40,47,113,95,109,67,88,130,39,56,136,77,96,30,13,98,110,121,91,90,92,71,63,132,31,79,23,118,14,27,66,112,81,85,57,86,70,99,139,19,60,26,140,105,123,37,49,5,107,7,9,89,126,129,84,76,116,3,94,45,69,62,65,21,111,80,101,104,4,75,61,108,135,125,18,93,6,51,78,124,20,29,137,38,2,36,128,22,100,15,35,53,
0,46,35,100,65,23,128,66,7,116,78,28,51,120,33,79,103,57,94,127,117,59,104,37,56,30,85,109,2,76,19,122,22,114,24,1,89,16,50,45,11,98,38,88,15,68,82,95,133,139,121,32,105,81,39,108,110,77,4,135,112,74,129,48,34,125,90,58,102,91,107,47,124,80,31,106,20,36,113,84,99,87,140,27,96,137,71,111,43,83,9,55,131,29,134,60,123,63,138,8,75,21,53,14,93,6,126,18,118,86,73,40,69,10,26,132,25,17,41,101,49,97,119,61,72,67,44,5,13,115,136,92,54,3,130,62,52,12,42,64,70,
0,25,61,16,69,81,63,87,90,11,28,121,85,137,139,14,50,49,30,48,82,93,35,107,128,36,7,102,77,68,74,105,66,8,40,2,38,64,53,47,23,95,106,138,129,136,67,46,5,92,111,110,75,97,134,45,37,113,122,32,71,51,127,115,41,19,72,1,22,86,18,29,12,100,99,80,91,42,126,118,125,10,84,119,104,56,73,20,58,52,117,130,65,108,9,120,79,116,44,135,89,13,98,6,17,101,27,131,4,83,103,112,114,70,109,57,24,140,132,62,3,34,43,33,60,133,15,54,96,59,55,21,31,76,78,94,124,88,123,39,26,
0,99,129,133,12,64,121,82,79,124,103,98,84,113,30,75,33,94,65,114,45,127,50,130,54,53,22,16,47,1,140,8,39,96,86,123,29,41,19,6,62,83,52,111,4,70,106,100,27,9,57,134,73,74,93,78,139,92,85,122,11,137,89,119,20,46,55,95,105,42,128,60,138,49,63,88,109,87,35,7,80,71,5,14,102,34,3,13,76,58,36,135,2,110,118,28,107,43,66,68,18,32,108,101,69,61,67,115,24,120,23,104,44,81,112,37,15,48,77,136,25,17,31,72,116,132,126,40,91,26,90,131,21,38,97,117,59,10,56,51,125,
0,67,69,76,37,47,61,60,3,17,104,71,135,62,43,107,137,7,73,95,16,22,99,101,18,117,79,54,112,8,10,64,68,123,131,124,23,132,83,29,126,70,91,24,4,77,111,80,136,103,92,36,57,26,1,96,55,114,90,6,40,39,139,121,118,48,56,11,53,94,2,32,134,31,88,108,115,81,93,14,105,87,41,109,34,106,122,51,125,28,133,42,19,72,138,85,5,129,119,46,15,130,27,49,9,82,35,98,75,21,66,59,12,120,38,44,74,13,33,45,63,140,65,58,110,102,89,30,78,52,50,113,128,127,97,86,100,20,84,25,116,
0,36,35,109,84,113,34,13,3,53,124,42,33,89,118,23,99,80,66,46,59,11,54,133,60,55,100,119,82,73,49,83,63,75,90,47,71,139,72,81,101,97,29,4,136,112,44,56,125,137,78,31,48,52,79,106,43,76,17,98,69,140,68,26,122,25,37,86,85,14,21,57,121,5,115,61,127,27,70,15,45,105,30,95,65,24,8,120,9,10,108,117,39,116,114,131,32,134,93,110,62,123,6,107,20,38,40,130,91,67,50,138,18,92,28,1,128,103,51,129,111,16,2,132,22,74,64,135,58,87,88,126,94,7,12,77,19,104,102,96,41,
0,106,33,46,59,84,53,67,8,32,124,5,82,45,19,24,140,131,41,112,47,1,93,130,139,68,103,98,111,75,79,23,60,99,14,65,10,4,56,88,90,128,20,50,132,126,77,120,31,38,49,13,91,71,3,72,110,94,121,108,109,15,118,73,104,22,119,107,125,122,81,12,61,80,101,74,133,57,16,113,36,105,129,55,40,115,123,44,62,35,48,89,102,96,30,134,85,17,9,28,26,27,100,69,137,37,54,6,95,21,66,78,7,83,34,127,25,42,116,2,11,114,117,87,136,18,64,138,97,39,29,86,43,76,92,63,135,51,70,58,52,
0,112,110,84,8,70,122,128,132,28,31,97,133,104,121,119,123,131,41,139,75,138,95,24,103,27,62,42,3,56,86,73,99,100,137,4,6,94,60,57,36,113,54,83,51,2,10,126,25,89,80,68,72,67,129,55,106,18,71,64,49,92,82,53,125,87,109,20,46,107,116,13,66,130,77,136,79,58,78,15,5,108,90,14,26,19,45,32,21,30,65,61,88,52,69,44,117,111,91,1,114,59,50,96,37,76,118,22,17,23,29,34,12,127,43,48,16,39,120,40,33,115,85,9,11,35,102,38,98,7,47,140,81,134,74,93,63,101,124,135,105,
0,28,32,95,26,51,15,23,30,38,97,37,73,35,55,75,5,25,131,10,101,137,128,60,21,20,120,96,68,48,119,103,110,9,71,139,49,138,130,102,98,33,57,62,43,123,129,24,76,78,6,59,92,4,113,118,47,67,65,56,100,117,61,41,13,85,3,22,91,81,140,104,58,124,122,89,42,69,121,45,87,114,17,99,106,8,79,19,64,93,83,36,90,11,111,46,132,74,44,31,18,53,86,134,94,107,125,2,108,80,50,133,126,7,63,14,115,39,16,112,27,84,136,29,88,82,105,77,109,12,127,1,52,72,54,135,40,34,116,70,66,
0,42,110,61,55,22,58,31,78,43,103,70,35,26,98,37,99,119,90,133,73,41,11,128,46,71,138,14,85,129,33,34,117,59,8,116,76,92,29,91,79,51,45,6,130,7,23,81,95,2,1,30,44,112,9,49,39,102,38,53,82,106,136,65,131,66,10,48,19,118,127,108,28,77,105,107,13,12,111,54,60,18,96,97,64,25,114,75,69,27,139,50,134,15,126,68,4,24,21,3,135,104,20,123,83,84,125,132,5,72,47,137,124,100,115,17,62,56,67,88,32,113,57,109,80,89,94,122,63,16,40,121,87,52,74,36,140,93,86,101,120,
0,98,81,21,58,8,38,101,13,29,53,110,16,94,73,50,115,112,140,125,48,61,55,137,20,25,6,92,4,62,130,109,117,78,87,41,88,27,54,64,59,40,95,32,66,116,65,74,67,42,93,134,84,121,103,132,96,97,57,82,69,75,3,104,139,47,2,136,15,135,52,90,22,80,9,14,43,113,46,68,33,19,31,70,120,122,128,39,45,23,86,49,124,30,18,28,85,79,26,34,138,133,127,72,11,63,10,71,89,36,123,24,60,76,35,129,108,51,44,5,105,126,56,83,111,91,1,114,12,107,17,7,99,106,102,118,119,37,77,131,100,
0,138,118,127,109,15,83,121,139,131,112,77,79,61,28,60,70,23,120,9,76,126,104,19,93,111,95,108,89,35,105,69,56,12,114,51,110,74,106,94,3,90,84,100,25,99,66,96,46,8,132,24,115,119,59,49,71,43,7,128,125,91,55,134,97,5,102,10,130,40,87,39,48,107,53,82,133,11,124,26,37,88,31,58,22,57,81,135,38,116,86,92,27,20,33,16,32,4,136,103,64,6,123,44,129,13,101,137,62,80,140,50,41,63,65,36,52,68,73,2,117,72,85,14,42,75,78,29,17,34,113,54,45,18,67,21,122,98,30,1,47,
0,96,126,92,58,75,35,114,62,17,12,39,117,107,101,46,23,43,93,130,1,90,26,138,104,44,134,91,76,85,136,14,88,18,19,89,37,81,122,33,70,113,38,83,13,79,30,132,48,63,16,61,139,133,137,86,6,108,100,9,77,87,112,105,80,118,111,124,40,57,102,106,115,25,135,3,123,36,54,20,32,99,24,128,41,21,95,2,47,15,66,55,121,97,28,53,27,52,60,68,84,5,10,50,11,29,110,56,7,119,140,72,34,127,94,109,8,98,42,71,69,67,73,45,64,4,125,120,129,74,31,82,116,49,22,65,131,59,78,103,51,
0,54,93,63,86,32,66,8,62,139,114,105,82,38,11,102,29,104,55,46,52,126,137,12,100,34,103,18,76,50,73,2,90,3,16,26,120,59,41,124,129,111,15,68,77,78,138,23,42,113,116,9,140,81,31,109,122,125,69,92,117,108,5,71,7,91,25,53,130,133,110,80,131,20,64,39,33,121,47,13,65,87,79,43,35,99,27,94,107,21,74,36,119,123,83,98,30,60,127,44,6,97,115,45,19,24,1,51,134,10,70,40,106,58,67,84,17,132,118,57,88,112,89,49,48,37,135,56,101,28,22,85,128,136,75,96,61,4,14,95,72,
0,53,14,117,56,97,134,95,66,103,55,112,105,52,45,76,61,29,69,79,13,86,107,136,104,74,98,130,27,128,93,133,116,19,70,125,92,71,80,42,35,89,6,122,100,31,10,58,33,87,108,109,129,99,46,118,91,43,135,17,77,16,126,30,34,4,18,63,127,36,119,131,72,78,106,50,94,32,24,101,38,7,62,84,23,114,57,15,37,132,28,26,139,41,2,124,121,3,73,21,49,59,1,138,140,54,81,44,40,102,110,115,65,51,12,22,113,5,85,25,123,90,39,20,137,111,60,48,9,8,120,47,82,64,75,96,83,88,11,67,68,
0,42,97,100,126,89,99,107,83,60,67,72,122,31,82,30,50,95,22,51,110,62,20,140,132,75,12,102,65,5,55,74,68,101,56,104,78,8,66,63,34,17,118,3,80,2,115,79,15,25,76,124,28,85,35,137,131,127,61,125,86,43,32,96,121,93,106,136,14,94,54,129,48,64,134,139,59,33,41,16,52,44,29,57,58,13,19,109,7,27,91,71,40,49,103,119,105,46,81,10,120,113,24,117,111,6,9,116,39,138,69,1,133,108,4,18,135,112,87,23,98,90,45,26,73,47,128,70,84,77,88,38,36,130,21,114,53,92,37,11,123,
0,72,74,104,57,13,43,25,98,49,23,59,30,21,116,119,3,79,100,107,38,10,15,87,47,105,123,133,88,81,96,51,103,94,35,29,125,50,112,11,127,7,101,36,132,12,67,20,52,42,19,8,108,91,9,77,82,26,66,135,61,54,53,41,109,126,106,137,33,84,124,85,2,58,64,70,131,44,130,65,89,28,117,102,139,39,27,99,46,134,68,121,71,110,4,80,93,92,95,16,37,78,63,18,62,118,83,76,24,56,86,5,69,111,1,128,122,114,14,129,115,136,6,113,22,140,55,31,34,17,120,48,73,32,40,75,97,60,138,45,90,
0,117,67,115,73,108,122,101,32,45,97,7,107,46,29,129,84,121,66,13,15,71,112,135,58,74,109,18,94,56,131,47,138,49,28,82,93,22,140,24,27,104,6,52,36,17,60,134,70,57,25,75,78,1,137,111,31,89,26,86,128,72,2,103,8,30,133,91,23,119,114,11,95,44,54,92,83,139,64,130,48,38,118,12,68,53,10,88,113,99,105,69,76,4,55,33,98,116,63,43,39,41,19,85,100,61,80,102,124,51,123,132,127,87,21,96,125,50,65,9,42,77,126,62,37,20,35,81,106,5,110,16,14,34,59,90,79,120,3,136,40,
0,120,140,87,9,56,132,34,22,94,5,35,31,47,44,91,32,139,78,113,46,104,126,70,58,114,85,20,66,90,77,48,130,133,30,15,88,73,3,123,19,93,116,137,115,61,81,18,38,11,117,13,55,28,121,49,14,54,135,67,64,65,43,71,10,23,134,27,105,124,4,21,127,129,60,24,110,99,89,112,26,8,82,86,40,50,25,41,59,128,111,102,136,37,103,131,122,1,109,74,53,76,6,29,118,97,45,83,17,2,96,16,7,33,92,98,84,106,107,72,57,101,108,62,52,80,119,79,75,36,68,51,100,42,138,125,69,12,39,95,63,
0,11,131,114,20,109,130,13,76,84,70,134,117,15,127,6,69,63,95,56,17,37,96,24,14,46,53,92,25,23,138,113,35,132,112,116,91,16,8,107,104,72,21,41,88,33,81,28,5,123,111,31,80,90,110,106,18,85,22,86,19,74,75,50,124,101,64,136,66,61,121,73,12,100,98,137,128,77,105,79,139,45,126,29,122,71,48,10,43,65,3,120,1,129,51,49,102,93,89,4,59,32,47,57,26,62,38,78,118,87,54,140,27,58,99,94,133,60,40,9,39,82,135,67,44,83,7,97,42,68,52,125,108,103,36,55,2,115,34,30,119,
0,15,86,55,65,109,12,20,76,14,51,73,84,83,25,139,125,43,22,100,5,129,47,67,96,54,97,53,13,57,133,111,19,62,64,46,121,74,31,103,123,44,93,120,117,112,126,137,29,36,122,79,24,130,32,26,107,70,80,102,50,27,52,11,49,81,92,9,69,60,10,78,135,4,2,110,17,35,118,114,28,132,106,128,91,48,88,38,39,21,99,16,66,104,90,82,72,85,33,59,101,71,134,68,34,89,56,116,94,140,7,58,105,45,8,42,119,6,63,113,37,77,138,61,131,124,1,40,87,30,18,3,108,41,127,115,75,95,136,98,23,
