0,119,39,91,51,15,48,26,67,115,72,17,57,7,96,60,86,23,66,45,32,84,113,93,64,44,38,99,2,68,109,42,58,21,50,76,81,101,24,14,61,70,8,98,33,106,103,85,75,49,1,62,105,16,19,52,65,54,74,53,108,29,5,31,116,4,69,35,117,55,97,13,12,94,110,20,9,59,36,82,80,111,56,112,114,30,63,83,3,34,41,78,95,27,107,11,10,71,40,104,37,28,102,47,77,88,73,87,120,46,90,100,118,18,89,22,25,79,92,6,43,
0,81,49,24,58,108,75,16,73,8,50,70,94,74,48,95,93,88,61,13,55,105,87,98,103,80,30,113,119,51,11,20,90,101,89,92,10,47,1,63,37,32,42,59,28,97,99,54,111,96,2,84,91,43,12,17,44,46,102,109,100,64,26,36,5,71,57,27,45,82,6,19,15,72,79,86,4,52,22,112,53,116,77,69,7,115,31,34,41,83,29,23,62,68,78,106,65,104,114,117,9,118,18,120,66,35,67,3,25,14,107,33,110,40,76,60,56,38,39,21,85,
0,49,33,31,2,67,61,29,8,105,69,55,81,13,58,101,113,116,92,45,18,44,74,46,22,97,34,64,25,110,107,5,19,117,86,66,115,50,84,42,52,26,54,111,72,63,98,99,73,94,104,12,109,77,6,118,3,48,65,37,103,83,106,89,4,28,24,88,60,38,112,119,40,41,120,90,56,114,53,68,95,10,59,23,14,93,91,9,35,39,87,78,43,20,100,1,96,71,62,32,51,30,36,7,108,17,102,85,15,82,75,76,27,70,21,16,47,80,11,57,79,
0,24,79,51,83,12,113,6,114,1,20,70,29,62,100,23,8,89,30,13,85,108,101,72,37,97,88,14,118,42,38,117,25,56,33,18,69,60,55,49,77,93,106,21,7,80,17,50,22,61,68,81,10,11,39,104,99,66,110,48,90,86,36,87,98,57,78,102,95,5,92,3,120,115,41,47,107,119,34,35,4,112,109,2,28,64,26,16,44,32,19,96,9,63,54,94,71,111,52,53,73,31,84,74,67,15,27,43,45,46,65,103,82,91,59,105,116,76,40,58,75,
0,66,37,50,21,57,30,44,100,84,51,96,102,116,64,32,18,48,14,78,12,24,35,108,53,58,68,75,59,70,98,15,95,23,20,89,82,94,1,114,83,79,85,60,13,41,74,115,46,86,29,88,91,49,45,6,3,106,111,31,26,55,40,11,19,5,97,61,34,39,22,42,9,87,80,73,113,2,47,25,93,16,104,56,103,43,117,118,69,90,65,33,67,8,17,28,27,92,119,101,77,52,112,71,36,99,7,62,81,72,105,38,10,54,4,76,63,107,109,120,110,
0,66,55,65,104,19,21,10,85,1,81,27,95,113,25,87,90,29,94,89,72,46,39,33,91,107,82,47,53,8,26,115,74,12,103,120,59,35,105,108,54,100,73,84,15,3,40,102,56,5,116,4,77,2,114,13,28,42,101,88,109,119,67,78,61,32,36,6,23,14,16,38,93,50,111,118,48,20,34,117,41,71,52,63,11,106,58,37,92,96,76,80,110,75,17,44,99,9,31,60,69,24,18,45,49,83,97,22,79,51,7,98,112,62,70,30,86,64,57,43,68,
0,1,52,10,111,98,6,71,110,58,85,59,100,68,112,96,23,65,97,69,82,89,70,106,114,12,39,49,42,20,64,41,22,11,37,56,26,94,84,105,90,13,113,61,117,75,81,83,78,67,36,101,57,15,29,109,116,87,99,25,76,47,9,34,55,53,30,17,72,31,86,27,24,54,21,33,38,115,74,60,120,32,107,28,48,95,63,44,88,35,2,40,102,43,14,18,108,46,4,66,51,103,50,77,119,93,80,5,19,3,45,16,62,118,79,91,7,104,8,73,92,
0,67,80,22,42,74,69,25,30,110,120,37,116,91,24,20,100,29,98,79,36,44,81,49,9,85,89,99,119,34,93,103,10,27,50,107,18,48,7,53,12,75,11,76,82,13,113,5,23,97,90,95,43,88,45,6,96,16,58,115,64,54,92,77,61,4,70,117,8,3,108,63,55,19,104,57,118,65,102,31,72,109,32,59,62,41,52,68,39,2,40,114,15,56,106,86,46,38,35,111,60,71,28,101,1,21,33,51,105,17,83,84,78,66,47,112,94,73,14,87,26,
0,23,117,8,4,65,57,30,33,80,74,26,5,59,7,107,113,53,94,99,29,51,14,40,78,49,25,118,22,55,112,116,43,32,76,68,34,115,11,28,50,105,21,97,96,81,82,42,61,92,89,13,104,19,70,67,18,102,119,39,93,106,83,77,15,44,75,48,36,91,17,110,90,45,87,37,109,52,79,84,73,1,47,6,95,63,60,111,98,35,72,114,64,69,54,31,71,56,66,3,24,27,38,2,46,10,88,9,12,62,120,20,41,85,100,108,58,86,101,103,16,
0,90,99,59,83,5,28,72,39,30,36,86,61,7,70,49,53,26,48,68,35,105,104,80,10,22,111,78,44,13,110,62,76,32,8,106,108,29,120,89,45,54,4,20,88,79,2,96,1,50,113,67,69,3,81,101,41,57,47,118,15,17,63,115,33,74,51,84,6,85,75,112,18,55,103,109,116,117,21,97,107,43,114,58,64,16,14,94,25,11,60,24,119,56,71,92,102,40,98,73,27,38,95,34,77,12,100,82,93,42,65,52,23,87,66,19,9,31,91,46,37,
0,27,113,108,88,5,60,33,11,66,51,48,80,29,62,44,120,83,115,69,104,18,81,89,77,26,94,40,101,78,82,65,46,61,1,38,32,90,102,36,105,42,71,106,93,20,41,4,34,86,97,84,99,92,24,118,8,2,98,49,13,109,19,31,3,103,56,50,112,53,15,54,30,100,85,73,7,43,25,35,17,37,79,59,117,47,70,110,63,91,75,14,76,10,12,116,87,96,16,39,114,107,28,57,68,45,21,52,6,22,23,58,9,95,74,64,67,111,119,72,55,
0,119,79,120,24,92,34,58,86,59,50,65,38,16,9,28,53,70,52,114,29,61,96,51,67,110,49,62,109,111,101,57,100,25,10,54,60,78,90,35,117,32,104,5,44,87,4,75,36,12,19,95,13,76,37,73,27,41,108,15,26,81,84,113,116,83,71,106,64,103,48,69,66,1,6,30,115,18,47,42,98,85,3,20,55,89,17,102,82,97,2,105,91,99,8,43,88,107,112,56,22,45,39,7,33,63,46,21,74,80,93,31,40,68,23,72,118,14,11,77,94,
0,33,73,13,97,40,19,36,9,94,102,114,4,56,58,14,60,32,11,64,120,42,116,5,35,67,25,101,61,23,16,43,69,52,89,20,18,110,117,41,48,118,55,39,80,29,24,2,8,107,113,46,98,70,111,59,112,93,54,53,72,71,10,26,83,81,99,28,6,62,86,1,12,51,119,63,37,104,17,74,115,108,75,96,92,87,109,100,22,105,7,78,76,38,30,15,50,49,57,27,103,45,106,66,3,21,88,90,31,95,77,79,84,85,34,82,47,65,91,68,44,
0,48,92,82,99,52,107,15,117,1,103,68,113,23,36,17,20,86,2,13,72,41,22,18,98,81,97,115,16,47,24,114,87,55,78,25,30,94,101,9,31,7,112,84,34,50,27,105,53,118,40,85,111,63,89,79,77,95,54,73,106,35,56,19,96,4,26,10,37,65,49,93,90,3,61,71,70,21,88,120,14,102,6,32,59,42,28,57,39,80,83,51,64,60,38,91,46,116,100,74,69,45,5,29,11,8,33,119,66,76,44,104,43,58,67,110,108,75,12,109,62,
0,101,6,28,74,44,118,84,27,47,67,4,108,104,93,54,113,26,41,66,59,105,24,87,53,37,43,95,15,22,42,34,46,13,70,63,112,85,25,71,32,52,90,98,88,31,116,91,14,35,48,2,103,114,19,36,10,97,72,57,109,30,78,18,56,7,16,120,5,40,61,102,33,9,89,119,17,107,99,11,81,62,12,82,60,79,39,111,117,1,45,77,115,50,55,73,83,38,96,86,76,64,69,65,75,94,21,49,106,58,20,80,3,68,110,92,8,23,51,100,29,
0,105,96,108,77,90,116,103,58,93,34,24,64,3,94,25,12,55,114,36,59,66,113,117,99,81,97,41,22,98,40,35,109,6,115,51,38,56,120,52,7,71,89,73,112,83,72,10,110,17,50,49,119,111,82,18,42,101,13,8,29,68,19,46,44,63,106,60,43,88,30,15,65,31,86,11,87,37,9,16,107,79,14,39,91,67,61,32,53,102,26,84,78,45,62,2,76,104,100,1,33,21,69,5,48,57,80,118,92,47,75,85,95,74,4,23,28,20,27,54,70,
0,58,118,92,38,75,57,53,73,11,93,70,7,23,22,46,95,52,6,113,111,45,50,96,87,3,35,32,20,49,77,110,109,17,72,47,27,100,12,16,74,84,64,56,78,21,71,81,103,31,79,54,29,25,94,86,82,102,69,15,24,1,44,55,90,107,104,67,112,66,28,88,62,105,120,18,98,60,39,30,65,43,89,10,2,4,91,76,19,101,48,68,59,117,106,119,36,116,114,37,83,9,115,61,80,85,8,26,63,108,34,97,33,40,42,41,5,99,51,13,14,
0,103,102,95,66,6,74,75,117,72,36,48,56,78,81,35,15,70,11,2,97,4,85,63,84,39,91,21,87,20,60,105,86,19,98,96,41,27,1,28,34,23,108,104,24,26,22,32,65,49,77,62,88,40,17,112,71,54,31,25,9,43,57,3,67,10,14,100,30,59,106,115,5,53,116,37,61,99,68,16,55,58,89,113,90,114,101,76,79,45,7,52,118,69,44,92,50,82,38,110,33,109,29,42,13,47,12,8,18,51,120,83,93,94,80,73,107,111,64,119,46,
0,58,56,91,42,12,89,94,115,17,82,44,29,19,35,23,120,106,65,105,74,2,101,15,77,87,68,45,102,8,32,28,34,114,20,39,76,11,36,83,14,118,53,72,85,88,92,27,60,48,78,50,55,41,33,69,103,104,64,4,67,93,81,16,63,47,71,109,46,84,98,18,70,113,25,111,73,79,30,99,110,9,37,54,7,112,97,80,40,116,62,90,13,10,119,100,117,107,3,86,52,6,66,26,5,21,49,61,59,31,96,57,108,22,95,51,24,75,1,43,38,
0,96,40,57,52,37,107,114,2,34,31,25,44,63,109,39,105,92,45,48,116,117,13,67,120,55,41,30,22,1,23,27,90,88,91,3,18,70,71,11,68,85,47,93,74,15,106,73,62,64,32,53,19,115,54,97,4,89,9,35,87,59,65,81,82,101,104,6,84,38,42,108,16,51,86,118,5,14,10,61,113,98,21,36,72,112,26,20,56,100,58,29,119,77,33,110,50,79,95,66,102,83,24,99,75,78,103,76,60,94,8,28,80,43,7,17,49,46,111,69,12,
0,111,120,8,114,63,70,1,119,91,100,90,50,21,33,36,84,46,80,44,53,17,49,23,18,52,99,47,76,35,77,64,97,92,54,112,7,26,43,39,58,117,110,29,81,32,103,56,73,31,105,60,113,102,10,27,95,116,87,68,86,106,108,42,98,14,89,55,37,71,3,118,65,38,6,34,74,4,72,67,82,51,104,40,24,115,61,11,20,94,13,93,66,62,79,41,5,101,15,83,22,85,109,48,12,28,9,96,57,16,78,75,19,69,88,45,25,2,30,107,59,
0,93,5,60,102,96,37,98,56,100,116,13,25,48,3,36,97,101,111,1,26,43,78,70,34,24,119,51,88,83,33,76,99,28,79,41,31,53,52,61,62,54,42,46,12,44,19,113,29,63,64,55,8,90,65,47,4,109,22,120,108,57,9,94,7,114,18,16,30,75,106,67,32,80,38,10,23,45,95,71,21,117,89,68,39,118,77,110,66,69,73,107,35,74,91,40,2,92,84,27,59,81,50,6,87,20,58,112,105,103,82,72,17,49,86,14,11,15,115,104,85,
0,92,7,63,119,9,93,88,30,99,12,91,27,55,95,108,84,18,72,11,79,60,34,53,43,2,22,3,50,44,52,46,70,21,97,100,90,68,54,69,66,15,71,101,36,48,94,1,38,98,65,106,117,41,40,73,5,109,77,16,4,59,24,28,35,76,115,32,113,39,47,49,112,10,42,81,31,25,104,74,78,20,33,45,107,26,120,116,62,64,23,82,67,58,86,19,110,114,80,17,56,61,96,57,29,75,8,6,13,89,102,111,105,83,85,87,118,37,14,103,51,
0,100,89,54,114,43,18,6,48,119,76,101,32,11,86,42,81,44,83,71,23,97,49,87,107,115,85,57,77,110,64,88,35,30,74,96,51,15,10,67,33,108,61,98,69,82,27,7,93,79,9,58,24,21,111,37,40,12,94,63,25,84,78,106,45,120,16,20,91,75,26,73,90,47,62,46,118,41,56,34,92,39,59,14,109,72,22,50,112,4,80,29,104,117,36,52,66,19,13,105,99,31,65,103,102,2,95,38,55,113,1,70,60,116,68,5,8,53,28,3,17,
0,42,6,97,105,20,58,75,43,109,114,93,15,115,62,78,113,30,52,116,27,86,90,120,66,56,91,99,102,40,3,94,110,98,7,4,8,117,36,10,60,111,95,22,31,107,11,101,47,61,76,23,18,5,51,48,28,67,35,118,57,87,50,13,24,54,119,65,19,26,44,69,45,81,2,17,79,73,41,88,59,16,37,70,82,38,55,32,14,84,108,106,34,96,63,71,46,64,21,53,89,103,39,1,83,9,25,100,72,112,68,49,12,85,80,29,92,104,77,74,33,
0,58,115,81,2,107,117,18,83,8,30,100,26,34,84,64,19,74,106,80,109,39,7,25,50,94,12,71,13,42,29,5,103,4,40,59,11,108,41,37,27,47,88,52,68,23,3,87,110,32,20,118,72,119,92,73,90,91,77,78,116,96,28,6,38,95,31,44,97,1,93,69,55,15,76,10,63,17,51,113,112,14,56,65,82,36,33,46,89,79,101,16,24,120,67,66,70,98,61,49,85,9,22,114,54,104,105,62,111,21,43,86,99,35,60,45,75,53,102,57,48,
0,90,79,8,45,84,25,48,24,6,104,4,28,53,1,56,26,112,92,75,23,36,35,49,18,119,15,34,47,50,42,19,111,91,95,61,43,59,113,39,114,107,105,120,30,98,110,29,55,14,54,82,2,74,97,62,116,7,78,69,58,106,46,32,96,72,44,22,71,109,83,70,11,5,38,51,37,101,87,76,64,33,67,57,13,3,117,17,73,118,31,89,77,12,102,99,100,16,27,66,65,115,86,94,60,9,10,108,103,88,85,93,52,81,68,20,80,40,21,63,41,
0,114,26,104,7,6,8,32,105,107,97,9,46,111,59,82,33,81,109,48,79,57,53,52,35,38,96,83,2,118,67,119,44,37,72,68,108,91,47,49,28,31,25,86,120,11,12,62,78,76,94,16,61,17,65,77,3,63,21,88,112,80,69,116,4,103,84,117,36,51,58,55,60,34,1,42,5,90,56,89,95,98,13,74,27,101,20,110,102,87,43,64,29,24,75,50,85,71,41,70,22,93,30,14,23,15,92,73,10,106,39,100,115,66,19,113,45,40,18,54,99,
0,90,83,21,12,87,33,113,42,69,24,35,30,82,97,32,107,45,64,92,2,38,84,94,106,13,56,67,49,76,58,16,73,88,120,48,9,6,115,62,4,101,11,110,112,7,18,108,36,116,19,53,118,1,23,22,111,114,44,34,80,119,39,57,104,41,61,28,60,55,71,93,72,5,70,46,68,81,50,77,54,51,105,8,65,79,20,98,25,27,75,37,17,3,103,40,117,52,78,109,10,74,99,100,63,96,89,102,85,86,31,91,26,95,14,15,66,47,29,59,43,
0,67,60,104,39,83,72,23,111,68,66,88,27,36,51,103,57,14,62,117,75,43,82,80,109,78,6,112,34,99,20,48,114,73,97,100,105,84,91,64,11,90,45,40,21,107,85,96,79,37,44,101,15,115,22,76,108,28,49,35,5,19,18,4,87,13,74,116,94,10,106,33,29,12,16,42,89,69,30,110,58,2,26,98,1,119,54,53,25,56,65,55,31,118,61,70,24,52,102,3,86,17,41,9,8,113,77,81,93,32,120,46,38,63,59,95,47,71,92,7,50,
0,66,27,2,98,11,48,81,24,3,4,72,112,73,49,95,20,92,45,17,67,108,52,99,115,80,110,78,15,41,33,12,56,36,116,18,106,50,51,64,65,68,34,97,94,62,87,96,43,83,89,5,104,70,90,75,54,9,46,79,1,113,42,40,119,60,35,101,111,37,32,82,39,118,84,109,13,63,31,88,44,86,91,6,57,105,16,107,117,93,102,74,47,61,76,10,30,103,69,7,26,59,28,14,55,71,22,8,29,85,38,19,53,100,120,25,114,77,23,21,58,
0,98,35,27,91,95,45,46,48,106,115,62,97,54,96,15,83,23,57,33,114,63,86,66,11,84,76,41,108,36,37,65,56,14,70,118,30,6,100,105,20,18,42,119,77,9,58,53,29,73,94,89,3,5,2,102,88,44,110,109,72,13,103,1,7,31,51,104,17,4,82,90,107,25,87,16,75,28,38,120,34,32,24,50,39,43,81,101,85,10,55,92,26,78,40,12,69,74,68,111,113,79,21,22,8,67,93,117,71,49,59,60,52,61,112,99,64,47,116,80,19,
0,13,32,24,115,90,67,2,107,70,87,6,118,114,23,11,109,16,77,49,103,34,35,55,62,42,48,8,10,26,12,4,112,39,80,91,105,106,66,19,76,98,46,30,20,88,5,92,75,89,58,1,38,40,82,110,9,97,17,54,51,99,28,41,50,81,84,63,33,53,117,15,56,37,78,18,22,94,52,74,65,102,29,111,116,44,59,100,108,45,61,83,47,64,73,113,101,25,31,96,27,14,68,7,93,120,69,57,21,72,71,43,60,95,36,79,85,3,119,86,104,
0,86,74,1,26,14,112,57,33,95,52,20,103,97,84,35,120,46,32,79,54,3,18,11,28,29,100,96,66,104,82,38,5,118,91,78,39,12,10,49,62,88,55,9,7,8,89,24,72,76,48,34,93,59,75,50,43,80,17,114,27,106,113,119,111,16,47,70,77,83,71,115,105,60,21,117,64,23,92,4,85,53,98,19,81,116,73,37,15,45,25,2,108,87,42,22,65,94,102,99,56,41,13,30,40,109,67,61,68,31,90,69,58,101,51,36,63,44,110,6,107,
0,33,25,98,44,34,111,48,29,106,65,97,89,100,38,57,87,114,73,99,36,112,56,103,74,69,14,39,4,50,53,5,49,81,109,71,88,93,18,55,68,21,42,40,2,37,28,70,12,43,92,101,113,82,19,60,62,83,23,59,76,9,20,108,16,24,54,116,94,7,79,46,11,95,26,51,58,120,117,104,115,22,63,78,61,80,96,86,41,45,8,35,91,64,13,52,66,72,75,10,27,107,85,119,118,77,90,30,67,32,3,6,15,17,1,105,84,102,110,31,47,
0,85,100,42,83,108,11,55,41,37,118,3,48,2,111,10,7,43,110,64,54,60,90,91,16,96,67,84,51,65,40,99,47,68,5,114,78,75,15,98,32,116,14,77,109,23,113,56,17,36,72,28,18,24,80,93,39,89,115,53,104,87,12,29,31,6,38,101,26,79,105,63,86,46,94,95,33,35,4,76,117,106,73,21,103,8,74,22,57,25,52,69,44,61,120,62,59,107,49,112,50,19,9,97,58,71,20,88,66,1,92,102,30,119,45,34,70,82,81,13,27,
0,56,81,91,4,70,39,117,112,76,83,98,72,59,66,38,84,60,13,65,21,45,97,94,3,79,113,44,47,115,16,28,102,95,51,29,57,26,90,18,118,89,20,85,15,6,19,64,100,2,75,68,54,53,46,40,61,99,48,87,92,36,69,73,12,30,55,62,24,7,77,9,52,34,71,63,74,1,25,67,86,58,23,22,32,93,10,42,11,96,78,31,49,14,41,8,103,37,17,35,106,114,50,33,5,119,104,27,116,111,110,101,120,105,107,109,43,82,88,80,108,
0,105,46,40,60,18,5,119,9,12,70,81,87,25,38,50,54,85,112,72,102,100,39,89,71,20,86,13,10,116,82,88,77,117,103,94,52,21,6,7,16,90,73,62,104,37,48,66,110,74,33,45,120,98,118,99,23,68,47,8,26,15,3,35,91,109,101,43,97,44,22,76,32,34,36,64,113,96,30,69,61,11,55,78,31,83,79,93,57,29,19,1,65,51,42,106,41,59,115,53,114,56,27,2,80,17,92,107,58,95,75,28,4,111,14,49,84,67,108,63,24,
0,25,21,102,34,11,47,119,35,92,120,55,68,3,115,51,114,50,75,52,95,60,84,103,80,24,18,59,78,79,46,56,107,49,40,83,20,69,104,26,87,16,89,72,113,117,109,77,41,112,93,57,22,30,13,90,23,108,54,94,29,17,98,70,116,39,6,64,82,76,62,32,85,100,99,7,31,105,27,88,5,42,53,14,71,74,10,38,48,4,81,8,67,36,28,43,86,91,111,15,96,66,33,97,2,12,106,65,44,110,118,45,73,1,37,9,58,61,19,63,101,
0,93,27,58,35,16,95,105,104,24,10,106,25,81,83,15,19,59,55,54,47,60,11,44,92,120,86,111,91,100,108,85,6,66,36,75,53,7,23,103,118,110,64,39,28,88,68,29,3,109,84,40,119,97,72,30,2,113,14,65,94,77,17,79,70,1,5,101,102,74,41,63,82,114,116,112,37,9,87,49,45,76,26,90,98,78,8,52,12,22,48,34,117,67,38,42,107,18,57,80,32,62,33,96,46,31,89,4,21,20,69,50,61,13,115,56,73,71,43,51,99,
0,22,14,87,101,18,81,90,110,53,89,93,7,38,92,54,86,115,26,91,66,15,64,94,39,79,63,21,80,32,118,51,17,5,23,33,84,13,62,10,42,57,36,3,98,78,25,65,70,58,20,109,68,113,61,55,117,56,72,24,107,1,105,49,8,82,71,99,30,95,31,97,34,27,100,85,75,12,35,48,116,88,50,19,69,11,114,112,40,83,41,28,102,47,52,74,119,16,4,77,120,104,111,44,9,96,67,76,6,106,59,60,37,45,73,43,2,103,108,29,46,
0,62,37,79,112,93,63,26,44,104,72,66,105,19,84,21,49,120,57,80,98,23,114,2,53,110,107,103,18,17,25,56,13,68,6,59,10,83,102,52,64,22,5,101,46,55,67,40,39,12,15,85,41,34,88,50,7,100,29,78,89,61,3,32,28,71,73,9,38,42,77,60,33,108,90,117,58,47,16,54,118,82,69,91,45,24,111,76,109,43,4,65,35,119,11,8,31,92,51,36,113,96,70,97,74,87,95,27,30,94,1,48,75,115,14,86,116,106,81,99,20,
0,22,81,68,36,94,39,80,12,100,34,6,87,50,65,16,108,114,96,4,115,120,117,84,58,52,67,49,95,70,90,35,86,97,17,66,78,40,83,7,42,11,112,20,3,41,24,1,48,14,53,38,118,55,89,99,91,47,103,93,77,76,54,29,82,71,72,30,64,23,5,32,107,116,19,113,63,105,46,102,28,44,88,56,79,9,110,31,61,106,85,73,2,21,111,37,75,69,10,74,26,109,13,33,57,25,45,43,59,27,62,60,51,18,104,15,119,101,8,98,92,
0,60,88,74,67,75,63,95,45,80,97,110,108,9,6,106,26,84,82,16,40,28,55,5,48,1,18,34,103,72,13,54,96,8,41,35,31,119,93,78,65,27,37,58,23,112,17,77,113,7,68,101,81,21,20,70,47,32,56,116,99,43,53,94,4,66,79,92,36,90,111,69,52,87,51,50,118,46,98,117,42,11,15,114,115,30,59,19,38,89,83,39,100,10,3,91,2,62,29,86,120,64,102,61,14,24,22,104,109,25,71,105,85,107,76,33,49,73,12,57,44,
0,59,5,40,46,108,37,92,116,21,45,39,115,112,101,54,61,25,78,88,7,51,72,60,93,48,62,90,31,38,63,36,99,67,96,35,44,81,66,9,18,30,3,70,104,41,19,86,100,24,1,43,20,58,29,15,80,23,106,65,109,53,84,50,98,68,16,113,33,97,34,12,74,87,14,111,107,110,10,27,17,89,95,6,82,79,120,22,71,75,105,114,94,32,8,55,91,73,11,2,52,42,56,76,47,57,77,117,85,103,64,102,13,28,4,49,83,119,26,69,118,
0,38,106,97,7,3,80,84,45,70,101,81,64,22,88,77,86,83,71,82,35,62,115,63,76,67,31,17,41,119,103,11,102,93,54,37,105,6,15,99,42,118,5,51,50,34,112,72,39,96,73,113,28,85,52,10,14,66,90,109,13,46,9,44,79,8,60,100,94,117,47,40,12,56,91,107,1,20,24,48,110,4,21,25,30,61,23,27,36,26,108,104,29,74,75,43,19,114,57,69,16,95,49,89,55,98,2,111,65,116,53,58,33,32,92,59,120,18,87,68,78,
0,32,47,12,108,54,91,25,120,26,59,35,85,57,74,75,51,89,15,103,28,45,93,24,7,52,84,9,97,95,4,118,110,66,33,104,102,98,40,69,42,34,22,119,111,37,99,62,83,79,78,8,67,86,106,38,10,41,11,112,48,44,31,68,60,18,19,46,116,30,1,64,72,6,73,3,39,70,58,71,29,82,114,49,56,115,43,81,94,61,14,113,109,87,65,80,16,101,76,21,96,50,13,117,36,88,107,53,63,5,105,100,90,20,27,77,55,17,23,92,2,
0,51,35,8,1,31,53,60,91,63,28,40,42,70,88,2,115,74,17,12,97,83,67,99,106,92,30,112,47,111,11,105,100,66,3,24,9,82,25,6,33,58,39,36,109,41,69,61,104,26,84,119,43,94,86,23,37,89,15,98,27,87,49,113,114,45,117,71,120,93,72,75,78,85,46,76,20,21,32,102,19,22,65,50,52,103,29,68,48,90,95,5,108,7,18,116,44,62,54,79,59,55,34,80,14,107,4,118,38,73,10,13,57,56,16,77,81,64,101,110,96,
0,34,49,94,44,33,86,4,81,27,47,104,82,76,2,43,15,48,119,77,50,37,38,72,28,8,25,87,1,35,99,109,80,20,54,66,92,62,91,110,13,98,71,88,113,45,75,53,83,46,3,101,69,51,115,57,108,120,78,9,64,40,103,11,93,31,56,36,19,112,52,70,114,79,96,118,39,42,32,105,102,6,63,60,23,117,107,85,61,90,10,41,67,65,24,100,29,95,5,116,22,84,111,106,14,16,74,7,58,21,73,68,89,97,30,12,55,59,26,18,17,
0,112,53,38,12,117,22,89,23,10,101,67,27,73,86,109,25,83,88,33,11,26,15,107,24,63,103,84,45,108,116,120,77,61,81,18,106,34,100,57,46,93,75,17,111,6,59,49,91,42,110,60,7,94,21,102,2,92,90,95,9,32,113,85,68,79,8,66,20,3,114,99,76,47,16,82,14,44,104,40,118,98,28,97,39,36,55,87,56,50,80,69,13,1,71,105,37,54,5,43,70,72,65,35,19,58,48,96,31,64,78,52,29,51,30,115,119,62,41,74,4,
0,82,55,2,7,13,90,38,76,65,79,109,20,112,50,80,107,78,115,36,25,27,73,113,51,68,95,104,114,43,96,35,9,23,1,52,92,26,84,32,94,70,67,116,19,106,30,28,71,29,59,8,108,91,41,99,57,120,101,49,97,16,10,118,53,45,56,31,85,87,103,119,39,102,63,44,4,110,105,40,48,100,98,34,62,5,15,54,69,11,21,72,117,37,42,3,93,89,24,66,88,61,60,77,111,14,46,83,33,81,74,22,17,47,86,75,12,6,64,58,18,
0,15,44,36,90,104,14,43,93,8,35,77,65,69,95,103,108,21,45,16,111,118,30,112,62,3,23,51,74,100,66,67,92,37,105,64,73,119,18,29,4,87,54,72,52,40,56,20,79,68,107,57,115,48,22,117,76,78,99,55,5,63,9,53,50,28,10,34,71,24,13,61,41,26,85,98,114,33,97,7,59,116,80,11,88,106,47,110,2,39,109,96,42,6,75,17,101,32,60,82,46,81,58,91,94,1,25,38,83,86,19,12,70,102,31,113,49,84,89,27,120,
0,16,27,33,11,108,22,78,32,26,14,1,10,99,63,111,19,100,95,15,62,68,17,107,65,77,73,75,80,61,2,29,18,91,35,64,12,40,34,58,88,115,49,114,39,23,87,6,86,83,90,4,110,89,55,98,67,120,103,57,113,20,24,82,119,109,43,116,48,51,106,50,52,112,47,41,5,21,69,53,46,7,104,97,101,37,9,118,96,92,56,93,72,25,45,31,36,44,28,105,30,38,74,85,71,70,60,66,84,79,13,42,3,76,8,59,102,81,94,117,54,
0,20,19,44,54,25,66,27,93,113,80,7,74,35,49,92,108,38,58,53,94,89,68,56,36,32,6,13,70,105,98,75,117,10,119,106,64,28,23,71,111,9,81,51,24,3,115,39,63,97,116,11,87,21,62,102,47,33,15,29,84,85,30,79,99,110,91,90,31,103,67,118,95,40,12,22,72,4,26,2,34,59,8,86,107,82,83,45,65,55,52,57,16,73,69,48,76,61,46,109,77,78,114,50,112,96,42,41,101,43,100,5,14,104,17,18,60,88,37,1,120,
0,114,19,40,103,62,22,117,100,53,93,76,12,80,104,32,109,113,75,7,74,4,91,73,89,107,30,49,94,45,33,28,1,34,98,36,27,72,42,119,92,50,51,110,60,54,11,66,6,2,41,69,10,111,44,95,48,13,21,26,61,67,106,39,70,79,58,71,68,35,15,108,83,77,84,14,99,56,17,63,24,16,5,31,8,81,118,18,116,57,101,97,29,9,55,20,105,88,37,23,78,47,115,52,43,3,120,85,96,87,25,65,64,112,59,46,90,86,82,38,102,
0,55,22,9,118,24,104,95,99,27,34,11,20,120,8,2,45,70,93,16,59,41,98,69,38,85,63,71,12,62,56,86,105,97,119,110,114,65,94,48,72,39,49,54,23,102,111,58,61,42,19,4,31,46,5,25,78,51,66,37,18,13,81,6,68,73,87,75,17,109,92,80,117,57,89,64,10,115,14,107,60,82,28,40,103,29,106,43,76,67,101,1,52,116,21,84,3,26,35,113,44,47,32,96,36,90,108,15,83,53,30,33,79,74,50,7,91,77,100,88,112,
0,75,30,116,44,77,54,39,63,24,36,102,13,96,92,55,17,35,82,4,64,105,88,100,68,93,23,53,10,84,45,103,78,1,9,111,22,56,61,26,106,25,104,113,2,18,48,80,65,109,6,42,74,31,27,117,62,89,114,41,99,101,94,5,49,70,33,20,11,76,112,85,28,79,60,72,120,81,115,58,110,98,51,47,3,19,87,29,91,40,14,95,43,71,59,7,50,21,73,57,15,12,69,38,107,83,37,97,32,119,46,86,67,34,8,118,16,52,66,90,108,
0,34,46,8,14,31,79,22,53,26,83,52,87,1,111,67,44,84,76,28,33,60,45,36,37,118,39,64,30,20,88,9,27,7,73,2,101,18,99,115,66,106,62,13,96,24,54,51,5,77,16,116,35,74,93,11,91,15,81,47,75,40,98,17,38,85,59,19,103,70,43,29,109,112,80,78,6,105,120,56,69,49,58,92,50,55,107,114,23,71,102,94,41,25,90,32,48,86,4,65,42,108,104,117,68,57,113,119,61,21,12,95,3,89,63,100,82,72,10,97,110,
0,39,86,97,107,10,96,41,16,64,45,113,68,57,3,95,79,85,27,71,100,32,67,4,63,103,30,40,119,118,102,108,77,24,104,21,65,98,59,46,92,18,61,99,49,43,20,31,35,112,44,78,11,50,116,6,115,53,8,80,54,38,17,75,42,101,9,120,47,114,33,110,91,52,29,70,23,90,93,82,72,66,13,109,94,37,73,87,34,5,14,2,83,26,111,56,117,76,69,19,84,7,58,51,15,74,28,60,106,81,12,36,25,88,89,62,1,105,48,22,55,
0,120,16,81,105,67,69,82,65,26,60,37,23,89,40,104,42,27,71,31,8,85,46,91,52,84,68,59,106,92,10,28,41,4,80,74,108,54,77,114,115,97,30,87,103,61,44,22,99,101,17,50,110,33,113,93,98,70,43,35,102,96,64,36,95,9,51,1,25,29,20,100,72,15,112,73,3,58,18,66,34,45,5,57,24,117,78,49,39,90,76,75,88,79,109,48,53,6,14,56,94,19,55,86,119,63,116,38,21,107,13,62,7,12,111,118,47,32,2,11,83,
0,100,119,70,94,48,27,43,38,11,92,42,22,75,46,73,76,79,99,10,37,23,64,84,6,34,86,74,66,80,116,21,71,103,85,118,30,5,105,3,117,72,33,15,81,12,108,110,35,88,101,41,112,90,102,93,120,62,104,28,18,49,97,36,8,69,83,32,77,96,95,26,68,61,87,54,56,111,13,67,58,107,57,2,31,24,4,55,115,7,98,45,82,78,59,14,106,63,40,60,16,47,53,9,29,52,113,39,44,17,51,25,1,91,114,20,89,50,65,19,109,
0,73,28,100,59,106,60,44,5,13,81,17,118,84,30,103,39,55,8,50,31,75,108,95,65,16,80,87,1,11,38,53,114,9,51,70,83,24,56,113,22,105,64,101,88,10,67,102,97,71,45,92,47,2,116,117,74,91,111,21,19,77,93,63,62,29,66,112,32,33,115,12,40,41,119,58,94,69,72,82,48,96,18,89,79,15,27,85,61,49,7,76,109,78,43,57,86,68,104,37,98,34,20,90,54,4,42,120,6,3,52,14,110,25,36,23,26,107,46,35,99,
0,51,64,55,49,96,95,16,37,28,108,69,110,8,107,6,100,101,93,3,27,85,39,120,46,113,7,117,45,30,12,4,48,99,72,111,78,62,22,44,60,80,115,50,97,61,114,109,35,86,63,79,59,104,54,116,70,118,83,41,19,14,25,67,38,17,89,52,31,32,103,65,90,77,10,23,68,15,40,2,21,119,75,18,56,13,66,29,91,74,98,34,5,71,43,57,1,102,53,94,24,9,73,11,20,58,105,81,87,26,82,76,42,88,112,36,84,47,33,106,92,
0,96,57,74,101,35,43,94,37,110,54,46,64,41,25,84,10,55,28,63,115,106,47,44,3,60,97,103,68,39,108,113,56,80,93,77,9,79,26,50,7,19,83,107,5,62,117,89,75,58,99,92,36,13,23,45,112,21,51,87,8,40,109,82,81,24,20,70,49,48,1,2,53,100,86,105,31,66,59,111,34,102,114,91,90,73,119,76,69,116,12,33,78,71,42,32,18,15,98,118,52,72,16,6,27,85,4,14,11,120,38,29,88,17,22,61,30,67,65,104,95,
0,20,2,103,23,55,51,59,50,115,16,118,27,65,21,56,32,61,112,19,64,119,117,49,63,76,62,1,102,37,120,46,4,73,28,109,99,54,82,110,36,35,68,70,98,75,14,38,53,101,40,106,42,39,74,6,34,33,24,88,58,12,10,26,94,41,66,31,69,17,8,105,52,47,91,97,95,77,100,57,48,86,5,78,71,89,90,15,113,30,83,60,87,9,80,43,108,44,114,45,116,107,3,22,79,13,67,25,29,18,93,72,11,7,84,96,111,81,85,104,92,
0,48,43,24,59,109,21,96,105,58,116,108,23,7,55,28,99,72,81,69,31,19,47,71,44,113,51,119,70,100,110,27,14,33,22,66,92,117,11,111,25,75,49,63,68,1,87,56,6,88,95,50,120,54,115,52,34,29,36,83,53,40,18,5,42,67,9,97,17,65,32,104,13,93,8,101,3,16,78,102,41,114,62,15,112,2,118,4,26,86,76,45,73,10,106,91,85,90,89,98,94,38,30,107,20,77,84,37,46,61,103,12,80,64,35,79,60,57,39,74,82,
0,23,50,35,116,105,16,55,40,54,106,79,93,43,88,117,28,24,104,96,32,81,15,58,72,103,2,13,38,108,67,66,91,36,9,11,5,51,48,57,21,52,62,47,60,109,98,75,46,59,31,82,44,25,20,90,100,76,30,26,1,34,97,118,86,37,6,111,89,12,101,61,7,69,39,56,14,18,110,95,119,99,113,65,45,94,71,42,4,33,53,120,19,115,77,68,10,84,41,112,27,92,74,63,49,70,29,22,8,85,64,17,107,73,83,78,87,80,3,102,114,
0,41,35,47,52,2,99,79,26,16,20,36,76,68,18,27,33,106,105,60,46,113,78,95,30,75,89,43,116,44,22,7,62,64,80,17,88,120,93,66,92,40,21,111,48,10,8,50,4,108,94,1,109,114,115,69,25,61,85,81,87,55,63,82,97,31,53,54,91,24,86,107,5,71,37,51,118,59,58,98,15,34,39,73,56,12,28,72,117,104,57,23,112,14,102,83,101,38,49,6,100,13,96,110,119,70,103,29,11,90,42,45,67,84,3,32,65,77,9,19,74,
0,45,43,72,120,3,8,82,30,48,41,98,97,55,52,53,4,31,12,13,83,87,69,101,84,95,85,107,67,75,103,113,61,109,60,25,108,76,9,94,1,50,116,33,34,74,66,5,42,24,111,11,90,89,73,112,7,39,64,17,35,27,104,59,118,20,105,10,88,115,63,36,99,110,38,15,51,22,6,86,92,70,117,28,79,100,21,56,57,114,106,96,37,71,78,19,102,68,29,91,14,44,81,119,65,2,54,47,49,23,80,62,77,32,46,16,26,93,18,58,40,
0,112,5,77,90,117,24,98,120,84,101,36,50,22,74,79,12,25,54,113,110,68,33,43,63,45,99,75,19,28,96,115,119,59,41,72,69,71,116,34,27,85,38,83,104,4,87,94,17,20,29,70,30,21,118,107,65,61,105,86,78,15,40,48,67,1,100,55,18,52,44,6,8,80,97,47,9,114,26,81,89,62,11,76,73,108,35,56,91,93,42,3,109,95,58,46,49,7,16,66,39,64,102,37,32,2,14,92,23,103,51,13,57,82,106,111,31,10,88,53,60,
0,120,41,45,47,25,55,119,82,103,80,24,20,112,35,51,23,57,50,110,14,34,114,10,78,67,77,71,32,30,105,16,113,59,92,100,87,106,104,62,101,7,90,15,84,52,6,28,33,66,54,85,72,64,95,73,81,60,107,46,93,31,2,27,22,118,42,91,18,38,17,21,58,102,88,111,70,36,53,89,108,44,49,12,9,83,61,99,75,19,65,1,11,63,115,68,13,8,37,39,94,76,79,26,43,86,29,97,74,4,69,3,48,56,98,40,96,117,5,109,116,
0,93,75,68,42,49,73,115,25,27,120,9,26,28,67,5,72,61,79,19,50,21,48,14,112,8,92,100,57,64,17,110,11,31,44,58,83,52,29,106,69,7,95,74,37,30,53,111,51,114,40,103,62,15,99,89,34,54,94,41,18,43,113,97,66,39,24,80,23,98,101,59,33,38,55,102,4,6,12,104,118,16,13,82,88,63,32,65,76,85,70,1,91,71,107,119,60,35,116,84,46,10,36,3,108,78,86,47,2,56,90,87,77,20,117,105,22,96,81,45,109,
0,100,40,86,15,102,8,37,43,112,49,42,99,69,51,81,96,70,77,75,80,89,17,61,19,65,57,35,28,113,53,50,68,63,36,2,52,33,16,109,76,30,115,72,118,11,74,9,46,116,56,27,31,97,20,1,22,91,104,48,95,111,73,29,117,38,25,6,59,32,34,41,107,88,26,13,85,110,84,47,78,10,54,14,12,82,62,106,119,3,18,67,103,21,87,24,90,105,55,92,114,94,44,39,5,4,23,101,7,79,58,60,66,83,98,120,71,93,45,64,108,
0,104,57,109,31,41,11,16,93,72,82,19,5,24,78,63,91,8,58,43,50,62,21,40,96,22,102,39,55,53,47,56,25,37,66,74,100,77,113,107,23,71,3,15,35,29,103,69,111,116,108,17,119,85,52,79,34,97,84,98,67,101,33,27,86,89,83,4,105,64,13,46,36,94,38,95,1,42,45,51,26,114,32,49,76,110,70,92,112,117,60,18,20,59,68,90,7,61,30,81,12,10,115,6,80,99,118,75,9,120,14,54,73,44,2,87,88,106,48,28,65,
0,15,27,13,86,119,43,90,39,26,94,42,21,54,77,9,60,35,30,81,97,25,2,110,74,66,53,120,78,7,5,111,116,69,104,80,95,44,11,49,73,115,96,93,29,4,67,106,34,92,16,8,68,31,33,64,62,23,83,50,24,18,36,118,1,28,41,32,82,88,84,58,40,114,113,103,46,109,51,75,70,87,105,48,102,91,47,57,6,107,20,38,89,19,117,112,65,76,108,14,45,52,99,22,101,61,72,79,55,10,59,85,100,12,98,17,3,63,37,71,56,
0,48,117,21,31,23,93,14,52,8,77,109,36,12,4,99,53,35,112,3,97,85,47,73,62,59,101,25,98,30,6,43,76,78,83,15,91,115,118,7,45,108,107,60,24,51,90,102,1,19,42,28,116,75,37,27,63,58,33,95,67,17,79,74,20,44,68,100,16,82,119,34,104,66,10,64,26,2,40,110,5,38,89,32,65,71,103,113,49,120,70,111,114,57,105,106,92,18,69,84,50,86,13,11,55,61,46,39,72,29,96,54,9,94,41,56,81,80,22,88,87,
0,12,64,84,48,55,69,41,62,51,58,72,95,56,92,42,13,15,47,9,94,88,1,71,8,90,59,33,114,50,18,103,54,100,34,70,65,32,75,20,60,7,22,16,49,99,76,45,28,5,66,97,101,44,30,67,87,79,52,81,120,43,6,93,73,53,35,117,78,17,25,4,29,26,27,110,36,57,86,46,104,96,80,31,108,112,68,77,37,82,39,115,89,111,98,3,91,2,83,61,11,106,107,118,14,109,85,24,105,113,10,102,23,21,40,119,74,116,19,63,38,
0,96,42,54,8,18,9,28,34,16,59,58,20,87,46,32,115,63,23,108,45,95,113,70,107,94,116,4,78,36,99,98,10,120,69,90,64,62,97,105,68,85,1,21,91,71,40,7,84,74,76,89,27,47,41,75,109,15,92,55,25,49,61,100,80,73,102,101,2,33,88,22,35,119,93,30,26,48,37,79,66,43,117,51,118,57,77,52,29,5,53,110,50,114,103,106,112,39,111,44,83,31,60,67,13,65,38,56,72,6,17,24,82,14,19,86,81,11,12,104,3,
0,42,13,85,118,22,55,29,70,117,84,120,101,10,41,60,92,2,68,4,46,12,110,88,38,79,116,64,3,94,83,16,35,74,89,81,47,78,1,107,28,98,59,73,20,50,108,40,34,119,65,104,45,8,106,90,30,7,97,67,33,15,17,23,43,66,61,37,99,72,62,102,5,109,114,19,77,57,75,26,56,48,91,63,80,11,54,39,112,86,96,24,14,51,25,6,103,52,32,113,36,105,58,31,9,115,95,76,69,93,71,87,53,27,44,111,49,18,21,82,100,
0,45,111,24,79,23,113,25,110,43,21,20,97,32,19,33,85,66,89,92,13,120,30,8,31,38,41,119,87,36,82,61,114,115,34,77,65,73,91,5,99,59,28,118,60,22,50,84,16,7,102,18,96,93,26,6,67,83,27,4,106,69,53,47,39,37,29,58,35,9,74,68,2,56,117,48,80,75,86,10,90,70,101,15,40,103,12,105,52,46,51,14,94,57,49,104,55,76,112,72,64,98,3,54,116,88,17,108,71,63,44,81,62,11,78,95,109,1,100,42,107,
0,83,5,26,103,20,58,24,100,12,78,77,8,13,79,106,110,57,55,109,104,47,9,76,90,105,22,66,80,108,117,41,27,44,87,35,36,93,72,63,112,6,23,14,69,85,56,59,97,25,10,71,114,48,101,119,74,21,60,18,30,34,39,64,17,15,88,51,61,43,62,98,96,33,99,84,32,4,73,118,67,102,11,65,82,45,2,7,3,40,89,95,116,120,81,49,68,42,50,113,53,94,28,54,46,29,111,86,107,70,75,92,31,115,19,16,91,37,38,1,52,
0,23,79,8,47,63,17,31,37,4,46,7,43,116,102,33,84,39,61,97,57,38,114,82,92,67,20,14,83,41,3,85,118,54,2,95,27,71,59,36,119,9,16,19,93,98,87,69,105,53,115,6,56,30,89,1,51,66,113,74,86,55,62,22,81,76,44,32,110,70,80,13,99,101,72,108,58,26,91,88,60,103,104,96,77,49,73,107,42,106,11,24,52,68,120,10,78,50,94,90,112,75,111,45,28,12,64,18,5,21,100,25,15,29,34,65,35,117,40,48,109,
0,112,61,4,44,51,26,55,88,30,116,110,107,53,98,59,20,82,27,49,24,117,9,34,32,2,36,79,48,22,80,91,111,10,72,120,83,19,31,89,69,35,96,58,104,118,50,78,94,41,38,102,74,65,52,109,92,100,18,5,119,37,93,29,103,45,105,115,75,62,6,113,47,14,86,90,71,68,73,87,54,57,23,106,56,16,42,64,46,25,108,114,67,11,77,3,63,60,13,97,43,12,81,76,7,21,101,99,40,70,28,84,1,39,95,17,66,8,33,15,85,
0,83,17,63,11,110,42,59,58,89,32,37,23,118,85,92,77,76,67,40,19,104,12,103,31,99,95,33,93,120,44,28,36,72,26,78,14,51,8,101,100,43,80,64,86,81,6,5,18,46,41,107,74,2,10,22,45,84,98,75,116,88,96,29,66,111,108,87,4,61,70,55,112,57,79,117,54,39,16,24,106,56,94,105,7,3,50,34,60,47,68,27,73,13,49,109,9,15,114,69,62,119,25,1,91,53,35,52,48,115,102,113,21,65,20,30,82,90,71,97,38,
0,16,114,4,71,83,119,52,41,29,104,11,79,38,81,50,61,99,92,110,54,43,100,109,48,9,103,68,55,101,115,15,113,47,37,56,96,21,14,111,22,112,6,24,49,5,102,65,58,7,2,74,26,75,44,118,106,87,82,23,63,97,27,93,39,90,77,3,66,30,98,62,42,51,20,69,35,18,31,12,13,120,67,108,105,40,19,94,1,91,78,33,28,60,88,53,34,59,25,72,57,107,116,36,70,80,45,17,86,84,73,76,46,117,85,64,8,89,10,32,95,
0,48,91,109,110,38,116,86,92,4,11,2,24,69,60,89,64,12,43,85,96,81,21,35,3,6,100,71,36,19,94,76,28,56,42,83,87,65,37,27,55,67,62,31,88,105,46,50,115,13,90,107,79,59,120,80,113,82,32,104,63,23,14,49,22,98,74,102,73,10,29,106,15,1,111,25,68,99,103,75,5,9,40,17,93,8,112,66,44,118,78,30,72,52,114,54,41,18,47,119,26,57,97,39,95,20,53,34,117,33,51,61,16,58,101,70,84,77,7,108,45,
0,89,7,64,96,9,73,50,48,18,115,66,85,72,44,53,15,67,94,108,59,21,28,3,56,106,4,19,51,103,42,109,86,90,81,55,107,10,62,61,117,30,93,49,74,47,26,20,92,84,79,71,83,11,113,120,6,40,99,1,104,52,101,37,110,31,91,23,98,25,54,119,70,114,77,33,12,35,2,65,13,75,41,46,16,80,69,78,43,27,112,95,17,97,5,60,111,8,116,100,34,14,88,39,38,24,118,76,32,45,87,36,22,105,68,58,102,29,57,63,82,
0,51,58,113,119,28,23,9,86,105,14,87,94,4,41,68,3,13,101,95,55,52,6,26,63,20,70,40,22,34,7,90,30,46,42,112,80,102,39,57,120,54,18,99,25,98,44,38,12,91,17,100,103,67,111,59,53,56,79,81,27,75,62,24,104,65,47,69,1,33,36,19,74,88,5,77,84,48,117,8,83,96,64,10,97,107,118,115,66,11,45,109,37,49,35,108,76,60,2,73,15,89,110,93,78,116,61,31,32,29,106,72,114,71,92,43,50,21,16,82,85,
0,28,17,18,7,4,75,2,53,51,120,6,37,76,61,9,40,92,70,20,110,41,116,30,100,54,64,68,21,3,19,87,25,5,11,98,102,77,104,69,101,46,96,44,10,29,109,52,32,108,117,89,62,114,59,103,48,91,66,74,33,15,23,79,12,78,82,55,112,90,56,106,27,13,36,8,80,16,94,49,43,22,60,72,45,73,65,67,99,97,83,81,14,47,113,71,115,95,118,34,111,107,39,1,84,86,85,26,63,35,105,58,38,42,57,50,88,119,93,24,31,
0,8,80,91,41,68,30,102,3,7,70,39,28,23,57,6,44,99,34,114,92,4,5,11,22,56,111,38,117,42,112,116,106,17,71,89,115,55,72,86,1,46,59,36,88,35,76,107,113,66,54,29,52,83,81,51,61,78,13,105,2,77,85,48,26,16,33,53,25,96,32,43,109,45,95,24,40,69,93,12,50,87,101,98,27,103,74,67,60,108,79,110,65,49,118,20,21,100,63,73,10,62,18,19,9,82,94,58,47,84,119,14,31,37,64,15,97,104,120,90,75,
0,78,41,74,49,97,45,65,115,82,4,36,12,70,101,86,16,75,30,48,46,114,99,67,14,21,89,110,113,29,1,9,55,87,27,100,94,15,3,25,92,22,44,24,108,6,18,43,63,84,34,119,26,33,58,76,38,80,66,106,5,61,117,20,107,42,88,105,8,10,37,28,31,83,68,71,50,93,2,91,13,95,23,35,17,56,103,7,40,47,85,57,79,120,59,118,90,60,104,69,19,77,111,96,81,39,64,62,73,32,54,109,51,116,112,53,52,102,11,98,72,
0,23,62,63,111,22,49,93,74,100,99,80,83,95,35,26,117,97,69,114,33,101,67,81,64,10,48,82,14,56,31,41,86,85,120,78,92,104,105,36,119,79,38,24,68,87,40,17,108,39,12,5,27,76,42,70,54,30,116,77,28,18,55,13,9,60,16,84,52,107,73,29,44,53,96,71,19,37,1,118,32,113,94,7,61,110,4,75,51,89,45,20,21,3,91,50,34,88,98,15,2,6,58,66,106,90,59,8,43,57,102,103,115,65,72,25,112,47,11,46,109,
0,73,25,27,37,24,120,53,18,105,17,85,47,26,44,83,14,115,15,21,88,71,93,39,10,113,79,116,48,102,99,74,66,82,49,40,103,78,68,64,3,19,98,34,35,57,61,106,59,29,119,58,9,96,111,55,20,67,1,112,91,41,118,117,56,114,28,16,60,4,89,36,13,43,8,2,75,63,108,12,97,80,77,104,23,7,76,30,65,51,94,72,42,87,86,52,31,46,90,109,11,32,100,5,22,62,92,33,38,107,95,110,6,70,45,69,84,54,81,101,50,
0,86,76,46,11,83,103,107,2,85,41,13,39,120,47,40,35,89,28,67,65,70,109,42,33,113,64,118,73,21,57,62,53,24,52,7,38,1,36,79,31,58,55,60,49,6,94,100,26,105,82,68,16,91,93,50,48,95,119,101,71,14,56,20,34,9,81,66,30,116,69,75,19,110,17,61,108,72,74,8,92,104,54,10,4,97,78,99,43,37,117,80,98,59,18,96,3,114,32,23,27,87,25,44,84,88,112,115,45,15,51,77,5,90,12,63,106,29,102,111,22,
0,28,8,12,13,26,27,30,97,96,93,65,102,62,45,37,109,82,1,118,68,23,19,94,5,104,88,44,36,111,38,40,76,41,70,42,60,110,50,107,101,18,74,117,119,120,99,54,100,85,3,61,67,7,59,4,48,34,14,90,43,95,56,35,115,57,49,17,80,71,73,2,39,24,53,69,32,10,55,6,113,86,15,84,103,105,64,63,20,81,78,91,72,92,83,79,77,106,16,66,89,46,58,75,108,51,116,87,114,21,11,25,9,33,98,112,31,52,29,47,22,
0,104,19,119,66,40,64,113,8,91,120,82,60,68,26,36,30,45,46,25,102,117,76,18,51,78,55,14,99,109,57,80,83,90,93,29,49,1,23,112,87,86,53,43,2,13,67,114,70,24,103,98,52,75,111,58,5,27,116,115,56,38,63,7,85,32,54,41,69,9,108,101,95,72,71,15,3,16,28,6,4,84,42,34,107,94,77,35,12,11,79,65,10,61,106,39,74,100,81,62,88,110,22,105,118,89,73,92,20,48,97,50,33,44,31,37,21,47,17,59,96,
0,63,94,20,71,86,16,79,9,41,33,3,46,85,10,77,83,29,81,36,53,52,62,102,117,114,6,100,11,57,21,76,17,44,22,40,37,47,89,38,14,15,50,25,18,115,39,90,35,51,103,111,23,49,78,74,119,7,67,107,54,82,106,28,61,120,24,60,27,84,110,96,93,113,4,32,55,13,56,116,87,43,42,97,2,105,19,104,112,31,91,45,92,98,109,75,5,58,101,1,34,99,72,12,48,64,80,108,88,70,8,65,59,30,66,73,68,69,26,95,118,
0,69,117,33,54,92,120,100,48,118,28,16,10,34,62,15,96,43,106,32,12,49,111,71,109,5,75,70,103,86,115,85,20,35,79,40,119,74,60,64,80,7,63,51,14,83,6,104,41,66,29,25,88,108,112,93,1,101,105,67,22,11,42,107,52,89,38,37,13,87,102,45,65,68,110,23,4,113,84,17,8,82,94,3,81,73,47,98,95,53,57,61,24,76,50,99,59,55,18,26,30,116,44,56,77,114,27,46,78,39,36,21,2,97,31,58,9,90,72,19,91,
0,82,47,116,7,102,57,71,64,84,72,120,46,3,60,108,109,5,80,23,43,91,118,96,49,2,62,50,106,53,86,89,85,1,56,79,42,13,48,10,21,101,61,55,67,97,59,35,74,27,51,103,78,36,6,114,30,31,11,16,41,20,15,104,70,63,45,99,98,90,22,66,29,4,100,76,73,117,88,34,58,32,77,9,12,94,75,65,52,44,81,17,119,8,26,69,40,39,113,28,105,18,87,107,83,37,68,25,38,93,54,24,33,112,111,115,110,19,14,92,95,
0,69,73,53,76,19,99,8,117,115,17,66,21,55,58,42,113,101,68,102,59,24,41,118,1,65,95,43,26,12,33,98,119,7,18,89,37,120,30,35,54,36,48,88,38,51,79,82,104,45,5,90,61,63,106,32,49,47,9,77,4,111,46,103,75,100,110,112,78,3,91,116,93,85,105,15,23,92,74,40,108,56,114,64,27,25,80,6,29,84,60,96,71,14,62,67,10,31,57,22,97,50,107,86,72,20,81,109,70,34,11,39,87,16,44,94,52,13,28,2,83,
